2
1
1
500
-0.158868
-0.157123
0.00116292
-0.0124689
-0.248602
-0.0223818
-0.196378
-0.10524
0.0260641
-0.237168
-0.0332727
-0.0228035
-0.0486034
-0.221217
0.00596913
-0.0696316
0.320933
2.76623
-0.101072
-0.203202
0.0602333
-0.153004
-0.215319
0.586482
-0.0641843
-0.192676
0.00418683
-0.31349
-0.242372
2.75363
-0.057156
-0.160727
-0.00619556
0.00673669
0.0110411
-0.204519
-0.145408
-0.037142
-0.0226363
-0.668208
-0.0650775
0.0667799
-0.235431
-0.415298
0.0526875
-0.0808833
-0.235937
-0.0183418
-0.056096
-0.293002
0.0593202
-0.151732
-0.236549
0.0188731
-0.263134
-0.059939
0.368869
-0.0781877
-0.0837691
0.0062358
-0.226377
-0.125214
0.0354222
-0.124577
-0.123496
0.0096695
-0.18428
-0.10947
0.00632164
0.00504211
-0.0515765
-0.146312
-0.197939
-0.129796
0.00502847
-0.182272
-0.269359
0.0244395
-0.222542
-0.0433615
0.0537762
-0.172534
-0.125502
-0.0186031
-0.0661989
-0.177113
-0.0284119
-0.123957
-0.15501
0.0122667
-0.15758
-0.0348081
-0.0231591
-0.0525654
-0.290765
0.00786994
0.00847819
0.00518339
-0.163151
-0.0383521
-0.231682
0.0166471
-0.750737
0.551927
-1.60184
-0.321056
-0.0662382
0.0370865
-0.212319
-0.100733
0.0487494
0.503099
-0.506747
0.422907
-0.0746859
-0.337125
0.23915
-0.158199
-0.0373125
-0.0183177
-0.216904
-0.132798
0.00543755
-0.0624414
-0.210589
0.151752
-0.101431
-0.342847
-0.000825407
-0.188926
-0.141388
0.00583635
-0.196856
-0.138537
0.0195749
0.0112653
0.0022578
-0.154923
-0.345619
0.0822881
-0.927184
-0.0864619
-0.340511
0.292981
-0.00717966
-0.237687
-0.00142148
-0.160005
-0.171686
-0.0112321
-0.245191
-0.078399
0.0102782
-0.0635827
-0.160625
-0.00661267
-0.0328254
-0.139957
-0.014012
-0.104632
-0.0240176
-0.00627866
-0.282802
-0.287201
1.27449
-0.229575
-0.274476
0.0337927
-0.181308
-0.00991985
-0.137318
-0.128937
-0.00992362
-0.0607575
-0.0581029
-0.228284
0.04091
-0.0015925
-0.253063
-0.0239815
-0.216539
-0.0572076
0.0110208
-0.00417914
0.0129765
-0.129925
-0.131834
-0.0264647
-0.0106028
-0.00507449
-0.182586
-0.00285332
-0.213896
-0.101433
0.0336892
-0.103281
-0.126165
0.0446039
-0.113415
-0.020493
-0.0112481
-0.204564
-0.0424168
-0.0463106
-0.324058
-0.0483352
0.0138918
-0.200201
-0.260001
0.0243572
-0.300585
-0.0510041
0.407762
-0.0426466
-0.245937
0.00140013
-0.316893
-0.0512181
0.0103712
-0.0997419
-0.164239
-0.00188261
-0.166786
-0.106719
-0.015365
0.0185238
-0.0258237
-0.187863
-0.126862
-0.0207816
-0.0610862
-0.161559
-0.212998
0.881127
-0.244998
-0.431961
1.66198
-0.198992
-0.0836677
0.0624069
-0.246504
-0.0521742
0.0100755
6.9652e-05
-0.272169
-0.00133291
0.00579797
0.0122411
-0.187039
-0.0768076
-0.216522
0.0710921
-0.306854
-0.42159
0.128017
-0.173605
-0.118085
0.00358758
-0.0663776
-0.138885
0.0761315
-0.106364
-0.0546907
0.157029
-0.965359
-0.0889943
0.0842762
-0.042226
-0.252731
0.176159
-0.149989
-0.18152
0.684929
-0.0945318
-0.0473241
0.002055
-0.0972174
-0.33274
-0.0259618
-0.329082
-0.0812551
0.0073013
-0.134689
-0.222691
-0.00990061
-0.208651
-0.106707
-0.00522998
-0.562244
-0.124574
0.910537
-0.210574
-0.136086
0.00547551
-0.0479782
-0.393145
-0.0170364
-0.186272
-0.0117677
-0.13509
0.0114543
-0.0010382
-0.11729
-0.0922022
-0.35177
0.194548
-0.300716
-0.347904
0.177653
-0.110317
-0.0250629
0.130348
-0.176735
-0.116658
0.00987695
-0.141559
-0.116041
-0.00882037
-0.0973027
0.00281647
-0.0879428
-0.153548
-0.125192
0.00981911
-0.158472
-0.191127
0.0498219
-0.180564
-0.104381
0.00675483
-0.256238
-0.0487084
0.0123404
-0.0689976
-0.105787
0.00872921
-0.0642234
-0.17718
0.0118159
-0.149141
-0.0778737
0.0523274
0.00738676
0.0163029
-0.277985
-0.0872076
-0.106937
-0.0039996
-0.321836
-0.343975
0.0592751
-0.152977
-0.214474
0.915007
-0.183847
-0.0392143
-0.0151641
-0.0839689
-0.0242547
0.109462
-0.116453
-0.0236222
0.000754276
-0.174181
-0.106425
0.00764384
-0.146963
-0.0706705
0.195661
-0.213119
-0.180715
0.0288273
-0.0398903
0.0158153
-0.221289
-0.170068
0.00143312
-0.214833
-0.16381
-0.122105
-0.000675836
-0.0835727
-0.0617908
0.00461052
-0.0626106
-0.224726
0.0855978
-0.194427
-0.055066
0.18344
-0.476274
-0.0702644
0.627195
-0.288025
-0.0482705
0.385268
-0.310796
-0.0757756
0.0554642
-0.0468564
-0.357859
-0.0156711
-0.0868754
-0.146075
0.00362058
0.466217
-0.60077
-0.945506
-0.179581
-0.017741
-0.0860929
-0.103634
-0.0510117
0.148023
-0.312016
-0.103931
0.0461243
-0.185516
-0.0729315
-0.00211689
-0.191262
-0.169832
0.0283981
-0.527007
0.459336
-1.80129
-0.198879
-0.0291981
0.00280657
-0.172787
-0.0670363
-0.0115006
-0.0630194
-0.324828
0.00804254
-0.257881
-0.104329
0.0345781
0.0061072
-0.0139068
-0.0663715
-0.00679732
-0.297895
-0.00300346
-0.187551
-0.140623
-0.00205463
-0.206891
-0.0400708
-0.00582853
-0.351294
-0.0797086
0.474972
-0.0189379
-0.165192
-0.0141053
-0.0761948
-0.163635
0.168618
-0.191796
-0.0358322
-0.0244487
-0.202729
-0.0951345
-0.00468113
-0.094492
-0.0277998
-0.00728089
-0.0631041
-0.18013
-0.0130788
-0.567717
0.428652
-1.9602
-0.118871
-0.124608
0.0490502
-0.0521948
-0.244103
-0.0379972
-0.130625
-0.222271
0.764667
-0.151074
-0.145083
0.00411721
-0.234905
-0.0814269
0.00265794
-0.306112
-0.157874
0.318779
-0.524693
-0.151746
0.663773
-0.168602
-0.128043
-0.0210444
-0.172583
0.00746934
-0.198322
-0.380758
-0.120074
0.0035587
-0.154377
-0.0383348
0.00726925
-0.0771317
-0.0456414
0.127745
-0.534647
-0.212166
0.75381
-0.182092
-0.101525
0.00657137
-0.0558117
-0.205068
-0.0324035
-0.145566
0.0467688
-0.610158
-0.101111
-0.0907182
0.00119997
-0.0609726
-0.16388
0.0507592
-0.060431
-0.014412
-0.133329
-0.0729668
-0.226268
0.0436445
-0.248456
-0.210189
0.0482895
-0.353135
-0.3601
2.74205
-0.256301
-0.0766366
0.00789217
-0.155877
-0.218522
0.0192041
-0.047908
-0.278207
0.0897962
-0.360318
-0.07568
0.0372979
-0.215081
-0.0444057
-0.0234233
-0.00822383
-0.19079
0.179224
0.00680188
0.00522535
-0.146496
-0.0502976
-0.178234
0.0325223
-0.192008
-0.0623269
-0.00274404
-0.131458
-0.200555
0.703035
-0.149981
-0.103802
0.017216
-0.171425
-0.040768
-0.0264894
-0.537614
0.402176
-1.81343
-0.193787
-0.139785
0.0195213
-0.124592
-0.0569084
0.16936
-0.0933434
-0.157847
0.0019621
-0.180147
-0.262811
-0.00731285
-0.179942
-0.0662057
-0.0241532
-0.159661
-0.037849
-0.044251
-0.209197
-0.0359511
-0.0393922
-0.207017
-0.101006
0.0257507
-0.287165
-0.0804123
0.0118173
-0.0994288
-0.0587386
-0.0192384
-0.0829564
-0.202829
-0.00761807
-0.105826
-0.104348
0.0374258
-0.247324
-0.0776265
0.0532371
-0.0894148
-0.197679
0.024981
0.00720466
0.0313085
-0.413616
-0.283592
-0.0599421
-0.0213165
-0.00928458
-0.0114553
-0.232759
-0.124651
-0.0617399
-0.0162006
-0.208223
-0.173033
0.0669938
-0.177183
-0.0482536
-0.000230909
-0.129578
-0.00739718
-0.0531436
-0.324424
-0.0672655
0.0392442
-0.146732
-0.154948
-0.00594861
-0.0731131
-0.147681
-0.0103237
-0.386191
-0.0494751
0.0180955
-0.192605
-0.316974
0.314414
-0.186834
-0.129084
0.00604797
-0.118038
-0.0426729
-0.00343082
-0.175661
-0.0645031
0.00416772
-0.00362847
0.0241071
-0.24954
-0.158922
-0.230582
0.0190153
-0.16028
-0.106739
-0.00108155
-0.0095269
-0.197955
-0.000311736
-0.111645
-0.124473
0.0338831
-0.141165
-0.0735651
0.0283322
-0.197256
-0.101556
0.00514779
-0.0507412
-0.202999
0.0471795
-0.154695
-0.165704
-0.00651025
-0.247372
-0.353562
0.0440264
-0.245609
-0.0525672
0.347036
-0.244966
-0.0824636
0.00132972
-0.206305
0.0186238
-0.485486
-0.190285
0.00135444
-0.0161791
-0.252861
-0.130842
-0.00753645
-0.258493
-0.0454566
0.340311
-0.132618
-0.136494
0.00871471
-0.12951
-0.160361
-0.0159847
0.0207545
-0.0282843
-0.218283
-0.0196828
-0.258129
-0.0178295
-0.0959274
-0.22066
-0.026342
-0.12773
-0.106872
-0.00953269
-0.23981
-0.266342
0.0999258
-0.328859
-0.277409
0.0305569
-0.645036
-0.298626
1.37498
-0.269892
-0.125971
0.0504325
0.13347
-1.98021
1.65956
-0.138863
-0.0249036
-0.00157705
-0.179328
-0.153557
-0.0177769
-0.0787668
-0.0515921
0.130916
-0.126344
-0.183304
0.0102951
-0.138328
-0.103538
-0.014898
-0.0996035
-0.0391309
0.102813
-0.207813
-0.0151475
-0.0866429
-0.147219
-0.111214
0.00233288
-0.130128
-0.096608
0.00852397
-0.0613035
-0.188806
0.222702
-0.16695
-0.234029
0.683446
-0.0514819
-0.38441
0.00615733
-0.135142
-0.0370433
-0.0171747
-0.248503
-0.0502263
0.307261
-0.135254
-0.166132
0.00995701
-0.174356
-0.235858
1.03463
-0.104192
-0.0898057
-0.00104969
-0.129422
-0.0791668
0.0317709
-0.229403
-0.20338
-0.00452359
-0.24311
-0.115988
0.0369381
0.00501725
0.0169328
-0.219219
-0.597857
-0.163078
1.54039
-0.184288
-0.105387
0.00632201
-0.131249
-0.0363169
-0.027085
-0.000965554
-0.278598
-0.0309586
-0.149417
-0.0637634
0.00343607
-0.218987
-0.0996541
-0.0236477
0.0207925
-0.00235468
-0.264798
-0.125451
-0.108314
-0.000171322
-0.156699
-0.21282
0.017764
-0.000247387
-0.261849
-0.023605
-0.266317
-0.0623088
0.00690303
-0.137942
-0.0631153
0.226033
-0.14035
-0.186818
-0.0133329
-0.020651
-1.22564
2.09721
-0.100865
-0.0977844
0.0192676
-0.109134
-0.190147
-0.00818391
-0.17235
-0.0369216
-0.0315913
-0.262009
-0.0476657
-0.000739239
-0.0684562
-0.157594
-0.0110018
-0.241384
-0.0579586
0.0203358
-0.260025
-0.0661707
0.00430635
-0.163682
-0.219392
0.613904
-0.217382
-0.222672
0.0420593
-0.19954
-0.188599
0.0712539
-0.155637
-0.206435
0.798818
-0.0588463
-0.240898
0.0111166
-0.172776
-0.139655
-0.0113596
-0.117802
-0.190928
0.62972
-0.243177
-0.0899356
0.0183054
-0.19679
-0.0395958
0.163769
-0.30499
-0.0815774
0.0723308
-0.278154
-0.0666625
0.0189945
-0.0915784
-0.122169
0.0314706
-0.180298
-0.124397
0.0115196
-0.0770364
-0.227372
0.00169015
-0.358609
-0.302975
0.0320754
-0.215747
-0.241145
0.0678334
-0.160673
-0.0311951
-0.0368741
-0.193573
-0.119084
0.00543446
-0.259798
-0.12534
0.0483567
-0.0223985
-0.243002
-0.0434121
-0.114153
-0.145837
0.123325
-0.231236
-0.0736413
0.306859
-0.105623
-0.023946
-0.00679791
-0.203528
-0.0752373
0.016657
-0.226517
-0.116751
-0.00352233
0.000854739
0.0157409
-0.165031
0.00673069
0.0141741
-0.212399
0.0416502
-0.233372
-0.491415
-0.108715
-0.142156
0.0578109
-0.0461374
-0.259656
0.00133998
-0.266019
-0.00309667
-0.231707
-0.0528289
-0.256997
-0.0357837
-0.0757004
-0.36047
0.0413916
-0.234313
-0.222471
0.035976
-0.0745153
-0.354078
0.115679
-0.289597
-0.0711755
0.0420797
-0.20046
-0.253555
0.0243567
-0.211125
-0.0378052
-0.0287439
-0.14364
-0.0586868
-0.00400372
-0.226785
-0.0701395
0.00352211
-0.193217
-0.116811
0.0452589
-0.218163
-0.0695511
0.0589654
-0.205128
-0.24572
0.00358732
-1.41316
0.172322
-0.0590039
-0.232025
-0.294222
0.0028522
-1.15651
-0.164372
0.217756
-0.204515
-0.209492
0.065042
-0.217606
-0.0663158
0.063232
-0.0774764
-0.370247
0.263064
-0.339575
-0.428727
0.163135
-0.179418
-0.0632417
0.0290422
-0.182717
-0.0739748
-0.0180198
-0.0422868
-0.136861
0.0213973
0.0128613
-0.00220545
-0.191956
-0.201519
-0.374244
0.920378
-0.085415
-0.124725
-0.0110332
-0.0509259
-0.293518
-0.0157728
-0.302044
-0.0619324
0.0374311
-0.585807
0.455108
-2.06514
-0.105668
-0.115875
-0.00172298
-0.258254
-0.0782497
-0.00831658
-0.0578788
-0.215254
0.0539297
-0.280542
-0.368603
0.119677
-0.230589
-0.0222865
-0.00108458
-0.00252373
-0.242549
-0.0138727
-0.186474
-0.189935
0.0282889
-0.0759337
-0.0396559
0.135399
-0.0930776
-0.118626
0.00494699
-0.172286
-0.104281
0.00795227
-0.205089
-0.153183
0.0115371
0.014984
-0.0387808
-0.18321
-0.0856079
-0.0240154
0.153685
-0.101668
-0.164447
-0.00284508
-0.101708
-0.318665
0.00755921
-0.0729427
-0.138599
0.0493772
-0.166993
-0.23623
0.699849
-0.278146
-0.339695
0.0818163
-0.0580894
-0.261728
0.0285909
-0.1246
-0.0336443
-0.02416
-0.0536069
-0.238645
-0.0352302
-0.636673
0.456001
-1.94175
-0.178229
-0.127123
-0.0187303
-0.0800161
-0.033463
-0.00441914
-0.0888734
-0.238049
0.0351925
-0.13736
-0.179862
-0.0142575
-0.00315874
-0.381855
-0.0174868
-0.320027
-0.348277
0.110323
-0.0679506
-0.380286
0.318969
-0.141413
-0.18795
0.0378543
-0.160472
-0.208658
-0.00380863
-0.0835287
-0.211907
-0.0284495
-0.112302
-0.118052
-0.00655139
-0.950533
-0.147749
0.170007
-0.0597706
-0.257739
0.153602
-0.17528
-0.162108
0.0535943
-0.0803843
-0.206249
0.0253538
-0.296686
-0.0614864
0.0635833
-0.164815
-0.16153
-0.00718447
-0.19554
-0.00401486
-0.295499
-0.331682
-0.0689341
0.443174
-0.0664954
-0.176135
0.0885778
-0.335799
-0.077292
0.484029
-1.14922
0.271591
1.03677
-0.179439
-0.0374247
0.00254151
-0.301049
-0.0577745
0.0211935
-0.000100443
0.0116927
-0.130488
-0.209481
-0.043635
-0.00585483
-0.0297883
-0.475378
0.0826326
-0.194013
-0.139784
0.0195257
-0.14938
-0.0626076
-0.00073856
0.243859
-1.53764
-0.662041
-0.265338
-0.0158664
-0.224771
-0.162481
-0.0588663
0.203314
-0.189473
-0.0710803
0.0535631
-0.0845587
-0.0702419
-0.00481954
-0.051541
-0.293755
0.00038527
-0.108274
-0.0577033
0.140632
-0.185845
-0.226377
0.91593
-0.0440666
-0.352118
-0.00520334
-0.0848336
-0.387612
0.0474366
-0.232817
-0.16368
0.0487926
0.0273291
0.0160586
-0.560168
-0.386533
-0.094172
0.492336
-0.11173
-0.0670104
0.127306
-0.233149
-0.165032
0.0291175
-0.237163
-0.0457703
0.333523
-0.321683
-0.0519156
0.417246
-0.0776537
-0.285919
-0.0030725
-0.0502964
-0.241967
0.038288
-0.189284
-0.0874565
-0.0224892
-0.18157
-0.013105
-0.137487
-0.203201
-0.00666774
-0.279073
-0.0367003
0.0166438
-0.258162
-0.194659
-0.206829
0.0926819
-0.187317
-0.135575
0.00599658
-0.229149
-0.230556
0.00563759
-0.233443
-0.127833
0.00274035
-0.131827
-0.066212
-0.0129127
-0.317896
-0.0459171
0.0206988
-0.096176
-0.0682408
0.0136813
-0.0641218
-0.414094
0.00810618
-0.242996
-0.0398857
-0.0266477
-0.227387
-0.177522
0.0290449
-0.113537
-0.0490864
0.166373
-0.0587994
-0.197582
0.0530919
-0.0730292
-0.270404
0.133303
0.0128061
-0.0228727
-0.138138
-0.192983
-0.0900909
0.0132825
-0.172002
-0.20736
-0.00726159
-0.180746
-0.145543
0.00671413
-0.274831
-0.0476897
0.00543423
-0.276539
-0.294957
0.0440445
-0.14525
-0.062603
-0.00931218
-0.287015
-0.19408
0.04238
-0.0939763
-0.0721522
-0.0176081
-0.898439
0.107169
1.45122
-0.352885
-0.074049
0.493219
-0.173906
-0.0493171
-0.000978251
-0.502441
-0.224873
1.94061
-0.136363
-0.103995
0.00129692
-0.776609
-0.0616978
0.276122
-0.28914
-0.0720611
0.0520125
0.0195679
-0.0376615
-0.271322
-0.122606
-0.00499333
-0.0465315
-0.0414005
-0.244314
0.176396
-0.204994
-3.5042e-05
-0.290412
-0.104477
-0.197411
0.47
-0.164665
-0.166769
-0.00193501
-0.173213
-0.185069
0.278297
-0.213994
-0.0574071
-0.00242411
-0.0486909
-0.166338
0.0213286
-0.0966075
-0.129136
0.0286983
-0.396655
0.380766
-1.83508
-0.0797289
-0.246279
-0.0188513
-0.0687996
-0.161132
0.0330429
-0.180382
-0.172023
0.0303204
0.00139079
0.0150916
-0.195151
-0.128004
-0.203649
0.00517925
-0.0531563
-0.492375
0.104171
-0.0891068
-0.0768797
0.0181779
-0.193612
-0.133544
0.00541496
-0.141263
-0.0656299
0.219802
-0.184251
-0.257671
1.11742
-0.191987
-0.227359
0.737428
-0.339575
-0.0732174
0.0420909
-0.158597
-0.156873
0.0201448
-0.0957153
-0.173998
0.000392478
-0.173796
-0.237555
0.0607233
-0.117157
-0.0267187
-0.00647648
-0.294329
-0.0611081
0.0233559
-0.183663
-0.0500348
-0.00841883
-0.14543
-0.0220151
0.120287
-0.170831
-0.117451
0.00261705
-0.0807932
-0.363283
0.24845
-0.150277
-0.172574
0.785416
-0.0832462
-0.0356696
-0.0535036
-0.263756
-0.0436889
0.0114795
-0.00572763
-0.024313
-0.0595393
-0.0909477
-0.136617
0.0130856
-0.267856
-0.0534135
0.389303
-0.420053
-0.0830528
0.569157
-0.139764
-0.0204667
-0.0924471
-0.0677363
-0.263527
0.0108129
-0.180467
-0.149838
0.00674587
-0.180165
-0.0363415
0.228813
-0.107831
-0.305626
0.00310327
-0.178425
-0.0430613
0.253168
-0.251887
-0.0471002
0.339524
-0.440434
-0.0832119
0.586143
0.000746678
0.0587194
0.0100996
0.0202496
0.00970199
0.451698
0.0768521
0.219918
0.0315819
0.121366
-0.00180673
-0.00142863
-0.0292373
-0.0496963
-0.0286925
-0.0164046
0.102116
0.00437025
-0.175973
-0.0298355
-0.0034354
0.00459827
0.00268219
0.0184459
-0.0067818
-0.0342087
-0.0559188
0.0261585
-0.0127622
-0.00175171
-0.0241789
0.0281143
-0.00180284
-0.0343941
-0.194473
-0.0406114
-0.02692
0.164855
0.0973006
-0.0260848
-0.0187269
0.0367582
-0.0251122
-0.000596336
-0.0405695
-0.00140764
0.0361615
0.189535
0.0257579
0.025045
0.0101331
0.0136018
-0.0382644
0.00313365
0.345572
-0.0141999
-0.0131437
0.0224822
0.0632856
0.0505989
-0.0116808
-0.00571923
-0.000995761
0.00595836
0.0071974
0.040737
0.0217944
-0.0461827
-0.0076109
-0.0533755
-0.127786
0.0305567
-0.00624993
0.0125504
0.00615154
0.0088433
0.0145469
0.0870025
0.300711
-0.0769133
-0.0305336
-0.000511991
-0.00931498
0.0201566
-0.00684026
-0.0282163
0.0543385
-0.0959155
-0.0404478
0.197321
0.114914
-0.0227305
-0.0323429
-0.0585775
0.02659
0.0211549
-0.0298783
-0.00918776
0.020519
-0.0117002
-0.00499991
0.297592
0.00246402
-0.105669
-0.0105535
0.030907
0.0387261
0.0124806
0.00803841
0.00534423
-0.0248629
0.0416521
0.00918252
-0.0117864
-0.0303317
0.0198284
-0.0159497
0.0997263
-0.0500321
-0.108239
-0.0183641
0.00996108
-0.10069
-0.0660792
0.00207421
-0.0170629
-0.00690446
-0.0171349
0.0382768
-0.0551685
-0.200812
-0.132073
-0.10229
0.0279315
0.00372865
-0.0667168
0.000782121
-0.0726109
-0.0621793
0.0202905
-0.0428003
-0.0648525
-0.0853072
0.0188241
-0.0281751
-0.00414925
-0.00421617
-0.0466782
-0.0233161
-0.0700616
-0.162661
0.0348484
0.0463938
-0.0429978
-0.0220168
1.15099e-05
-0.0013723
-0.100158
0.0242388
-0.00461087
0.210941
0.017623
-0.00774635
-0.00594423
-0.0358968
0.028026
-0.000763126
0.000931001
-0.00230996
-0.0664857
-0.159809
0.00426456
-0.0233734
-0.00279164
0.0213461
0.056637
0.0038026
0.0215279
-0.137974
-0.508249
0.00142141
-0.000690256
0.0870147
-0.0515644
0.0230032
0.185612
-0.00603654
0.0347431
0.0225298
0.243592
-0.030569
0.0626543
-0.0706301
-0.0374475
-0.196982
0.0169664
0.000287117
-0.0592645
-0.00639189
-0.0303294
0.00948318
-0.0100986
0.00484915
0.00219239
0.0136372
-0.108295
0.0252976
-0.0828864
0.000613316
0.0259218
0.00799124
-0.0278955
-0.0123464
0.0302289
-0.0202447
0.00849944
0.0229635
-0.0244812
-0.0516291
0.00085029
0.00144797
0.000187467
-0.0101288
-0.00360452
-0.0146986
0.0293847
0.00663072
-0.0279155
-0.00623985
0.0490726
0.0264428
-0.0142707
-0.131721
-0.000731723
-0.0159743
-0.0599018
0.0213075
-0.222515
0.00234049
0.00887319
-0.010595
0.0279821
-0.0209797
0.0196321
0.000153575
-0.0374696
0.0453542
-0.00978166
-0.905455
-0.0285781
0.0229636
-0.0711918
0.00177695
0.00084027
-0.084566
-0.0221278
-0.00158755
0.0122635
0.0120838
0.177127
0.0362278
-0.0198551
-0.120531
-0.0117117
0.0476449
0.0196473
0.011225
0.0292383
-0.00866559
-0.0157735
-0.0989255
0.00269152
0.0134342
0.0502685
-0.030214
0.0205059
-0.0122753
0.00321394
0.00165463
0.0521798
-0.003523
-0.119176
0.026314
0.554465
-0.00232836
0.00629563
-0.0505256
-0.0403361
0.0134536
-0.00136113
-0.00360011
0.128252
0.0148025
0.0142121
0.185168
0.0160504
0.0198007
0.106128
-0.012681
-0.061333
-0.0285348
-0.0244742
0.0469904
-0.0161943
0.00762154
-0.0163803
-0.0201325
-0.0244737
-0.00369701
-0.0609777
0.0273675
0.158631
-0.0619048
-0.0181315
0.00762575
0.0212708
-0.0084407
-0.0131933
0.0122145
0.0286132
0.00554945
0.00482274
-0.0214207
0.0220716
-0.10219
0.0422023
-0.0559026
-0.0534853
-0.0713987
0.00882216
0.0135988
0.00568413
-0.0197853
-0.0151307
0.44817
-0.0741941
-0.0398856
-0.0136984
-0.0240465
0.172454
-0.00897265
0.00144858
0.0242037
0.00251918
-0.00500747
0.120022
0.0159536
-0.00292112
-0.103544
-0.279163
0.0189191
-0.00563776
0.0169967
-0.0223911
-0.0394481
0.0430181
-0.0378106
-0.072582
0.00801884
0.011368
-0.00692742
-0.022905
-0.158262
0.0112392
-0.0214652
0.0103954
0.15215
-0.0262487
0.0246764
-0.0132113
-0.0221726
-0.147428
0.0177255
-0.0306652
0.0719825
0.0166448
0.0723471
-0.00759853
0.126267
-0.00325087
0.0236646
-0.0258825
0.014346
-0.0333719
0.207829
0.016512
0.00442739
-0.0370911
0.0220031
-0.0164601
-0.117495
0.0289856
-0.102077
0.25771
-0.0197305
-0.00253828
-0.00446409
-0.00618011
0.0148657
-0.0376917
0.0158382
1.29483
-0.0209219
-0.119555
-0.0599491
0.0050886
-0.0175257
-0.0502394
0.214915
-0.0285962
-0.0188378
0.000436931
-0.137102
-0.256061
-0.0208648
-0.0886599
-0.168641
-0.181734
0.0179477
0.000644466
0.0244928
-0.0141752
-0.0317144
-0.00886569
-0.0301157
0.000502445
0.0302003
-0.0230882
-0.0175619
-0.0143
-0.0020824
0.0178257
-0.11446
-0.0821862
-0.103642
0.0268744
0.0801247
0.00539789
-0.024074
0.00887647
0.00495785
0.0202115
-0.0244467
0.0143751
-0.0231466
0.0158524
0.105822
-0.0839498
-0.0303221
-0.0899656
-0.0266899
-0.12625
-0.030067
-0.0254817
0.0311408
0.0305405
-0.0106364
0.274749
0.0314852
-0.0583486
0.0209507
0.00497142
0.0204444
-0.0479873
-0.020653
0.0215387
-0.0236211
-0.00861622
0.020941
0.00566862
0.0133587
-0.00373025
-0.10176
0.191836
0.106366
-0.0144171
0.0012984
0.0151033
-0.00857126
-0.0273137
-0.0140104
0.00989455
-0.0816813
-0.0137537
0.0741843
0.0679947
0.0221575
0.0211243
-0.00094425
-0.025649
-0.179558
-0.0865906
0.0105298
-0.0205294
0.00511871
-0.172193
-0.0355097
-0.132167
-0.111593
-0.153522
3.64412
