3
3
8
103
53
4
5
4
5
4
300
1
0
0
20
0
1
0
20
0
0
1
20
-0.055164
0.104313
-0.0666623
0.164546
0.0283821
0.122374
-0.119355
0.184324
0.141188
-0.0564243
-0.136574
0.226201
0.0883436
0.0256075
-0.0461954
0.213158
0.148475
0.0989497
-0.0362093
0.223964
-0.019043
0.0615025
-0.00347249
0.0978725
0.150845
0.206012
0.113571
0.204258
0.0453164
0.179789
0.00441235
0.199611
-0.0861846
0.0667672
-0.104027
0.0809459
0.0919367
-0.230802
0.012029
0.169025
0.078751
-0.0349656
0.00619891
0.223671
-0.021043
0.197228
-0.0915364
0.226131
0.0771296
-0.0532137
0.086324
0.112301
0.0559865
-0.00691723
-0.105167
0.189252
0.00488159
0.0248487
-0.104485
0.137031
0.0536865
0.120872
-0.158201
0.183894
0.0830158
0.0246876
-0.117969
0.232437
0.154319
-0.0403417
-0.0725681
0.203468
-0.00927944
0.0836501
-0.120285
0.20247
0.174169
0.0292759
0.00579535
0.177111
-0.0462752
-0.0368661
0.199172
0.165933
0.0569858
0.121039
0.0696285
0.197943
-0.0109111
0.106021
-0.134391
0.201084
0.0950521
0.111116
-0.200253
0.217313
-0.0987489
-0.0464372
0.0709911
0.0689044
0.104171
0.0158957
-0.217748
0.455879
0.0586452
0.0432158
-0.193121
0.194371
0.161877
-0.453266
-0.222491
0.547349
0.115685
0.0933939
-0.21665
0.206048
0.196062
0.118033
-0.15557
0.224671
0.06093
0.197663
-1.62133e-05
0.196874
-0.0492067
0.125613
-0.133926
0.1832
0.0812099
0.195884
0.0122471
0.195941
0.0750794
-0.271857
0.102254
0.240123
0.062594
0.000236481
-0.18948
0.231324
0.130618
0.0124377
-0.20465
0.407356
0.159073
0.0971234
-0.0309619
0.17891
0.223145
0.0518169
-0.150704
0.164965
0.034473
0.123588
0.0416487
0.110844
0.0810846
-0.167234
-0.127167
0.260186
0.117955
0.0862494
0.0189992
0.222804
0.0295446
-0.0532704
-0.00994633
0.0865087
0.0974425
-0.0876936
0.019451
0.10774
-0.0379626
-0.102794
0.0804123
0.155712
0.0953017
0.101207
-0.0020553
0.103775
-0.0924728
0.02155
0.0168124
0.102607
0.097616
0.0673806
-0.0863179
0.202397
0.0642863
0.114902
-0.0214516
0.20052
0.00813067
0.0525293
-0.191307
0.183225
0.0089551
0.0693949
-0.0675021
0.20138
0.0429227
-0.0534669
-0.0252597
0.117348
-0.074055
-0.128635
-0.0290849
0.0992074
-0.0670316
0.0950259
-0.232345
0.24762
0.0186114
0.142961
-0.0505114
0.195352
0.204238
0.157727
-0.0929706
0.209869
0.00325624
0.128266
-0.169122
0.183045
-0.00128366
0.133539
-0.00976599
0.227823
0.111015
0.00726439
-0.0852116
0.233969
-0.0701818
0.239971
-0.256385
0.20302
0.144177
-0.0623308
-0.0831872
0.262222
-0.0282607
0.00807202
0.14141
0.0955484
-0.0425742
0.195639
-0.0158299
0.200953
0.206324
0.143089
0.00329176
0.175449
0.117182
0.0598406
-0.155019
0.203635
0.0307092
0.0888049
-0.0124039
0.181767
0.0597803
-0.146774
0.0282478
0.216452
0.0926098
-0.191874
-0.038248
0.209891
0.0159598
0.185622
-0.188389
0.20677
0.179716
-0.208122
-0.148297
0.427221
0.0625717
0.207492
0.0679073
0.216753
0.137046
0.158379
-0.0327221
0.228458
-0.14795
-0.0179027
0.0958609
0.0791527
-0.0404597
-0.0955542
0.206071
0.14697
0.0420701
0.0780485
-0.028963
0.199498
0.209521
-0.00367217
-0.100214
0.197621
-0.0737992
0.0814349
-0.0203332
0.118873
-0.0265209
0.0509165
-0.116815
0.139874
0.0533296
-0.0981449
-0.0946882
0.0905279
-0.0784217
0.046877
0.0308517
0.0890112
0.180679
-0.0360222
-0.195973
0.374609
0.14275
0.217708
0.0715182
0.212742
0.0169022
0.0972433
-0.191529
0.323593
0.127973
-0.423537
-0.191623
0.461862
-0.0266904
-0.098981
-0.0136462
0.0871878
-0.036489
-0.0820092
0.182319
0.17023
0.0850497
0.0275606
-0.0833811
0.191103
0.00160661
0.00194741
-0.114694
0.17942
0.17107
0.0315318
-0.0509942
0.17546
-0.0513276
-0.0188004
-0.0658304
0.0679635
0.119882
0.119816
-0.0995188
0.168613
0.0556312
0.0250544
-0.153279
0.268848
-0.0840805
0.155386
-0.106027
0.0892469
0.207893
0.0406821
-0.197172
0.205339
0.29711
-0.498644
-0.160251
0.332187
-0.0547896
-0.134339
-0.090176
0.0936008
-0.00749869
0.183024
-0.151872
0.182137
0.147607
-0.242911
-0.113327
0.301832
0.0230247
0.0362067
-0.147521
0.196085
0.0696119
0.0943639
-0.0123549
0.189602
-0.0263748
0.229185
0.106448
0.17908
1
0
0
0
0
0
0
0
0
0
0
0
0
0
0
0
0
0
0
0
0
0
0
0
0
0
0
0
0
0
0
0
0
0
0
0
0
0
0
0
0
0
0
0
0
0
0
0
0
0
0
0
0
0
0
0
0
0
0
0
0
0
0
0
0
0
0
0
0
0
0
0
0
0
0
0
0
0
0
0
0
0
0
0
0
0
0
0
0
0
0
0
0
0
0
0
0
0
0
0
0
0
0
0
0
1
0
0
0
0
0
0
0
0
0
0
0
0
0
0
0
0
0
0
0
0
0
0
0
0
0
0
0
0
0
0
0
0
0
0
0
0
0
0
0
0
0
0
0
0
0
0
0
0
0
0
0
0
0
0
0
0
0
0
0
0
0
0
0
0
0
0
0
0
0
0
0
0
0
0
0
0
0
0
0
0
0
0
0
0
0
0
0
0
0
0
0
0
0
0
0
0
0
0
0
0
0
0
0
0
1
0
0
0
0
0
0
0
0
0
0
0
0
0
0
0
0
0
0
0
0
0
0
0
0
0
0
0
0
0
0
0
0
0
0
0
0
0
0
0
0
0
0
0
0
0
0
0
0
0
0
0
0
0
0
0
0
0
0
0
0
0
0
0
0
0
0
0
0
0
0
0
0
0
0
0
0
0
0
0
0
0
0
0
0
0
0
0
0
0
0
0
0
0
0
0
0
0
0
0
0
0
0
0
0
-0.1217
0.036782
0.0451489
-0.0546601
-0.0268205
-0.0456199
0.0249074
-0.00118566
-0.0487652
0.0456432
-0.0462871
0.00572746
0.0511041
0.0329224
0.0732516
-0.137269
-0.0201473
-0.0275556
-0.174681
-0.134776
-0.0835684
0.081525
-0.0634815
-0.0374996
0.0130794
0.0392818
-0.015295
-0.147247
-0.0880416
-0.0941491
-0.000637484
-0.0518779
-0.0231377
-0.0188258
-0.191728
-0.0525478
-0.0382842
0.0933761
0.00984136
0.103272
0.0933904
0.078785
0.0292807
-0.187607
0.00453769
-0.00241498
-0.164597
-0.171954
-0.160758
0.00610378
0.0238626
-0.0357199
0.0294909
0.00398848
-0.00637226
0.149129
-0.0148407
-0.0146598
-0.0152769
0.0884157
-0.0841348
-0.0113627
0.0573478
-0.0445525
-0.00296757
0.111612
0.0350617
-0.0425481
0.0044325
-0.148472
0.124594
0.0486129
-0.101324
0.0528602
0.01289
-0.0600584
0.00461702
-0.0725627
0.0389138
-0.0909481
0.0508882
0.0561059
0.0502662
-0.0236595
0.0263844
0.129569
-0.115768
-0.0365308
-0.0380698
-0.15821
0.0158797
0.0303338
0.137504
0.165609
-0.0621544
-0.00171787
-0.055396
-0.031504
0.133412
-0.0537091
0.0857437
0
0
0
-0.0356729
-0.0699386
0.0705566
-0.0798419
-0.0755023
-0.0781208
-0.0447146
0.00134733
0.0237362
-0.110651
-0.133345
0.110562
0.0623977
-0.112936
0.00841223
0.0761438
-0.0723302
-0.0898848
0.0390123
-0.00881965
0.0272387
0.0424943
0.0893485
-0.0398153
0.0733013
0.101099
-0.0141726
-0.109671
-0.0129308
-0.0396613
0.0372103
-0.138071
0.0721292
-0.063977
-0.0526664
-0.0580655
-0.0733018
0.00803765
-0.0859032
0.0147628
0.0589218
0.13086
-0.0380231
-0.16042
-0.0255754
0.0235127
0.107884
0.0958834
0.0170757
0.0371559
0.026406
-0.0293515
-0.0593428
-0.0436013
-0.01374
0.0495726
-0.118956
-0.0719221
-0.126711
-0.00118949
-0.0503808
-0.00622941
-0.114575
0.110763
-0.0117929
0.05193
0.130096
-0.0261209
0.102353
-0.0372688
-0.175079
-0.0922877
0.0459693
-0.00507794
-0.0478529
-0.00223604
-0.0908735
0.071788
0.00613175
-0.107655
-0.0498575
0.14065
-0.169286
0.104223
-0.135586
0.145913
0.00436885
-0.0448309
0.00748011
-0.0525209
-0.0920503
-0.0484847
-0.142877
0.0360565
-0.136477
-0.0203747
0.071304
-0.0775631
0.00867588
-0.113248
0.0896984
0
0
0
0.115017
-0.0969133
0.00580203
0.131737
0.0116323
-0.106333
-0.080822
0.0420628
-0.0737979
0.0303433
0.142301
-0.00974675
-0.0139031
0.0453412
0.217119
0.0913792
0.175877
0.0260778
-0.0236394
0.108356
0.0155131
0.0634066
-0.0853258
-0.0711502
0.0538145
0.279394
-0.00859291
0.11269
0.0860368
0.187692
-0.0594247
0.152736
0.0409197
0.123734
0.0874285
0.132483
0.183139
0.0587295
0.122502
0.0641599
0.0504578
-0.0056821
0.0126626
0.149525
0.105063
-0.127962
0.0923324
-0.0552282
0.0546167
0.19674
-0.00610472
-0.133086
0.0839797
0.0422971
0.202546
-0.023292
0.198133
-0.0230622
0.0963318
0.0825686
0.193167
-0.0555204
-0.0451461
0.0153052
0.101937
0.125971
0.0988099
0.22663
0.3627
0.098673
0.0452295
0.0180401
0.0907307
0.0133938
0.0341435
-0.136469
-0.0605082
0.187424
0.0568119
0.418009
-0.0352563
0.0942907
0.0903023
0.0303551
0.0578339
0.0152793
0.221072
0.173675
0.213956
0.118754
0.243207
-0.0512686
0.0227796
0.333093
-0.0726939
0.0637019
0.189853
0.100749
-0.0811339
0.0995485
0.164019
0
0
0
0.293409
0.170848
0.219348
0.337838
0.24879
0.334586
0.251294
0.217516
0.0914543
0.663632
0.38075
0.306665
0.438447
0.415995
0.18567
0.0287255
0.146787
0.177315
0.239595
0.162019
0.439678
0.354506
0.251315
0.176886
0.195995
0.391931
0.129776
0.42876
0.153746
0.211541
0.145858
0.160161
0.180319
0.928528
0.123489
0.17256
0.169673
0.151813
0.0186022
0.386068
0.155335
0.330381
0.345741
0.748709
0.343579
0.704972
0.317724
0.27469
0.334723
0.344843
0.420669
0.441802
0.215297
0.0674586
0.325686
0.138577
0.419318
0.154964
0.348395
0.125209
0.178427
0.234409
0.188703
0.229279
0.237878
0.651421
0.493382
0.0285249
0.348827
0.19852
0.193211
0.260979
0.204901
0.289891
0.324145
0.44173
0.159044
0.141858
0.255478
0.323194
0.248898
0.158824
0.47823
0.433065
0.389485
0.0690164
0.284005
0.278568
0.217231
0.307161
0.270554
0.141895
0.304602
0.581894
0.547193
0.142594
0.459354
0.159073
0.212773
0.12612
0.443371
0
0
0
0.135043
0.19075
0.162154
0.204634
0.0988295
0.0100421
0.199358
0.0240295
0.014167
0.0852609
-0.127968
0.10961
0.183
-0.051361
0.0100966
-0.0238749
0.259934
0.116599
0.149205
-0.0613201
0.113897
-0.0226763
0.0131665
-0.0862607
0.0416681
0.230391
0.0402931
0.159974
0.050691
0.0556436
0.0291495
0.00236558
0.0235039
0.184178
0.23072
0.269183
0.0931169
0.0797451
0.164384
0.283148
0.192002
0.0337829
0.165231
0.2477
0.162671
0.0105344
0.160692
0.0550393
-0.00560926
0.230668
-0.0837482
0.0566548
0.0592936
0.0366803
-0.000843862
0.122187
0.0896151
-0.0194848
0.198143
0.15091
0.0570257
0.0791266
0.198277
-0.0924178
0.0454121
0.0048767
-0.0550461
0.156189
0.168869
0.0655559
0.07767
-0.0474481
0.034009
0.129662
0.106451
0.106316
0.164226
0.101157
0.168407
0.329436
-0.0944731
0.226985
0.179316
-0.00519937
-0.0367228
0.00824323
0.044757
0.16009
-0.0739932
0.0080854
-0.0517973
-0.0346155
0.113269
0.109691
-0.07582
0.115595
0.13213
0.125609
0.130466
0.0960229
0.154663
0
0
0
0.0781576
0.0446024
0.235915
0.23334
0.0598856
-0.0827898
-0.0512432
0.237398
0.0640468
0.221454
0.282135
0.0329022
0.329618
0.119075
0.065757
0.0951194
0.161352
0.164195
0.116855
0.14205
0.332982
0.112206
0.252744
-0.0271974
0.12764
0.257207
-0.0569336
0.427467
0.0926611
0.105893
0.0775117
-0.0230489
0.0650791
0.424901
0.201923
0.378385
0.0113388
0.250537
0.0162471
0.471001
0.0557573
0.0820641
0.249105
0.318226
0.0864779
0.198107
0.02689
-0.00075502
0.0804011
0.0538223
0.183121
-0.0251926
0.193565
0.266813
0.0729724
0.231689
-0.0518168
0.146105
0.163211
0.269103
0.303555
-0.0162956
0.0289691
0.00223708
0.129806
0.31446
0.246535
-0.0901692
0.199118
0.0460939
0.23135
0.0562117
0.248013
0.0899079
0.162346
-0.11174
-0.00350481
-0.0201887
0.122089
0.173918
0.0554328
0.223957
0.234342
0.184077
0.245675
0.16761
0.124311
0.206536
-0.0995927
-0.00803597
0.183526
0.123957
0.100505
0.312406
0.117352
-0.101474
0.49531
0.150116
0.116876
0.17862
0.208619
0
0
0
0.175521
-0.0220992
0.308376
0.175364
0.208755
0.101119
0.121559
0.0649155
0.034624
0.0688825
0.0630123
0.00441793
0.109366
0.0788717
0.0640969
0.186754
0.0768092
0.193556
-0.00743496
0.199384
0.00910279
0.00589015
0.0572387
0.207551
0.122622
0.22875
0.044094
0.0641458
0.0497451
0.174467
-0.00879244
0.0763457
0.0724011
0.159592
-0.0343229
0.241095
-0.0194226
-0.0368118
-0.130284
0.307025
0.120602
-0.0538221
0.170543
0.0524458
0.0276094
-0.0231734
0.0493326
0.180204
0.00490383
0.184172
-0.0432911
-0.0811682
0.00465562
0.228785
-0.134376
-0.117537
-0.0591788
0.113935
0.163589
0.219152
-0.0816876
-0.0306863
0.163149
0.0375013
0.00906283
-0.0714007
0.034677
0.0806931
0.272489
0.000815188
0.0331687
-0.0348379
0.0358224
0.105761
0.0885786
0.18034
0.0913482
-0.0452403
0.1573
0.0796689
-0.0671069
0.0475749
0.129774
-0.0692255
0.014761
0.155946
-0.0678903
0.219904
-0.0813042
0.0892418
0.103004
0.110353
0.112013
0.099469
-0.121802
0.0807417
0.211424
0.0587367
0.0445277
0.236996
0.152442
0
0
0
-0.0491303
0.0062314
0.109535
-0.0872107
0.0493337
-0.0187479
0.0455294
0.0511514
-0.0434551
0.0443787
-0.161723
0.0968158
-0.196445
-0.053856
-0.0695664
-0.120407
-0.0388855
0.0508727
-0.0635585
0.0699229
0.0834685
0.0820768
0.0307192
-0.0140392
-0.0188012
-0.0838042
0.041685
-0.00776108
-0.178072
-0.0734745
0.0845942
0.117113
-0.0142432
-0.0226034
-0.196775
-0.0506757
-0.0772711
-0.0937532
0.049204
0.0237818
-0.0657177
-0.0625248
-0.146302
0.0340429
-0.0314757
0.083068
-0.0173649
0.0198124
-0.0319621
-0.117137
0.0490051
0.112189
-0.0145527
0.0776962
-0.0650907
0.0367958
0.0605989
-0.035172
0.0569549
-0.0235838
0.0177331
0.117755
0.100759
-0.00792572
-0.0343309
0.0164989
0.0352657
0.0226866
-0.047303
-0.168371
-0.0849441
-0.0115096
0.104598
-0.0472309
-0.14952
0.0803817
-0.0186354
-0.20385
-0.0904637
0.0842602
0.094356
0.0572077
0.00352272
0.00332397
0.0297743
-0.166316
0.0413889
-0.0517891
0.016742
-0.00298159
0.0833749
-0.0508676
0.16739
-0.0681459
-0.11018
0.106309
-0.000686805
-0.135246
-0.00899765
0.0252661
0.0777553
0
0
0
-0.0762758
-0.148778
0.0769079
0.172043
-0.157557
-0.219869
-0.0534641
0.162997
-0.0788684
0.0134359
0.067682
0.057052
-0.0886559
-0.0878225
0.0284826
-0.0898881
0.00579677
0.149845
0.0773254
-0.0957476
0.0520284
-0.0560969
-0.0717645
-0.147728
0.0847476
-0.0106083
0.0208285
-0.0192548
0.0533631
0.0816621
-0.0264943
0.0738848
-0.0362616
-0.0597415
0.056236
-0.17488
-0.00814152
-0.170227
-0.036171
0.142017
0.0639106
-0.1101
-0.0344073
-0.0543149
-0.123517
0.160424
0.0235867
-0.0693145
0.00471114
-0.135963
0.117137
-0.0863809
0.053597
0.000489432
-0.0767295
-0.182012
-0.155521
-0.0112039
0.0952969
0.135614
-0.142757
-0.00319977
0.0328514
-0.0210271
-0.0402545
0.0421642
-0.0557913
-0.0713355
-0.0385929
0.040482
0.043577
0.0435835
-0.188796
-0.131434
-0.0327424
0.0222865
0.0224835
-0.0426737
0.117683
-0.136755
0.0626856
-0.0583075
-0.0803102
0.0194424
0.0332363
-0.017242
-0.0781144
0.172662
0.025374
-0.116149
0.0472011
0.004949
-0.176041
0.156735
0.0890435
0.0344488
-0.0650936
-0.0307149
0.0377087
-0.150258
0.0790906
0
0
0
-0.0588009
0.0593398
-0.0531443
-0.0987324
0.0083061
-0.0357206
0.0127046
0.11338
-0.0105358
0.0401152
0.0922541
-0.0137735
-0.139821
-0.178741
0.0192938
0.0832713
-0.0989098
-0.0854899
0.0394178
-0.0578165
-0.115828
-0.0263871
-0.0425538
-0.0112987
-0.0242172
-0.0194302
-0.118162
-0.140406
-0.0155858
-0.0409282
-0.0446511
0.0804675
-0.148778
-0.0929626
-0.00932571
0.159971
0.132398
0.0323696
-0.0348944
0.133308
0.001356
0.0241072
-0.0447
-0.0545059
0.00462759
0.0635842
0.0885931
0.0999523
-0.0111575
-0.0648304
0.0422444
-0.142856
0.102616
0.00504706
-0.120579
0.0763804
-0.102873
-0.12111
0.0127057
0.0907479
0.171453
-0.00418555
-0.0181747
-0.155233
0.0558495
-0.175837
0.140382
0.0929192
-0.0973154
-0.102438
-0.118866
0.0774917
0.0678249
-0.0513652
-0.0725853
-0.0983318
0.160716
0.0059115
-0.00792218
-0.0328926
-0.0629064
-0.114962
0.0209135
-0.0344479
0.0967806
-0.0797681
0.10342
-0.0408202
0.0773972
-0.0125392
-0.08862
-0.18645
-0.00412727
0.17015
-0.0414583
0.021501
0.0164458
0.0681156
0.0974007
0.131921
0.0780666
0
0
0
0.124452
0.00636884
0.0999092
0.105934
0.0928039
0.193352
0.0108294
0.144466
-0.0616606
0.0201688
0.179893
0.0339298
-0.139664
0.0150772
-0.0412202
0.0689946
-0.0174166
0.204342
0.185535
0.0345537
0.00517137
0.163387
0.0986267
-0.130199
0.164327
0.297698
0.0692365
0.221689
0.158621
0.0453954
0.0893685
0.0659219
0.0133514
-0.0401915
0.0987747
0.172108
-0.0962091
0.114784
-0.0110799
0.152935
0.0455482
0.0753376
0.159366
0.0111645
-0.0153282
-0.117055
0.0108113
0.211031
0.177972
0.1047
0.182152
0.0560949
0.207699
-0.00905906
0.190669
0.00975082
0.0906114
0.189057
0.0742078
0.192889
-0.0187499
0.0266618
0.175483
0.0735116
0.0665598
0.158128
-0.0453013
0.080501
0.341397
0.188829
-0.027244
-0.116415
0.125539
0.0400073
0.066129
0.0646642
-0.0248581
0.0643959
-0.0608123
0.201274
0.0632308
0.21677
0.2795
-0.0717043
0.102091
0.0330459
0.128893
0.163532
0.0357205
0.06436
0.0571031
0.0533968
-0.127843
0.103049
-0.0169965
0.145577
0.00670806
0.062232
-0.0030942
-0.0639606
0.157021
0
0
0
-0.10354
-0.106
0.132376
0.142091
-0.0160201
0.0453811
-0.00464968
-0.0818965
-0.0995037
-0.0829955
-0.034681
0.0974828
0.0760762
-0.0851058
-0.189264
-0.000758259
0.0878058
-0.0741251
-0.168432
-0.0955958
-0.131397
0.0179008
-0.00729308
-0.0940151
-0.0646772
-0.11279
-0.0797695
0.0654087
-0.0923944
0.142462
-0.197584
-0.0330024
-0.158679
0.0914745
-0.105811
0.0185801
-0.127227
-0.0487046
0.0429638
0.0033388
0.135032
0.0291948
-0.0391935
0.0715961
0.0788911
0.0853129
0.0809128
0.116376
-0.0822818
0.0194186
-0.113883
-0.167029
-0.11555
-0.0566847
0.0303498
0.0203339
-0.0214408
0.013958
-0.0682545
-0.12486
-0.0796073
-0.0901008
-0.0221157
0.027121
-0.118485
-0.00987854
0.0397036
0.0503089
0.116469
-0.0216155
-0.153196
0.105771
-0.10487
0.0689984
-0.00359114
-0.194005
-0.177031
-0.0368103
0.0436229
0.0283193
-0.135395
-0.0795051
-0.0793748
0.0183795
0.0726192
0.0266291
-0.038589
0.0946149
0.0848783
-0.146585
-0.0868413
0.0171191
-0.101309
-0.0808839
0.151519
0.131562
0.0153524
0.0273582
-0.135976
0.0427029
0.0866534
0
0
0
0.156548
0.200163
0.0849674
0.190774
0.121355
0.0940489
-0.117075
0.0216678
-0.00675885
0.0322611
-0.0864758
0.00311781
0.139024
-0.0799983
-0.0251779
0.110122
0.0614777
0.161902
-0.0625179
0.14316
0.101571
0.222659
0.0879594
0.152948
-0.0664568
0.145063
-0.00681777
0.367377
0.100822
0.0128634
0.187816
0.0867473
0.0781951
0.11227
0.0752598
0.118007
-0.103521
-0.0240905
-0.0660854
0.00893503
0.0129104
-0.108076
-0.134937
0.128713
0.0487043
0.0967179
0.0308411
0.0776798
0.0709374
-0.026733
0.0793746
0.0544185
0.229036
0.0297388
0.0655529
0.170209
0.0684113
0.109505
0.00479866
0.13226
0.0492953
0.0683853
0.167711
-0.0519765
0.0427593
-0.0731869
0.0337904
0.0345331
0.0346011
0.117166
0.0864794
-0.015468
0.0667652
0.000817171
0.226423
-0.0901926
-0.00762373
0.091532
0.00305874
0.216388
0.195034
0.154994
0.298163
0.115442
0.0869648
0.0960499
-0.0201297
0.0774229
-0.0897756
0.0993048
-0.00532229
0.000547854
-0.0215285
0.20276
0.106597
0.137936
0.100683
0.148995
0.112398
0.182477
0.153658
0
0
0
0.092304
0.116648
0.12339
0.123049
-0.00590816
-0.055679
0.204434
0.115475
0.183366
0.0264874
-0.0261488
-0.122129
0.0759151
0.0239718
-0.0373349
0.130582
0.265692
0.0795905
-0.105522
0.0973255
0.018319
0.0206086
-0.0378853
0.041742
0.0238306
0.173147
0.0848356
0.144773
-0.0108309
-0.0270066
-0.0661804
0.160855
0.155966
0.0550182
0.110999
0.303196
-0.138089
0.215783
0.0150025
0.20462
0.181889
-0.00452573
0.0894886
0.144509
-0.0737084
-0.0647169
0.0108391
0.148095
0.0648872
-0.0057762
0.00585314
0.0440647
0.120251
0.201611
0.0281214
0.123322
-0.0116141
0.242536
0.0360652
0.130982
0.0297944
0.0579229
0.0923805
0.117618
0.141762
0.275316
0.150347
-0.000945763
0.366699
0.197951
0.0491918
-0.0154863
0.238005
-0.0206005
-0.0719054
0.114567
0.118951
0.15198
0.0127151
0.2488
-0.0176311
0.280037
0.114658
0.0667641
0.0734373
0.145457
-0.00708825
0.212412
-0.100939
0.0623118
0.11438
-0.0570339
0.224257
0.218898
0.0402877
0.150917
0.27685
0.111329
0.00608178
-0.0688459
0.170691
0
0
0
-0.0207923
-0.0331844
0.0114984
0.0322998
-0.102263
0.0377388
-0.061443
0.0178893
-0.0164368
-0.112064
-0.167341
-0.0395426
0.0239102
-0.0276864
-0.0386432
-0.0996315
-0.0399862
-0.0685273
-0.0379619
-0.0130688
-0.0315572
-0.0336371
-0.026561
-0.0393939
-0.14344
0.0521528
-0.0271986
-0.0987182
-0.0453918
-0.0338622
-0.0660386
-0.0280389
0.0868083
-0.126295
0.0425132
-0.153948
0.0322866
0.144208
0.062458
0.0847583
-0.150365
-0.118621
-0.00999073
-0.0966504
-0.00569553
0.102756
0.00820566
0.0932451
-0.0450818
0.129647
0.0215626
0.101486
-0.10309
0.00330918
0.12888
-0.0342121
-0.0785883
-0.18854
-0.0454182
-0.176938
0.0581604
0.0258345
-0.0609087
0.0649337
0.104715
0.0383817
0.0355977
-0.0747188
-0.0411206
0.0747549
-0.0616824
-0.091187
0.0205224
-0.0196836
-0.159539
-0.0787571
-0.0451702
0.0885944
0.0976672
-0.104735
-0.0178783
-0.0419317
-0.00616955
-0.0952529
0.180592
-0.113678
0.0976954
0.0927338
-0.101358
-0.0631846
0.018737
0.0969252
-0.0297478
0.0977115
0.0427892
-0.187221
0.0618716
-0.0173723
-0.0373935
0.188816
0.0879619
0
0
0
0.0721531
0.0203879
0.223922
0.113999
-0.0249468
0.0431679
0.0387044
0.0904987
0.203327
0.211324
0.267859
0.168226
0.0912651
0.0375073
0.139087
0.0414027
8.59366e-05
0.0716788
0.0258848
0.0252781
0.253475
0.194816
-0.0968928
0.257751
0.0926393
0.338076
0.0357727
0.276091
0.155869
0.193186
0.147588
0.0702128
-0.00821734
0.471296
0.0891276
0.438422
-0.0293457
0.137695
-0.0832968
0.242817
-0.0537709
0.0486508
0.0316496
0.108965
0.0535887
0.175234
0.0919616
0.0910909
0.109053
0.0512357
0.0306108
0.0701767
0.14526
0.196759
0.0744962
-0.0592926
0.147227
0.094854
0.0355192
0.0982993
0.200989
0.107544
0.0468961
0.166225
-0.00993349
0.247868
0.231065
0.136455
0.376374
-0.0182587
0.0100066
0.198685
0.264724
0.123098
-0.000296738
-0.0707281
0.176287
0.246362
-0.0460475
0.230087
-0.0210533
0.217499
0.472873
-0.0528937
0.326871
0.155252
-0.0737291
-0.0270006
0.108124
0.043749
0.183173
0.051216
0.162732
0.344304
0.0134925
0.101714
0.35275
0.126662
-0.00662668
0.0833424
0.20108
0
0
0
0.0737241
0.0698286
0.107955
-0.0115202
0.0443525
0.0129282
0.104748
0.230802
0.0198837
0.232365
0.238194
-0.12921
0.288677
0.167108
0.0540051
0.14907
0.195443
0.130002
0.0587856
-0.0542466
0.327802
0.171497
-0.0162964
0.153434
0.0444583
0.395651
0.0124031
0.439223
0.0332219
0.0135058
0.10547
0.0435012
0.231958
0.288959
0.187624
0.277555
0.241295
-0.0657458
0.026276
0.288492
0.078522
0.14058
0.157129
0.0664428
-0.0286635
0.0924508
0.250549
0.193838
-0.0908653
0.163361
0.0965753
0.0870689
0.12372
0.173465
0.0884305
0.0122616
0.123117
-0.0102414
0.0139133
0.254354
0.155527
-0.0666005
0.153283
0.249722
0.101527
0.196026
0.259798
0.169154
0.382408
0.0607658
0.127078
0.18505
0.236006
-0.049242
0.0366703
0.0620145
0.133939
-0.024713
0.0994264
0.347525
0.149798
0.310376
0.34247
0.242247
0.13137
0.0508333
0.155845
0.0711627
-0.0350635
0.0603969
0.0913534
0.151078
-0.00411536
0.459724
0.152341
0.0784221
0.516033
0.153736
0.0347085
0.0649883
0.196485
0
0
0
0.14907
0.00127621
0.0274713
0.229216
0.0534102
-0.0936084
-0.146157
0.18283
-0.0484647
-0.0112624
0.0565265
-0.0353094
-0.0384363
0.053682
-0.073261
0.00374219
0.0218436
0.134605
0.0487141
-0.0327201
0.0102124
0.0508241
0.0483723
0.131212
-0.0754445
0.250791
0.117884
0.19872
0.179195
0.143538
0.0898483
0.0798323
0.129865
0.066421
0.222806
0.157418
0.0846629
-0.0422908
0.0238282
0.264097
0.0865948
-0.167372
0.10849
0.215889
0.0425475
-0.0626972
-0.0370134
0.0611797
0.0534521
-0.0316073
0.159747
0.0820001
0.18217
-0.0911535
0.103583
0.110222
0.030443
0.104569
0.22714
-0.0716521
0.0494397
-0.00892952
-0.0407151
0.0280483
0.128547
0.1219
0.0972982
0.111004
0.252555
0.0600675
0.144432
-0.0276877
0.0851955
0.0791509
0.113147
0.0212838
0.0774548
-0.0126243
0.00999743
0.2751
-0.0182074
0.114777
0.104055
-0.0827134
0.200275
-0.0201073
0.0405961
0.0331844
0.016975
0.15809
0.272758
0.0415845
0.123395
0.0984835
0.136605
-0.0833251
-0.00212219
0.213986
0.0384845
-0.034331
0.154559
0
0
0
-0.0874055
-0.0228016
0.0218439
-0.0128027
-0.0554607
0.0606926
-0.121606
0.104704
0.0224355
-0.0364991
-0.0343959
-0.0122841
0.0197623
0.0395106
-0.14906
-0.0691005
0.112777
0.00378648
-0.175587
0.106925
-0.137673
-0.0250868
-0.00463738
0.132035
-0.0221957
-0.0785985
-0.00369408
-0.150649
-0.151836
-0.0897967
-0.0424649
-0.0717653
0.158446
-0.000309507
-0.00681998
0.026322
-0.0350436
-0.0773215
-0.113097
0.0971161
0.0976072
0.104104
-0.181186
0.0858237
-0.0329311
-0.116899
-0.118307
-0.0584005
0.135902
0.119741
-0.0184692
0.0628449
0.0517159
-0.08674
0.0977367
0.0621544
0.0527544
-0.0778329
0.0630099
0.0298208
0.136515
0.00391813
-0.112155
0.0349058
-0.0618519
-0.185279
0.0244517
-0.116829
-0.176813
0.111117
-0.133588
0.156879
0.0218318
-0.0654427
-0.0959281
-0.105047
-0.0762668
-0.121805
0.100897
0.00339198
-0.128844
-0.0695436
-0.0152717
-0.132547
0.094982
0.0903531
-0.0759327
0.0441015
0.128725
-0.0362621
0.0300244
-0.102854
-0.0342415
0.0756378
0.126659
-0.0403535
-0.0956395
-0.0199975
0.100122
-0.00149307
0.0915424
0
0
0
0.185062
0.0435653
0.114732
0.244468
0.118168
0.187119
0.142385
-0.0302442
0.0139135
-0.00553365
0.160623
-0.0137794
0.0483677
-0.00381193
0.147251
0.0134366
-0.0381041
0.11353
0.189276
0.195302
-0.0789838
0.0756405
0.0335183
-0.00460324
-0.00812389
0.237452
0.0460097
0.27931
-0.0262915
0.0516376
0.0349782
0.178695
0.213848
0.15569
-0.00195609
0.311452
0.057823
0.0729345
-0.0734901
0.286362
0.0260379
0.00862224
0.00475808
0.169486
0.0503895
0.0665265
-0.00351669
0.0719228
0.0263644
0.193253
0.144206
0.0628605
-0.104005
0.0333835
0.110873
0.0430585
0.0126492
0.0719804
0.0842052
0.192004
-0.0348547
0.0727113
0.0758337
0.194973
0.0445582
-0.00446624
0.19447
-0.0856881
0.355886
0.122241
-0.0859169
-0.115167
0.245855
0.201346
0.0227701
-0.100849
0.176972
0.011664
0.00159294
0.269601
-0.0245796
0.245927
0.198653
-0.0518578
0.129927
0.0617689
0.0677928
-0.0225072
-0.110369
0.0877463
0.119125
-0.0826213
0.0929773
0.186394
-0.0684156
0.0597669
0.0880687
0.130774
0.0159806
0.0586408
0.163695
0
0
0
-0.101011
0.059998
-0.0189735
0.108421
0.14875
0.0356322
0.0459201
0.0665745
-0.0936874
0.122817
0.127812
-0.00797342
-0.186648
-0.046436
0.117719
-0.0225038
0.00815851
0.00742962
-0.0937332
0.0382568
0.124374
0.102337
0.0733325
-0.15589
-0.0802185
-0.0791623
0.0466387
-0.0528617
0.014049
-0.0889239
0.00473761
-0.0233578
0.0190609
-0.0904965
-0.0719487
-0.0444512
-0.100703
-0.104412
0.0518377
-0.0154289
0.0541097
-0.0275033
0.0306651
-0.00465849
-0.000181936
-0.0649524
-0.0155741
-0.0550995
-0.0560717
-0.0145345
0.0892043
-0.062906
-0.0435811
-0.0719983
-0.0657936
-0.0232655
0.0337312
0.0202127
0.100245
0.010629
-0.0548961
-0.0539857
-0.013928
-0.205797
-0.203334
0.085516
-0.0764809
-0.0641041
0.0421729
0.039984
-0.0192715
0.164077
-0.172794
0.118244
-0.136928
-0.0501823
0.0584968
-0.00278092
0.0250341
-0.0957122
0.0330603
-0.134204
-0.0872875
-0.0119596
0.058406
-0.201097
0.0480876
0.0509494
-0.115962
-0.0426266
0.0624305
-0.0237818
0.00194744
0.0158061
0.0239401
-0.089261
-0.0122346
0.035001
-0.155763
-0.0552958
0.0831949
0
0
0
0.0886425
-0.0867872
0.244304
0.127189
0.198683
0.130561
0.0222881
-0.0638042
0.096783
0.146726
0.113082
0.0441188
0.120798
0.0618083
0.0463186
0.0456049
0.0975833
0.0664961
0.0789453
0.112231
0.158708
0.0376214
0.280076
0.0484318
-0.0410866
0.197876
0.0534908
0.432588
0.041056
-0.0225592
0.0833159
0.1981
0.153267
0.176031
0.127951
0.350718
0.205579
0.0295333
0.0935021
0.289527
0.257832
0.0521901
0.0433077
0.0670578
-0.0750908
0.044574
0.0747673
0.0104572
-0.0962873
0.191188
0.237595
0.164293
-0.0133022
0.165425
0.0892954
0.0656202
0.192229
0.133216
-0.00734142
0.24115
0.115126
0.0286086
0.0943637
0.088769
0.0244205
0.280083
0.132463
0.180271
0.29271
-0.106718
-0.00377845
0.113934
0.104468
0.0413834
0.108656
0.0158958
0.107319
0.00280833
0.12842
0.38918
-0.0888261
0.362185
0.335814
0.126587
0.179857
0.218302
0.022869
0.143158
0.167541
0.0559747
0.342656
0.16059
0.185802
0.240723
-0.0107062
0.0591156
0.210522
0.0740049
0.00169285
-0.0561857
0.189339
0
0
0
-0.113065
0.0529766
0.0266272
-0.210092
-0.0918015
0.173365
-0.0868092
0.0167717
-0.149761
0.0243078
-0.000463901
0.0204449
-0.0218908
-0.0243074
0.108802
0.107155
-0.0955173
-0.0433218
-0.0777727
-0.0742526
0.180595
0.0926523
0.166808
-0.0760837
-0.0657731
0.00107542
-0.0889284
-0.00430247
-0.0570782
-0.0435266
0.157051
-0.0963044
-0.0576051
0.0376959
-0.196325
-0.0281297
0.0874551
0.00794748
-0.0293634
-0.179529
-0.0172921
-0.00199093
-0.0112405
-0.0374625
-0.0426456
0.137306
-0.00688167
-0.0396972
0.0423371
0.069607
0.0392867
-0.0800873
-0.0370056
-0.0626275
0.0234882
0.0266343
0.0791052
0.0932275
-0.081807
-0.0312064
0.0899575
-0.0144315
-0.0521928
-0.0404728
-0.0512665
0.087111
-0.177171
0.0973778
0.059037
-0.039393
-0.0100298
-0.0310258
0.168202
-0.0285702
0.0594137
-0.129171
0.0829044
-0.0436305
-0.0348715
0.00118465
0.0223156
-0.101696
0.00810549
-0.0898255
0.129457
-0.0794569
0.0101575
0.0190777
0.00147727
-0.0511221
-0.0225889
-0.0487834
-0.0695426
0.0243925
0.14448
-0.0416503
0.0137774
0.106894
0.118499
0.0061364
0.0802193
0
0
0
0.0997339
0.0377978
0.198379
0.134651
-0.0721474
0.0709735
0.0864865
0.174734
-0.141315
0.15766
0.067663
0.0511952
-0.147259
0.186162
0.152802
0.0804165
0.139146
0.117534
0.221203
0.245057
0.1227
0.0319321
0.19094
0.0498147
-0.0150193
0.212409
0.00686599
0.351815
0.00648577
0.161644
-0.0675405
0.0748921
-0.0638198
0.0647877
0.0648893
0.185429
0.128803
0.058955
-0.0133162
0.317226
0.113812
0.0618854
0.20529
0.229353
0.127171
0.0426213
0.0710197
0.0458037
0.215794
-0.00103561
0.134418
0.083664
0.110263
0.0921339
0.192854
-0.146701
0.085794
0.270748
-0.0663526
0.0492164
0.161411
-0.0489656
0.0018891
0.109821
0.138703
0.00293153
0.0120141
0.0242178
0.247517
0.144583
0.0035188
0.0359835
0.275103
0.0867107
0.0957948
0.0422995
0.0515031
0.0423028
0.0494668
0.173678
-0.0555747
0.0532672
0.353786
0.0755163
0.262133
0.172955
0.0156269
0.165599
-0.111861
-0.0856422
0.0842185
0.223089
-0.0210056
0.195173
0.130564
0.149618
0.13596
0.0705445
0.10749
0.0624548
0.165421
0
0
0
-0.116232
0.131755
-0.0619155
-0.0819947
0.0490919
-0.0435984
-0.0313177
-0.0149297
0.0214731
0.0800839
-0.159645
-0.0087889
-0.0685055
0.137496
0.0248606
-0.0207939
0.0631986
-0.131314
-0.00218042
0.175857
-0.044185
0.120934
-0.19118
-0.107139
0.0734303
-0.0297766
0.0304384
-0.118122
0.0398542
0.0348107
0.0873932
-0.0836996
0.0550514
-0.0969029
0.0151764
-0.0942262
0.110284
-0.104249
0.0710153
-0.0116298
0.156292
0.128384
0.0273092
-0.0342939
-0.0723561
-0.0720394
-0.184416
0.111829
-0.100904
-0.101911
-0.0504761
0.0164842
-0.174244
-0.0826992
-0.199583
0.0859037
0.0492394
0.0310338
0.0409103
-0.12948
-0.0523994
0.0855047
-0.0666029
-0.0422238
-0.0805024
-0.050195
0.0265911
-0.0499085
-0.177919
-0.0527401
-0.00118821
0.0609112
-0.0744542
0.132186
-0.0140102
-0.00773278
-0.0257533
0.08271
0.0819424
-0.127524
-0.0657269
-0.0483305
0.0302298
0.0871871
-0.0132409
0.0788724
0.0462788
-0.0625081
0.000627767
0.0341875
0.083884
0.11764
0.0224875
-0.102495
-0.127
-0.135299
0.0280056
0.158163
0.0755171
0.00750372
0.0824807
0
0
0
-0.133576
-0.0701831
-0.0348161
0.0878119
0.014004
-0.0348414
-0.0148216
-0.0166334
-0.0230079
0.0160775
-0.0348832
0.0373546
-0.195751
-0.0802755
-0.0663676
0.0966408
0.101835
-0.160159
-0.0789679
-0.0728262
-0.0648474
0.00685051
0.0673918
0.0562391
-0.138148
-0.0864891
-0.0293993
0.0172368
0.0320365
0.0684889
-0.0288251
-0.0845486
0.0480542
-0.103977
-0.0353422
-0.0290408
0.0340992
-0.0568825
-0.0467297
-0.042546
0.0658954
-0.117532
-0.156441
0.0265153
0.0308398
-0.0277912
-0.0607162
-0.0838549
0.0224449
0.0128495
0.136424
0.0806358
0.0563452
-0.179363
-0.124934
-0.0224752
-0.193615
0.0673256
-0.114105
-0.0165348
0.118017
0.0977643
0.117431
0.163371
-0.160062
0.0194684
-0.0527365
-0.0429829
-0.0258732
0.054557
-0.031736
-0.0896987
0.108592
-0.118325
-0.121275
-0.152567
0.0566922
-0.152557
-0.00769509
0.168989
-0.0491643
0.084989
-0.0519536
0.0391659
-0.0298813
-0.102427
-0.0109819
-0.010894
0.181973
-0.0506616
-0.176035
-0.0529539
-0.0631572
0.113787
0.0766698
-0.0609789
-0.0497368
-0.0212658
0.0337331
0.0624023
0.0913754
0
0
0
0.0871058
0.0306245
0.165532
0.17041
-0.0554925
-0.0492395
-0.0487223
0.0611173
0.0738482
0.0466682
0.392284
0.142484
0.108597
0.0824829
0.0504119
0.181295
0.127467
-0.0351759
-0.0472291
0.0804997
0.211344
-0.00434442
0.178791
-0.0290885
0.15152
0.262004
0.0591088
0.28613
0.123566
0.0469731
-0.121605
0.118774
0.12139
0.152104
0.0710219
0.336022
0.173499
-0.0279946
0.0268315
0.305944
0.103109
0.175801
0.323584
0.117769
0.0613083
0.0542365
0.0993565
0.065206
0.115276
-0.0173473
0.0602439
-0.0581568
-0.0561026
0.181689
0.0735434
0.154471
0.163063
0.167957
0.0863066
0.37455
0.0921646
-0.0106002
0.055575
0.0391059
0.133854
0.167876
0.234486
0.0735153
0.260388
0.0213936
0.159075
0.294276
0.170962
0.155495
0.12642
0.142554
0.11295
-0.0409317
0.139223
0.307331
0.00992168
0.333575
0.413238
0.154789
0.175092
0.0861581
0.0962727
-0.0507472
0.0568255
0.234981
0.179805
0.0140718
0.231797
0.284887
0.0509363
-0.0405722
0.294349
0.0537101
0.0819805
0.0608731
0.2017
0
0
0
-0.109981
0.0497236
-0.167084
-0.0986104
-0.0531158
-0.142444
-0.0425053
-0.0330302
-0.0252543
0.010782
-0.0444124
-0.0350115
0.00755713
-0.201434
0.0773342
-0.087409
0.0924747
-0.0306491
-0.103669
-0.0532397
-0.0866622
0.0283377
-0.0808004
-0.00876489
0.00392861
0.0653683
-0.0473915
-0.0935167
-0.0836542
-0.125546
-0.0447893
-0.0653915
-0.129577
-0.172105
-0.147646
0.0570591
-0.00437042
9.57813e-06
0.0601454
-0.0150425
0.0233056
0.00907338
0.0701007
-0.0611666
-0.0942572
-0.0874423
-0.0840899
-0.0360523
0.0890009
-0.106316
-0.0487078
0.068142
-0.0624812
-0.0941814
0.127203
-0.00750275
-0.0487228
-0.0773369
-0.142232
-0.111004
0.172922
0.0995632
0.0784237
0.00817825
-0.0889448
-0.0841665
-0.219219
-0.09537
0.0273969
-0.00402897
-0.0698375
-0.0229679
-0.131617
0.0562995
0.0552253
-0.113684
-0.14388
-0.162779
0.142806
0.0627154
0.0834287
-0.121351
-0.114858
-0.0742132
0.062856
-0.00405831
-0.111691
0.123101
0.00240245
-0.0433803
0.0066078
-0.0792463
0.000330274
-0.120288
-0.13759
0.0387679
0.0588096
-0.0116382
-0.167465
-0.153405
0.0746187
0
0
0
0.118809
-0.0122941
0.169178
0.157781
-0.0960043
0.0493359
0.11791
0.0520413
0.0323678
0.142463
0.163039
0.0625794
-0.097744
0.0300074
-0.0331268
-0.00421626
0.27316
0.00161084
0.183965
-0.00900729
0.0751383
-0.0599122
-0.0176966
0.20982
0.0374312
0.368638
0.182179
0.1679
0.187294
0.0728065
0.0855624
0.113589
0.0750296
-0.00129686
0.0289729
0.239863
0.192523
0.0582476
0.042774
0.243583
0.118676
0.143748
0.068506
0.185223
-0.0331351
0.0190009
0.0848122
0.184109
0.0732298
0.0599421
0.0654137
-0.0432223
0.208184
0.0726957
0.00414602
-0.0386037
-0.0279497
0.0374812
0.188563
-0.00445368
0.0414422
0.0809416
0.0544162
0.0512164
-0.106345
0.107543
0.137498
0.120146
0.226478
0.180359
0.184531
-0.105723
0.114139
-0.0731595
0.0587588
0.109335
0.0965487
-0.104971
0.10699
0.302915
-0.0624186
0.264037
0.048942
0.109482
0.230391
0.15581
-0.0619201
0.0531158
0.0424028
0.169374
0.0982627
-0.0320966
0.0228226
0.311695
0.0744142
0.193484
0.0751231
0.156657
0.195973
0.0405661
0.156855
0
0
0
0.20381
0.046005
0.201502
-0.0536827
-0.0260586
0.0375499
0.0730174
0.0166518
-0.0400998
0.056602
-0.0253279
0.154011
0.108668
-0.0701644
-0.0656216
0.224513
0.0667006
0.120912
0.198813
0.182266
0.0242115
-0.00702186
0.168505
0.116627
-0.0751971
0.239374
0.045931
0.133058
-0.0517224
-0.0653688
0.00171038
-0.0721159
0.0774352
0.14108
0.232287
0.252725
0.09352
0.145708
-0.061532
0.0892647
0.0439118
-0.148807
-0.160705
-0.00905053
-0.141225
-0.0127226
-0.0451111
0.0570151
0.0256948
0.178627
-0.150294
0.0205747
0.0186947
0.120611
0.0423569
0.0646826
0.151856
0.190877
0.0708101
0.18754
-0.0184087
0.146062
0.104128
0.162685
0.101226
-0.0325172
0.0654557
0.0734093
0.22502
-0.0107712
-0.0181306
0.0982129
0.210724
0.0831267
0.0795641
-0.0688684
0.0463844
0.0406401
-0.0674077
0.187289
0.00449966
0.131918
0.173173
-0.0931049
0.206271
0.0992694
-0.0710718
0.147992
0.0434111
0.168267
-0.0691716
0.0582428
0.0371615
0.177247
0.0829089
0.184079
0.0975743
0.162788
-0.0104741
-0.0241808
0.151949
0
0
0
0.0853394
0.155794
0.310387
0.297437
0.139117
0.171515
-0.00920372
0.199856
0.173048
0.224642
0.379488
0.129145
-0.0911975
0.168303
0.119848
0.0375777
0.106574
0.124741
0.166138
0.0393244
0.30721
0.00548768
0.0303526
0.0758421
0.106655
0.417422
0.0916743
0.167417
0.0240756
0.232721
-0.00602657
0.0535588
-0.0351248
0.196221
0.131288
0.292085
0.00207107
0.0383385
-0.0488486
0.327456
0.284833
0.104842
0.152436
0.0526237
-0.1138
0.00745304
0.00434245
0.149192
-0.0807288
0.0407193
0.0467075
0.158365
0.229451
0.178699
0.0656639
0.0284433
0.155628
0.231821
0.168631
0.256594
0.154574
0.0967679
0.0316485
0.113678
-0.110522
0.332064
0.140299
-0.00421108
0.335419
0.0818188
0.0468778
0.0906528
0.0919641
-0.0749518
0.11906
0.0761076
0.0917392
0.144629
0.0302504
0.251575
0.034199
0.18313
0.416122
0.195142
0.153484
0.111241
0.00419964
0.263026
-0.0563546
0.0815396
0.328635
0.0328911
0.00738194
0.232107
-0.00797271
0.181365
0.383064
0.0290401
0.273263
0.0340431
0.195149
0
0
0
-0.126223
-0.156585
0.06587
-0.0125177
-0.0814867
-0.0594416
-0.0880614
0.0304063
0.0743946
-0.0553933
0.0923229
0.0281942
0.0795427
-0.0124743
-0.0720272
-0.00212807
0.0436032
0.102219
-0.198956
0.0118928
0.188729
-0.0485766
-0.0418187
0.052861
0.0199403
0.00293923
0.0467479
0.0800303
-0.141563
-0.109632
-0.108145
-0.0289701
0.139769
0.11569
-0.0111177
0.0685793
-0.0999225
-0.068126
0.116315
0.0870381
-0.0264196
-0.101026
-0.0331386
-0.118806
0.0685191
-0.135774
0.0651321
0.0375028
-0.0300493
-0.0197017
0.133727
0.108535
0.0614491
-0.209638
-0.0326189
-0.041597
-0.0232572
-0.158873
-0.130543
-0.0111063
0.117503
-0.076231
-0.0211507
0.00487433
0.0156357
-0.05879
0.109287
0.0118305
0.0501693
-0.195401
0.0469098
0.071665
0.216185
0.0424862
0.0207325
-0.0893539
0.0672445
-0.083943
-0.104818
-0.0628029
-0.148213
0.0628768
0.0795736
-0.00824082
0.000461699
0.125886
0.0860122
-0.11057
0.114306
-0.0589317
0.0803414
0.0134088
0.013748
0.0764517
0.0509246
-0.0442535
-0.0735517
0.0324477
-0.0277838
0.136648
0.0890755
0
0
0
0.0952462
-0.0358396
0.299359
-0.0663619
0.154835
0.0509082
0.180635
0.198043
0.0551689
0.192737
0.279062
0.115761
0.155557
0.0951949
0.082514
0.00793352
0.106293
0.13767
-0.0482914
-0.0176056
0.148576
0.0105916
0.158337
-0.0661587
-0.0491801
0.159924
0.119212
0.361828
0.168984
-0.0288746
0.0444712
-0.00426681
-0.0561973
0.186658
0.268379
0.270165
0.0214837
0.170335
0.182778
0.204508
0.0167529
0.1046
0.227355
0.295234
0.042273
0.124508
0.0333866
0.0977742
-0.0657796
0.0682236
0.207854
0.132615
0.291382
0.0440466
-0.116504
-0.0568801
0.111186
0.0762186
0.209872
0.194536
0.0958819
0.179294
0.00287288
0.140092
0.146253
0.144089
0.16762
0.13595
0.352405
0.00365419
0.0053812
0.101108
0.0999131
0.242882
0.154665
0.20488
-0.0319326
-0.00962962
0.0499738
0.256493
-0.0221003
0.147877
0.159893
0.130911
0.18916
0.0394144
0.235123
-0.00879771
0.0892404
0.105156
-0.00722029
-0.0200832
0.132539
0.413189
-0.0427061
-0.0743479
0.258787
0.0218796
0.225106
0.00453187
0.193458
0
0
0
-0.0353134
-0.0322504
-0.0818593
-0.0855715
0.0883529
-0.0547195
-0.0539222
-0.122791
-0.10131
-0.098125
-0.0226677
-0.13078
0.0261851
0.0498819
-0.138708
0.050511
0.150807
-0.185348
-0.0833704
0.0273525
-0.190494
0.0735264
-0.0547099
0.0985567
-0.106924
-0.0652286
-0.1057
-0.0447033
0.0903537
-0.0111003
0.088774
0.0830817
-0.0245328
-0.0811012
-0.126246
0.0258369
-0.0248348
0.0122172
0.0418821
0.0211791
0.0537773
0.0670502
0.0259606
-0.0992429
-0.0341556
-0.0636374
-0.124806
-0.0833447
-0.151414
0.079744
-0.0553287
-0.138662
-0.0308481
0.0232804
0.0243
-0.04819
-0.0925378
-0.1284
0.0630506
0.064719
0.0613343
0.0497908
0.106276
-0.0521357
-0.0490957
0.0380999
-0.091622
0.0316174
0.0786342
-0.0336951
-0.023677
0.0643024
-0.0354539
0.0420305
-0.196806
0.0719303
0.171016
0.0778783
0.0444387
-0.046715
-0.0610655
-0.0702067
0.050404
-0.0571098
0.0672313
0.154884
-0.00696491
-0.114426
-0.0573408
-0.117093
0.0296112
0.0767168
-0.0080873
0.0835208
-0.0470751
-0.140586
-0.169548
-0.0462795
0.110956
0.00787782
0.0819674
0
0
0
-0.0863258
-0.0510654
-0.104792
-0.1443
-0.121774
0.170562
0.003624
-0.0110594
0.0328452
0.06145
0.0310211
0.0826602
0.0912794
-0.0247437
-0.078725
0.0283702
-0.0686975
0.0235953
-0.103262
0.109241
0.0695675
-0.138492
-0.0104391
0.0858836
-0.0522262
-0.111509
0.0915129
0.00843606
-0.040137
0.078733
-0.0098211
-0.162439
0.143477
-0.111909
-0.0813607
-0.126525
-0.0842977
-0.0260418
-0.117772
-0.103066
-0.00118392
0.0239783
0.0013477
-0.038991
0.0275061
0.0958264
0.090097
0.0691442
-0.0057373
-0.0818615
-0.0671973
0.0076234
0.017025
-0.153519
-0.0916642
-0.0449314
0.00143802
-0.216058
-0.182642
-0.101001
0.0798109
-0.114048
0.0251515
0.078017
0.134709
0.0846414
0.15518
0.116686
0.05253
-0.0855436
0.0291521
0.0252386
0.0313194
0.00947388
0.0202101
-0.099196
0.052941
-0.0342029
0.178236
-0.0710759
0.0163707
-0.116831
-0.102442
0.106195
-0.0329476
-0.0807975
-0.13935
0.10374
-0.0745536
-0.0552965
-0.0666574
0.00922471
-0.148209
0.0206928
0.152432
-0.023209
0.00953538
0.0939714
0.0325475
0.0281018
0.0746682
0
0
0
-0.107609
-0.00961633
-0.141369
-0.0682347
-0.0360439
-0.0472496
0.147443
-0.0914578
0.00379435
-0.00126842
-0.0568669
-0.10058
-0.0593848
-0.132143
0.0451931
0.115503
-0.0136254
-0.103477
0.0468246
-0.207512
0.0229006
-0.0867187
0.0904916
-0.133412
0.169465
-0.0162464
-0.0183264
0.0595198
0.113402
0.00234134
0.0141476
-0.0112359
-0.0163444
0.024574
-0.0529273
0.0302476
-0.150767
0.0414758
-0.0622257
-0.140008
-0.0959029
-0.039078
0.00810574
-0.0228503
0.000255897
-0.115506
-0.00472407
0.160085
-0.0906481
-0.0789518
-0.0287566
-0.0231251
-0.175028
-0.0020548
0.114592
-0.112526
-0.106771
-0.0388639
0.046064
-0.0267295
0.0890051
0.0187289
0.0872933
0.132661
-0.104041
0.0116501
-0.108132
-0.00592064
0.0559285
0.0701272
0.0591623
0.0720264
0.0727595
-0.109886
-0.066672
0.159911
0.0198395
0.0662514
-0.0956426
-0.00234388
0.0844987
-0.132228
0.00733958
0.106644
0.0340382
0.0150573
-0.0493802
0.045994
0.0865103
-0.188104
-0.0201015
-0.0237001
0.00901597
-0.134652
0.0157209
0.065702
-0.129668
-0.235395
-0.100171
-0.099157
0.0690223
0
0
0
0.17078
0.0231332
0.180023
0.0920218
0.0734898
-0.0570078
-0.112167
0.0749982
-0.137167
0.0566564
0.148627
0.0122217
-0.11154
0.209358
0.131887
0.00679727
0.0289208
-0.0177079
0.055253
0.134034
0.221093
0.0451589
-0.0645692
-0.0667033
-0.096958
0.14731
-0.0832432
0.252589
0.242318
0.0134039
0.00146916
0.165684
0.0677765
0.0289676
0.079129
0.207923
0.0889549
0.0514045
0.0479653
0.116106
0.13002
-0.0255646
-0.10886
0.20273
0.144747
0.125166
0.0967512
-0.0221795
0.0855545
0.142226
-0.105749
-0.0091408
0.0172923
0.0463996
0.232989
0.0395209
0.178357
0.222324
0.0361264
0.102798
0.0361369
0.204874
0.075295
0.183006
0.191223
0.155154
0.118511
0.0299324
0.0687514
-0.103401
0.0990629
0.0222375
0.0809708
0.0699779
0.148979
-0.145934
-0.105502
0.0307255
0.0294865
0.233443
-0.0163949
0.251277
0.319908
0.0829623
0.0930254
0.127171
0.198809
0.079552
-0.165975
0.141522
0.154368
-0.0663086
0.03554
0.255178
0.0526319
-0.0467063
0.223835
0.0723838
0.107779
0.0787416
0.157105
0
0
0
0.261565
0.167189
0.165429
0.0783089
-0.0728598
0.0395519
-0.000422561
0.0160991
-0.107032
-0.00550227
0.068075
0.0259084
0.00373844
0.0579684
0.00762742
0.0259462
0.156842
0.168031
-0.0493252
0.0519933
0.0595662
-0.023266
0.143104
0.0973215
0.00606886
0.23251
0.223488
0.0842078
0.0433221
-0.0636726
-0.00049464
-0.0416532
0.0666433
0.117634
0.135786
0.116908
0.245631
-0.0314844
0.133801
0.100899
-0.0846698
0.185091
-0.0744569
0.105036
-0.0893346
-0.0294729
0.0016863
-0.035238
-0.0604039
0.0792093
-0.00603518
0.0537968
-0.0358633
0.0953032
-0.0244973
-0.0355686
0.0999506
0.102519
0.13282
0.0360488
-0.100052
0.0709307
0.0962222
-0.0203911
0.226622
0.101753
0.0914496
0.137515
0.200389
0.149318
0.0122497
-0.0611969
0.0656283
0.136549
-0.0169754
-0.0143118
-0.118939
0.0984711
-0.0707988
0.326725
0.205592
0.102285
0.282656
-0.0328925
0.0601457
0.0566868
0.0634871
0.0674506
0.114154
0.189814
0.297926
-0.0197399
0.0507977
0.062098
0.0203069
0.159799
-0.0405279
-0.0583333
0.086442
0.129403
0.156035
0
0
0
0.104162
0.0345461
0.269318
0.112668
0.101453
-0.0607961
0.0462182
0.0661338
0.153793
0.121263
0.153115
-0.00799661
0.111177
-0.0273255
0.0391339
0.0395355
0.0659773
0.145456
0.145502
0.0477898
0.282699
0.107742
0.0245158
0.238962
0.0273594
0.384171
0.152239
0.262737
-0.0870458
0.164795
0.0453031
0.121914
-0.0167687
0.0973045
0.163298
0.241175
0.0143869
-0.0227128
-0.119046
0.0981835
-0.0344864
-0.0551751
0.12743
0.138171
0.102021
0.142564
0.205331
0.136955
0.027821
0.236162
0.138419
0.00598362
-0.0585924
0.147794
0.1496
-0.075551
0.0447475
0.0403121
0.120618
0.184526
0.106861
-0.00362321
0.191238
0.126376
0.0652458
0.092607
0.0220323
0.0713449
0.100964
0.0610349
0.00239514
-0.0519401
0.23553
-0.0989653
-0.133486
0.15179
-0.0609358
-0.0679608
0.0387577
0.126393
-0.0561896
0.29651
0.389202
0.0328078
0.0606869
0.164372
0.00496199
0.00706221
0.0883095
0.0694201
0.0807608
-0.0519335
-0.0242891
0.172259
0.133416
0.0573487
0.17568
0.0229037
0.0954033
-0.0792274
0.166548
0
0
0
-0.124422
0.0444487
-0.200478
0.0483462
-0.0545398
-0.0699231
-0.0350341
0.0163386
0.105846
0.139379
0.0854981
-0.0426029
0.0731936
0.0502025
0.139742
-0.0145109
0.00293872
0.0127375
-0.0452768
-0.046039
-0.017359
-0.0802839
0.0579261
0.1114
-0.0157946
0.0990823
0.0741257
0.0437843
-0.0301994
0.122435
-0.00488163
-0.115115
-0.126625
-0.0406037
-0.0702594
0.0231866
0.102237
0.016899
0.0452631
-0.195838
-0.185494
-0.0396258
0.0381687
-0.0694868
0.0967329
0.145606
0.00112502
-0.0798132
-0.200356
-0.0594227
-0.0177044
-0.130885
0.0259762
0.0256798
0.0990946
-0.0750365
-0.00887734
0.0330476
0.093753
0.0225798
-0.0437827
-0.148654
-0.0891266
-0.0123279
-0.074308
-0.0288895
-0.192853
-0.0173867
0.137177
0.0986961
-0.14666
0.0718831
-0.0172118
-0.211261
0.0341558
-0.190487
-0.0856756
0.0192208
0.064891
-0.00805568
-0.0975236
-0.208685
-0.134471
0.174975
0.139185
-0.131318
-0.136124
-0.071397
-0.101278
-0.0837174
-0.0167237
0.0484018
0.00289187
-0.137145
-0.126971
-0.13809
0.089864
0.0513737
0.0152569
0.154631
0.0748613
0
0
0
0.116282
-0.0173521
0.168829
0.0674635
0.155215
-0.0356179
0.081166
0.197458
0.173586
0.0275577
0.128663
0.234111
0.0974187
0.129287
0.0392546
-0.0021404
0.101078
0.107021
0.190824
0.169389
0.0157925
-0.0733001
0.0282982
0.0088897
-0.06511
0.240044
0.0605432
0.115157
0.0804508
0.0899679
0.192477
-0.00214742
0.0121861
0.110094
0.177447
0.16564
0.0135408
0.0269375
-0.00437564
0.0162329
0.00273917
0.00967727
0.0357278
0.260803
0.0567551
-0.0394579
0.0501219
-0.0150817
-0.118364
0.245084
-0.0584422
-0.0772595
0.213364
0.057743
0.0387884
0.0763429
0.129295
0.0626982
0.125552
0.0995138
0.0264059
0.0120138
-0.00227668
0.0721084
0.0600335
0.0711441
0.0961712
0.0661938
0.078134
-0.118663
-0.106566
0.208384
0.167741
0.0235623
-0.0479067
0.0550542
-0.00490322
-0.0490328
0.167795
0.0792109
0.103828
0.219872
0.262667
0.14869
-0.000907481
-0.022857
0.00739087
0.223858
0.0464643
0.187684
0.242746
0.00314137
-0.0380131
0.335645
-0.0992167
-0.0670589
0.164777
0.0927613
0.169221
0.0674901
0.161221
0
0
0
0.118012
-0.00081342
0.103033
0.284149
0.0251312
-0.099571
-0.100204
0.162841
-0.01404
0.0333544
0.116914
0.125354
0.145713
0.129432
0.0256287
-0.0554005
0.0980306
0.160241
-0.0224197
0.153923
0.0501682
0.0862852
0.128875
0.054454
0.0545612
0.116542
0.104168
0.178291
0.093038
0.0452789
-0.0122133
0.0904669
0.154419
0.125795
0.182988
0.347385
0.107846
0.0698364
0.0422204
0.352626
0.00826106
0.0365194
-0.05821
0.0121772
0.00977802
0.109522
0.0937299
0.126385
-0.0371896
0.1566
0.108232
-0.0321949
-0.0472036
0.0707318
0.179651
0.0872221
0.0615546
0.0525938
0.0819845
0.144444
-0.00630554
0.0829745
0.0129626
0.0719368
0.0279404
0.15007
0.258708
-0.0623318
0.0806424
0.215932
0.115282
-0.116236
0.0974349
0.123835
0.0744568
0.00521247
0.00326564
-0.027952
-0.0476993
0.0621977
0.0961445
0.0275908
0.122501
0.129938
-0.00915178
0.19237
0.0863881
0.0127139
-0.0304758
-0.0571439
0.180574
0.0470148
0.084811
0.0902163
0.0614537
-0.0524152
0.138491
0.0899534
0.166453
0.141925
0.165464
0
0
0
0.177422
0.199622
0.0590214
0.0904707
0.0579506
-0.0958268
0.0999803
0.0291748
-0.0160913
0.170697
0.0169407
0.0219084
-0.138019
0.0742373
0.0915784
0.0893805
0.0512353
0.147499
0.155006
0.0442206
0.0563946
0.135408
0.109675
0.0378913
-0.0797809
0.120154
-0.109007
0.192583
-0.00704717
-0.00805649
0.166403
0.0518801
-0.0957737
0.00643417
0.15817
0.290995
0.0755336
0.0357773
0.0508979
0.119235
0.0715371
-0.114924
-4.51303e-05
-0.00152917
0.0637321
-0.0243273
0.0169359
0.127802
0.0181173
0.107881
0.177448
-0.0563388
0.115805
-0.00917146
0.032165
-0.0687519
0.0951912
0.0339233
0.0105718
0.169689
-0.0474567
-0.0400895
0.078846
0.0442589
0.261211
-0.0451519
-0.00452667
0.0483569
0.145318
0.0394153
0.0516116
0.114946
0.05533
0.0800135
0.15355
-0.00587993
0.116395
0.0130581
-0.0716803
0.064445
0.204582
0.197621
0.0828332
0.10443
0.0900975
0.0962131
0.119682
0.0742684
0.0471792
0.105442
0.283144
-0.0483891
0.180619
0.290927
-0.127178
-0.0990846
0.145695
0.13462
0.125357
0.0801458
0.159708
0
0
0
-0.0685201
0.0120239
-0.0796375
-0.146336
0.0343757
0.0153902
-0.0454694
-0.175074
-0.17627
0.0793903
0.0185635
-0.142919
-0.10303
-0.113662
-0.0378798
-0.140099
-0.0612233
-0.0314986
-0.0451724
0.0458206
-0.103068
0.126442
-0.0228817
0.0457836
0.0616396
0.115583
0.0742431
0.0469857
0.0911049
-0.192067
0.0496094
0.107848
0.0399433
-0.0077118
0.111657
-0.0617715
0.0716339
0.0410274
-0.0391089
-0.0728334
-0.0640469
-0.137793
-0.109191
-0.00529586
-0.0404064
0.145939
-0.0626062
-0.0309878
0.0549023
-0.0693847
-0.120337
0.0593434
0.0196744
0.0305042
3.72973e-05
0.0431768
0.0921271
0.0528265
0.114475
0.165487
-0.113576
0.134361
-0.0710135
0.0777058
-0.0593745
-0.0131141
-0.0226225
-0.0479596
-0.112787
-0.0166917
-0.0821175
0.110364
-0.207393
-0.0809238
-0.0816206
-0.0793246
0.0741355
0.0497383
0.0944784
-0.0133147
0.0358593
0.142848
-0.0811377
-0.0285692
0.0990932
-0.0271019
-0.131117
-0.0502654
-0.0889333
0.103158
-0.0613401
0.0675377
-0.00477319
-0.0313313
0.0872148
-0.145473
-0.0194576
0.0283677
-0.0538827
0.0316929
0.0740093
0
0
0
0.174241
0.0110237
0.242349
-0.0050433
0.0351982
-0.0863097
0.0536337
0.159104
0.0908948
0.038659
0.0615022
0.087517
-0.12715
0.0799618
0.137158
0.196289
0.127342
0.162822
0.0725295
0.0051911
0.0691666
-0.00657546
-0.0227162
-0.0714005
-0.0207275
0.210164
0.0508644
0.227146
0.15949
0.130457
0.133938
0.208424
0.00893202
0.0377232
0.234971
0.28858
-0.0116308
0.0778523
0.0839748
0.292445
0.0247863
0.14434
0.0894462
0.0428245
0.031917
0.224478
-0.0533554
0.176505
0.205641
0.0764136
-0.0637296
-0.126191
0.078182
0.111518
0.0087759
0.147873
0.0871476
0.14199
0.0920943
-0.0884306
0.0935329
0.0720756
0.0715567
0.0562868
0.0846529
0.168774
-0.0482787
-0.0483139
0.332234
-0.0993635
0.0196308
-0.00970045
0.112753
0.0811547
0.046362
0.088371
0.117566
-0.0746918
-0.00174256
0.149631
-0.0510478
0.062373
0.173805
-0.0520301
-0.0828036
0.054167
-0.0603665
0.0265305
-0.133019
0.0234257
0.0372115
-0.0355354
0.0546276
0.160282
-0.073238
-0.0136013
0.0597127
0.197666
0.0693259
0.0143397
0.153127
0
0
0
-0.107487
-0.0780099
0.0201399
0.114952
-0.0211704
-0.11541
0.0389502
-0.0587643
-0.0130784
-0.175272
0.120472
-0.0987
0.0240782
0.0919011
0.0115712
-0.0316862
-0.207116
-0.149956
-0.000435048
-0.0944712
0.0363363
0.114866
0.0546109
0.0465708
-0.0526173
-0.140625
0.0740423
-0.211784
0.14184
-0.180944
-0.0639179
-0.0462226
0.0703909
0.0578447
0.0823583
-0.031398
0.0274356
0.0971799
0.0632711
0.0379527
-0.0550823
-0.00360637
0.104508
-0.0265894
-0.0342332
-0.035761
-0.149766
-0.0776259
-0.102068
0.00943129
0.0996793
-0.141376
0.0493771
0.133694
-0.0467345
0.149739
0.0511579
-0.0904724
0.0165211
-0.0871626
0.143655
-0.0756402
-0.055676
0.0511304
-0.0146859
-0.094464
0.0237313
0.0437944
0.111043
0.0626105
-0.0992828
-0.0818218
-0.00783591
0.0952694
-0.175689
-0.113053
0.0731803
-0.0325831
0.0611556
-0.0962577
-0.098665
0.0600494
0.0466588
0.17167
-0.0611816
-0.0862143
-0.0209053
0.044862
-0.137528
0.142161
-0.0849728
-0.055229
-0.158902
0.0613511
-0.0402245
-0.163561
0.0941684
0.14272
0.0606663
0.0421807
0.0791656
0
0
0
0.0700899
-0.0252465
0.0625491
-0.122727
-0.0530786
-0.0399285
-0.0691355
0.0148011
-0.179995
-0.000408696
-0.06258
-0.0495454
-0.024336
-0.0822487
0.0583215
0.0139045
-0.00938166
-0.0989542
0.0653612
-0.042065
-0.0962358
0.146614
0.0209519
-0.107689
-0.00121982
-0.135677
0.100444
-0.0342827
-0.151991
-0.0681632
0.0694868
-0.0942302
0.152748
-0.0229516
-0.0569393
0.0580187
-0.00108115
-0.0772554
-0.0160921
0.173761
-0.175364
0.149611
-0.0435949
-0.102597
-0.0774594
0.0888152
-0.132102
0.0899925
-0.186729
-0.0143049
0.0443984
0.119588
-0.184672
0.147937
0.133536
0.0372412
-0.0365314
-0.165056
0.0501962
0.00627638
0.128062
0.143736
-0.0202144
0.177704
-0.124633
-0.110804
-0.111061
-0.112912
-0.0332841
0.0201068
0.0479669
-0.102754
-0.0353337
0.0183675
-0.0491282
-0.114271
-0.0939929
-0.0338681
-0.0143822
-0.0386534
-0.0450022
0.0688051
-0.0789603
0.0500886
-0.0720097
-0.0148783
0.0281108
-0.136265
0.00942462
0.123486
0.0388266
0.0328569
0.0882185
-0.0382052
-0.0350584
-0.0703263
-0.0306217
0.0367492
0.0111766
-0.115434
0.1
0
0
0
0.082426
0.0336411
0.223451
0.107084
0.127773
-0.0326945
0.079588
0.0891568
0.0441882
0.270679
0.332705
0.097823
0.0440734
-0.015775
0.152015
-0.0266373
0.211638
0.150383
0.0256801
-0.0372509
0.411324
0.0225599
-0.0574546
0.0187278
0.162549
0.295121
0.0629054
0.333383
0.124005
-0.0068517
0.26302
-0.0197807
0.139438
0.271413
0.202036
0.247185
0.14491
-0.0834073
0.105114
0.221906
0.0532475
0.162353
0.256297
0.247729
0.0604819
0.154087
0.0314679
-0.0170859
0.0155986
0.221145
0.271095
0.089624
0.172431
0.0891427
0.0565468
0.149632
0.0554884
0.0828023
0.101081
0.233825
0.0979147
0.0468836
0.0554789
0.276196
0.100854
0.144008
0.376179
-0.00910656
0.356011
0.00932344
0.11617
0.202714
0.369868
0.213431
0.251971
0.0389443
0.0783392
0.0842169
-0.0448331
0.346966
0.226738
0.164093
0.503912
0.0693666
0.208782
0.156535
0.151763
-0.0870543
0.055942
0.124185
0.4003
-0.0187901
0.0678875
0.48346
0.264271
0.0404325
0.398206
0.256345
0.133394
0.117211
0.211515
0
0
0
-0.0517613
0.00067405
0.00826403
0.03771
-0.160366
0.033209
-0.196809
-0.0552284
0.0216449
0.101183
-0.0792245
-0.00677818
-0.128944
-0.145921
-0.0537197
0.0079333
-0.119068
-0.0238049
-0.0280589
0.031142
0.046664
0.0624444
-0.203208
-0.0955745
0.0227281
0.0866059
0.0751527
0.0474031
0.01446
0.0402235
-0.0351528
-0.0381692
-0.118547
-0.132642
0.00611642
0.167425
0.0267931
0.0804438
0.0141151
0.144296
0.00725699
0.101278
-0.0120729
-0.135963
-0.0959807
0.124143
-0.0894967
-0.20353
0.0037112
0.0780329
0.143745
0.0938861
-0.0919291
-0.0145337
-0.102346
-0.122389
-0.046414
-0.142093
-0.0125389
-0.171497
0.0278475
0.0508929
0.0018435
0.0223604
-0.18954
0.0151116
-0.103029
0.0577683
0.00134407
-0.0776281
-0.160194
0.00660957
-0.0222852
0.0561011
-0.0480052
0.0237379
0.0229896
-0.115173
0.0352721
-0.163626
-0.0636413
-0.0414188
0.140234
-0.181733
-0.071487
0.0543779
-0.115411
0.158177
-0.0436919
-0.187983
0.0931126
-0.17587
0.146174
0.0752858
0.077782
0.0890184
-0.116217
-0.105484
-0.0462415
-0.0192364
0.0869819
0
0
0
-0.0903072
-0.110274
-0.0118993
0.14705
-0.0259706
0.142283
-0.119113
0.147238
-0.106759
0.102411
0.0219057
0.0196426
-0.0250947
-0.120574
0.0992277
-0.0345596
0.051671
-0.105823
-0.033961
-0.1556
-0.172673
-0.0471146
-0.0160076
0.0779309
0.0229907
-0.00922783
-0.0971697
0.0676025
0.0236703
0.0905144
-0.124972
-0.0689773
0.00831361
0.0524929
-0.144612
0.0861958
-0.106277
0.167668
-0.0926632
-0.155631
-0.0545736
-0.0601247
-0.0895959
0.0327805
0.102806
0.0984303
0.00228978
0.0494392
-0.0898973
-0.0287915
-0.132623
-0.171317
-0.0485275
0.0974383
-0.0625991
-0.092118
0.0166742
0.0884041
0.0781407
-0.0393938
-0.050701
0.0353304
0.00035514
-0.0295149
-0.0836199
0.115473
0.00859161
-0.0354636
0.0455161
0.115072
0.0644947
-0.0273197
-0.0877395
0.0846336
-0.019382
0.166552
0.0551586
-0.0133415
-0.0477552
0.100067
-0.134108
0.169184
0.044417
0.0707697
0.0103627
-0.0980529
-0.043947
-0.174092
-0.00666345
-0.0730685
-0.0265214
0.0201471
0.0348814
-0.16007
-0.101045
0.0184838
0.0376996
-0.0851104
-0.17334
-0.0843374
0.072575
1
0
0
0
0
0
0
0
0
0
0
0
0
0
0
0
0
0
0
0
0
0
0
0
0
0
0
0
0
0
0
0
0
0
0
0
0
0
0
0
0
0
0
0
0
0
0
0
0
0
0
0
0
0
0
1
0
0
0
0
0
0
0
0
0
0
0
0
0
0
0
0
0
0
0
0
0
0
0
0
0
0
0
0
0
0
0
0
0
0
0
0
0
0
0
0
0
0
0
0
0
0
0
0
0
0
0
0
0
0
1
0
0
0
0
0
0
0
0
0
0
0
0
0
0
0
0
0
0
0
0
0
0
0
0
0
0
0
0
0
0
0
0
0
0
0
0
0
0
0
0
0
0
0
0
0
0
0
0
0
0
0
0
0
0
-0.0947787
-0.0171668
0.128341
0.329025
0.127077
0.0980559
0.17295
0.00349869
-0.0375081
-0.012357
0.124406
-0.0998039
0.155349
0.0926569
0.00108434
0.0838253
0.0736157
0.152831
-0.0724436
0.203776
-0.0694419
0.102691
-0.0678406
0.103866
-0.0824367
-0.116905
0.0963629
-0.0621331
0.110574
0.211114
0.0881721
-0.096961
0.128272
0.00190475
-0.0339748
-0.0394129
0.182796
0.274974
0.117039
-0.075452
0.124708
0.125688
0.190899
-0.0160428
0.181555
-0.0685503
0.0700899
0.105375
-0.0299991
-0.0346334
0.147099
1
0
0
0
0
0
1
0
0
0
0
0
1
0
0
0
0
0
1
0
0
0
0
-1
0
1
0
0
0
0
0
0
1
0
0
0
0
0
0
1
0
0
0
0
0
0
1
1
0
1
0
0
0
0
0
1
0
0
0
0
0
1
0
0
0
0
0
1
0
0
0
0
1
-20
1
0
0
0
0
0
0
1
0
0
0
0
0
0
1
0
0
0
0
0
0
1
-1
0
0.163195
0.255461
0.535008
0.00894586
-19.713
-0.0279764
0.189811
0.0867084
0.0330981
-5.75833
0.0557623
0.360787
0.0738971
-0.0128401
-6.65222
0.0122148
0.176323
0.349124
-0.00189413
-11.0493
-0.123268
0.0359208
0.183692
-0.00285431
-2.14603
0.165168
-0.546022
-0.461094
-0.249533
22.6123
0.289151
0.0312192
-0.245114
-0.0248009
1.03348
0.19099
-0.0171205
-0.357089
-0.0378126
6.32111
0.0909561
0.0417577
-0.161524
0.116552
2.33875
0.204999
-0.235864
-0.146494
-0.174265
7.82165
-0.155028
0.197878
0.161444
0.000520723
-4.32201
-0.621737
-0.116018
0.629203
0.231704
0.061344
0.201497
0.00132731
-0.360081
0.0115567
5.11505
0.267996
0.0792518
-0.345839
-0.0838852
2.93798
0.172892
0.316172
0.0479326
-0.0970155
-8.17255
-0.0416934
0.0653237
0.0890188
0.0102823
-2.53213
0.0164892
0.262921
0.147545
0.00812105
-8.93144
0.0485559
0.085431
-0.133081
0.00414602
-0.504652
-0.314423
0.118038
0.27722
-0.0069212
-1.94769
-0.313361
0.195494
0.0450809
-0.000334104
1.14826
0.281952
0.0428119
-0.285345
-0.00749589
1.44853
0.018639
0.035612
0.156944
0.00658878
-4.43257
0.126128
0.213697
0.014308
-0.0483335
-4.7031
0.193265
0.0603009
-0.137876
0.0234046
-0.246614
-0.225086
0.0504495
0.125681
0.00376822
0.70964
0.0671991
0.830096
0.208255
-0.125766
-18.4976
-0.0354854
0.106397
0.249346
-0.000811811
-6.62233
-0.278732
0.327854
-0.102507
0.00592292
0.63372
0.12012
0.0766262
0.232597
-0.0101699
-8.76046
0.262113
0.140664
-0.100529
0.029489
-4.04941
0.00962341
0.35798
0.149292
0.0216075
-10.9361
0.13999
0.272003
-0.723257
-0.196846
10.3776
0.258391
0.11191
-0.138464
0.0171924
-2.60674
-0.086177
0.177381
0.300717
-0.000810457
-8.13084
0.215273
0.157839
-0.121574
0.0331972
-2.94409
0.299351
-0.0341275
0.511444
-0.0437567
-11.9269
0.253279
0.148661
-0.462765
-0.0734627
4.3744
-0.128122
0.0640598
0.195901
0.00204526
-2.88769
-0.0764673
0.0190622
-0.265312
0.12334
7.76866
0.0213891
0.0275083
0.160813
0.0122311
-4.50959
0.214196
0.154944
-0.442608
-0.00275363
3.68223
-0.383151
0.0970889
0.560726
0.0109488
-6.17475
-0.0227794
0.180373
0.143167
0.00171125
-6.19198
-0.0802227
0.0402245
0.451567
-0.00255387
-8.50217
0.254688
0.109427
-1.45745
-0.20077
25.7822
-0.0647435
0.184709
0.924269
0.000175417
-21.3692
-0.0367823
0.144278
0.0513719
-0.00871128
-3.33402
0.0326479
0.026465
-0.266974
0.0272602
3.39689
0.180508
0.215489
0.779668
0.00330178
-24.0703
-0.0216251
0.106986
0.142911
-0.000321272
-4.67739
0.00793163
0.130067
0.0167663
0.0104298
-3.44846
0.00159688
0.22602
-0.0466469
0.017042
-4.11787
0.205739
0.151157
-0.241825
0.033996
-0.23077
-1.3742
-0.0878686
1.05226
-0.00745851
8.32277
-0.0120488
0.223057
0.113593
-0.00210106
-6.66538
-0.214631
-0.0495249
0.0889574
0.0194857
2.95523
-0.106533
0.0857877
0.0336261
0.00303624
-0.45186
0.941177
-0.000666335
-1.23997
-0.0613411
5.33135
0.0822503
0.509798
-0.582486
-0.00326398
-0.780288
-0.269961
0.0503076
1.78741
-0.0433865
-30.8784
-0.00846317
0.208787
0.436708
0.0129835
-13.2495
-0.00350904
0.0802339
0.620182
0.0080619
-14.475
0.536313
0.0561748
0.118316
0.0056152
-14.666
0.113761
0.0963688
-0.529678
-0.122577
9.84315
-0.130839
0.016557
0.286657
-0.00472814
-3.66943
-0.00412738
0.113072
0.398528
-0.00149077
-10.3732
1.30428
0.277594
0.234495
-0.00615106
-37.0618
0.242568
0.0753878
-0.195537
-0.0222787
-0.231909
0.228945
0.00695468
-0.118899
0.00935768
-0.35622
0.275564
0.234681
0.048123
0.00154935
-9.15728
0.0257817
0.00247785
-0.125138
0.0601122
3.46415
-0.254362
0.0426847
0.34766
-0.0101767
-3.02379
0.00201161
0.112938
1.26973
0.00583426
-28.3829
-0.289144
0.347661
0.0354365
-0.000818866
-2.19897
0.193609
0.164034
-1.62602
-0.290272
30.6972
0.0449485
0.151692
0.13135
0.00109097
-6.74062
0.131968
0.172487
-0.064657
-0.165505
-1.14764
-0.214397
0.195059
0.1221
-0.0043161
-2.29899
-0.0515413
0.0704619
0.118143
0.00316226
-2.92876
0.0016687
0.363714
1.06602
-0.111817
-25.2873
-0.031754
0.219714
0.202308
-0.0013455
-7.99838
0.147556
0.277299
-0.249934
0.0709052
-1.39596
0.0847797
0.0536458
0.106921
-0.407338
2.71956
0.0190484
0.0863095
0.32998
0.0044004
-8.98679
-0.0720687
0.107679
0.140649
0.0179624
-3.9859
0.0497804
0.178316
0.02583
0.000198336
-5.19367
0.186437
0.0588969
0.681184
-0.0348317
-15.3032
-0.250084
0.085944
0.290207
0.00348476
-2.87775
0.48232
0.251966
0.375476
0.00329521
-22.7193
-0.0841445
0.281656
0.0425931
-0.00841762
-5.0717
-0.119686
0.15119
0.0947855
-0.000868647
-2.68689
0.0240985
0.687696
-0.289128
-0.0529292
-6.13579
-0.339
0.0813773
0.0890812
0.0118605
2.91226
-0.0100136
0.201688
0.270861
-0.000910948
-9.45171
0.035856
0.063989
0.212312
-0.00176591
-6.41454
0.0586439
0.0173407
-0.221738
0.124742
4.64092
-0.405056
0.140456
0.363215
-0.00705619
-2.40043
-0.0107765
0.216536
0.143914
0.00313483
-7.20682
-0.178909
0.182222
0.114058
0.0013029
-2.58998
-0.0385363
0.0606849
0.241594
0.00405086
-5.55226
0.458387
0.0143196
0.129582
0.065722
-13.5436
0.0719695
0.04283
0.033436
-0.002164
-3.11102
0.265763
0.993071
-0.332205
-0.170612
-13.485
-0.224422
0.664208
-0.01341
0.00515583
-9.01517
-1.02689
0.0348052
1.17399
0.00445114
-4.74652
0.400582
0.879109
-0.0489319
0.0996667
-23.5361
0.295312
1.09552
0.061099
0.0664354
-27.9779
-0.411981
-0.22411
0.311254
0.27623
5.75133
0.0849043
0.906729
-0.455424
-0.186609
-5.51546
0.307805
1.19777
0.259342
-0.0166476
-35.9356
-0.203386
0.608351
0.0617706
0.0136697
-10.0579
-2.33496
-0.356893
4.04718
0.222708
-28.199
-0.495321
0.0917101
1.16289
0.246715
-16.6761
0.362967
0.524053
0.806849
-0.00179441
-34.5987
1.61254
-0.0332538
0.847063
0.0930204
-49.5338
-2.16606
-0.586787
0.910276
-0.720133
43.5393
-0.0666118
0.591762
0.218334
-0.00704457
-15.2651
-1.74737
-0.028088
-0.00707288
-0.956603
45.9002
-0.186072
0.547052
-0.0906288
-0.000583163
-5.82399
0.0148351
0.99513
0.0751192
-0.000514019
-22.1545
-0.299886
0.59543
0.666613
0.00314785
-19.9966
-1.9476
-0.419668
2.67289
0.0960966
-7.99978
-0.418672
-0.116753
0.0895837
0.272671
8.98308
-0.0773399
0.736393
0.349103
0.108454
-18.9634
-0.319015
0.350174
0.140222
-0.00836812
-3.81438
0.195928
0.0113804
-2.19977
-0.383852
46.3923
-0.740142
0.102451
0.551634
0.00759725
0.947305
-0.196512
0.744976
0.0685194
-0.000177147
-12.8116
-0.10961
0.188552
0.175625
0.0041693
-5.4502
-0.22943
0.251216
0.19582
0.161187
-3.42012
-0.163986
0.228722
0.18961
-0.000557289
-5.34272
-0.49123
1.58404
-0.0514968
-0.0590926
-20.8505
-0.599244
-0.0508666
0.192409
0.18856
9.60119
-1.1425
-0.276516
1.66173
0.249031
-7.73622
-0.71442
-0.240788
0.267197
0.369782
12.7072
1.22703
0.052747
-0.128443
-0.586369
-15.3967
-0.325392
-0.0742531
0.181705
0.275102
4.01715
-0.0915729
0.597285
0.209459
-0.00706479
-14.7452
-0.213535
-0.131728
0.302353
0.294343
0.71749
0.0504566
0.0472323
0.0729879
0.00221197
-3.56883
-0.70966
-0.125302
0.446503
0.381438
6.06124
-1.06516
0.0326047
0.0680612
0.0211805
18.3057
-0.626828
0.4929
0.149991
0.00352052
-0.979147
-2.4863
-0.325636
3.64953
0.174262
-15.9357
0.402587
0.0934403
-2.20989
-0.28634
39.3609
0.55809
0.604648
-0.264672
-0.324183
-11.7939
0.0492901
0.929819
-0.8672
0.00674435
-3.23563
-1.87964
-0.0269902
-1.48936
-0.0679832
67.6899
-2.28199
-0.448774
3.6608
0.181897
-18.72
-0.195417
0.560967
0.0724057
-0.0115106
-9.21376
0.251521
0.115174
0.060127
0.00504322
-8.89372
0.153839
0.188587
0.102449
0.0144634
-9.35936
0.306518
0.417819
0.20573
0.00386202
-19.0756
0.268354
1.64294
-0.324353
0.262756
-35.0811
-0.424605
0.549754
0.213146
0.00375252
-7.43189
0.0510196
0.00689367
0.141549
0.00346143
-4.13492
0.643938
0.811773
-1.59076
-0.0201201
2.4702
1.11592
0.65983
-1.00332
-0.00840797
-16.7099
-0.0443528
0.74259
-0.560717
-0.00178419
-3.40886
-0.753972
-0.401108
0.506615
0.567192
8.86837
-2.74435
-0.549191
4.55634
0.218831
-27.0778
0.0377586
0.455882
0.260327
-0.00535131
-15.4759
0.0781855
0.0667377
0.0681546
-0.00179999
-4.35913
-0.405375
-0.172326
0.280209
0.267152
5.34894
-0.119425
0.653931
0.166427
0.00474771
-14.5439
-0.990098
0.335915
0.38791
0.00586251
4.41604
-0.45553
-0.190856
1.05107
1.35663
-21.5898
-1.31497
-0.291943
1.32812
0.0600214
4.12474
-0.282315
0.377709
0.366001
0.00459594
-9.76034
-0.534233
1.14201
0.636172
0.00101442
-23.769
0.300895
0.971404
-0.445356
-0.019982
-14.1191
-0.214588
0.542546
0.330577
0.00238973
-13.6706
-0.11241
0.648376
0.632518
-0.00648147
-24.0123
0.542058
0.189466
-1.8305
-0.24538
25.9122
-0.0631831
1.9427
-0.331286
-0.0820629
-30.5666
-0.187411
0.676902
0.434777
-0.00621041
-19.0632
-0.201712
1.07198
0.425407
0.00473735
-26.7095
-0.198704
0.698588
0.394953
-0.0043028
-18.444
-0.133391
0.98807
-0.480464
0.0116125
-8.43354
-0.159366
0.428966
-0.10209
0.109215
-1.18169
0.299804
0.704567
-0.562371
-0.0142423
-9.52787
0.135724
0.421693
-0.32559
0.0619687
-2.49161
0.245511
0.0973298
0.0957227
-0.451443
-0.81548
-0.108986
0.843633
0.60183
-0.00507439
-27.3896
-0.103241
0.572941
0.112452
0.0111618
-12.1721
-0.495307
0.330193
0.745949
-0.00469965
-12.4023
0.218701
0.107333
0.102294
-0.448575
-0.65859
-0.121226
0.64296
0.26715
-0.0156271
-16.2039
-2.35942
-0.607271
0.96633
1.29957
26.4499
-0.167254
0.357175
0.059966
-0.00274747
-5.28837
-2.03273
-0.432946
3.23418
0.138152
-17.1511
0.266298
1.85757
0.105838
0.00490909
-45.6025
-2.76929
-0.267281
-1.10032
-0.181101
83.5317
-0.0279366
0.526609
0.301653
-0.0102837
-16.4127
-0.246579
0.648354
0.259647
-0.000238738
-13.7374
0.101279
0.129572
0.101179
-0.437187
1.80706
-0.218613
1.05988
-0.19224
-0.000695814
-13.6294
0.0356102
0.650589
0.366567
0.00654609
-21.6786
-0.0194123
0.12739
0.403057
0.0130775
-10.7266
-0.115086
0.792829
0.730819
0.00858198
-29.0389
-0.0730296
0.164259
1.56045
-0.190319
-27.455
0.0201567
0.0153954
0.99785
0.000810016
-21.4123
-0.252664
0.0454405
0.207901
0.162305
1.54974
0.0737258
0.712504
0.66092
-0.00106518
-29.5294
0.0142607
0.289934
0.283889
-0.00131404
-12.0126
0.0235509
-0.0229684
0.0952109
0.181882
-1.40768
-0.0947932
-0.0889897
-0.0433501
0.157295
5.46488
0.100314
0.0356891
0.0334853
0.171595
-2.82842
0.0464172
0.00373328
-0.00927091
0.233722
-0.145151
0.142021
0.478835
0.794022
0.000869019
-28.9114
0.106109
0.0947968
0.354864
-0.00548369
-11.3558
-0.185167
-0.0979665
0.129834
0.146911
4.589
0.0279028
-0.0181278
0.0528271
0.146376
-0.661152
0.0618126
0.0770494
0.174959
0.144245
-5.61152
0.0259438
0.0436907
0.089243
0.138256
-2.35143
-0.14165
0.127248
0.133376
0.00737524
-2.71175
-0.0250219
0.188858
0.31844
-0.00248302
-9.88796
-0.044145
0.0507947
0.792169
-0.00849079
-16.4131
-0.00242188
0.0500361
0.176634
-0.0111285
-4.65445
0.0528112
0.11817
0.224797
-0.00033375
-8.13952
0.0488524
0.0506283
0.076948
0.188523
-3.15731
0.0112059
0.149254
0.499682
-0.00128436
-13.4671
-0.0427317
0.00549102
-0.616696
-0.208697
17.9605
0.0943797
-0.0600651
0.186018
0.165438
-3.75568
0.315998
0.307896
0.805242
-0.00602216
-29.1896
0.0093424
0.0768061
0.459235
-0.000839398
-11.1355
0.109232
0.16556
0.35614
0.00502057
-13.0166
-0.213289
0.306078
0.406034
0.00303831
-10.4394
0.0118865
0.146086
0.997327
-0.000176755
-23.6392
-0.016405
0.128738
0.742898
0.533229
-20.9077
0.0112159
0.255618
0.0999732
0.00413676
-7.55894
-0.448169
-0.312518
1.29611
0.0105486
-7.56286
0.0277107
0.0593262
0.0263668
0.284654
-2.82511
0.0242442
0.192387
0.852953
-0.0147695
-21.595
0.0304074
0.0172898
-0.0105227
0.187685
0.03207
-0.371823
-0.115635
0.496123
0.182091
1.19574
-0.0190653
0.0321173
0.0432914
0.177701
-0.542628
0.0141469
0.0400805
0.297426
0.00214813
-7.23027
-0.0105847
0.10692
0.309906
0.166288
-7.39687
-0.0648081
0.106685
0.762568
0.00296523
-16.6299
-0.637291
-0.0500786
0.503372
0.0756811
5.3649
0.046878
0.268072
-0.0476445
0.107992
-4.54852
-0.00441578
0.122552
0.302831
0.0109908
-8.82937
-0.065775
0.0913858
0.607568
0.000165074
-13.0068
-0.0548966
0.10662
0.332049
0.00181572
-7.95543
-0.000922429
0.0678756
0.624765
0.00229238
-14.1579
0.00809979
0.00730278
0.345863
0.0118566
-7.59494
0.102509
0.393362
-0.513408
0.0594541
-1.29389
0.00415023
0.0456032
0.272104
0.00198334
-6.62724
0.221032
0.00347811
0.238619
-0.000678706
-9.48635
-0.0189622
0.117145
0.0516951
0.137238
-2.22339
0.640398
0.208931
0.110316
-0.00147018
-19.6687
0.040417
0.0131007
0.217425
0.193539
-4.88636
-0.079386
0.10586
0.144212
-0.00136946
-3.59206
-0.0251687
0.147832
0.493299
0.00389148
-12.7511
-0.0206034
0.179258
0.98605
0.0236389
-23.8181
-0.00406515
0.0899022
0.411754
-0.00899021
-10.2082
0.0110488
0.0873891
0.249333
0.00680421
-7.242
-0.0667856
0.166344
0.309837
0.00276674
-8.49677
0.0328552
0.061704
0.790381
0.0099758
-18.2357
0.0141549
0.105005
0.557521
0.00666525
-13.9353
0.0631076
0.177053
0.437787
0.00205597
-13.8704
-0.0211499
0.0718573
0.648822
0.00326044
-14.3884
0.106562
0.0294388
-0.0130601
0.167954
-1.72806
0.45698
0.472668
0.533203
0.00302278
-29.9066
0.11188
0.630029
0.688779
0.00874663
-29.3823
0.00643046
0.124213
0.813931
-0.00331939
-19.2994
0.00817352
-0.0446012
0.0811744
0.167288
-0.355014
0.096088
0.199213
0.703778
-0.00833107
-20.4146
-0.00795628
-0.0156963
0.0448528
0.183567
0.0992956
0.0356029
0.168556
0.88149
0.00385067
-22.2918
0.0628502
-0.0138745
1.2395
-0.00369179
-26.3463
-0.271994
0.00446433
0.150077
0.00318408
2.0896
-0.371828
-0.0838341
0.736282
0.209371
-4.54282
-0.0630083
0.039762
0.308053
-0.0103261
-5.88223
-0.0667339
0.0505629
0.349905
-0.00131584
-6.87896
-0.0608808
0.132048
-0.0702032
0.115064
0.66174
-0.089565
0.0920057
0.332596
0.00917608
-7.16757
-0.0658042
0.0833046
0.419845
0.0117888
-9.23044
0.0311759
0.295003
1.95155
0.0444075
-47.2817
-0.033987
0.392274
0.714984
0.00492281
-22.0245
-0.196428
-0.0595482
0.00453351
0.137884
6.59695
0.0358151
0.0939307
0.63547
-0.00497442
-15.6622
-0.18275
0.4323
0.250066
0.00151233
-10.3939
-0.0121831
0.082687
0.411561
0.000710398
-9.86241
-0.0920342
-0.0364014
0.150862
0.192572
0.414342
-0.308462
-0.220787
0.603611
0.194528
-0.44425
-0.0328122
0.15517
0.432366
-0.00651993
-11.3571
0.0310497
0.147532
0.77511
0.0112129
-19.7695
-0.0686726
0.0854706
0.37749
0.000636141
-8.11956
-0.0373642
0.0356493
0.219229
-0.00454604
-4.48068
0.0188602
0.0776986
0.408108
0.0102282
-10.4892
-0.0700055
0.15374
0.569402
0.00859635
-13.6081
0.0457715
0.0442845
0.395166
-0.00740829
-9.99906
0.00925259
0.0452153
0.319186
-0.00287472
-7.62694
-0.164322
-0.233498
0.101672
0.182343
7.22144
-0.0226194
0.0943676
0.391483
0.00386374
-9.54112
0.00706039
0.0702547
0.529222
0.00163981
-12.4437
0.0102054
0.145549
0.294965
-0.000690698
-9.20931
0.0167328
0.00372232
0.624843
-0.00831161
-13.2255
0.317904
-0.0434781
2.01955
0.00215265
0.00462472
1.19668
0.558789
0.759347
2.79999
0.577707
0.0118535
0.0930806
0.659598
0.432482
0.0407067
-0.010261
-0.000884483
0.0244955
0.00201173
-0.00325087
0.773759
0.0181555
0.349643
1.05234
0.00466715
0.649994
-0.0170238
-0.00126377
-0.0463345
0.821067
0.0362201
0.158387
0.637861
0.0397326
0.995206
2.43507
0.844355
-0.031549
2.04716
-0.0112486
0.744959
-0.00552281
-0.0387278
-0.0310339
0.360561
0.023368
-0.00336551
-0.0144854
-0.0716129
0.0149553
-0.00906314
-0.00430226
1.21562
0.0826571
-0.00739153
0.00192619
-0.0321347
0.34171
-0.00862597
0.0181951
-0.0133786
0.0232052
-0.315282
0.441204
0.00692257
-0.0365159
0.00213387
0.412029
0.630743
0.398261
1.76336
-0.00978411
-0.0283935
-0.00128063
0.805215
0.00645769
0.52456
0.0269647
0.0270589
0.459642
-0.0147091
2.06623
2.59541
-0.0310668
0.0222391
0.00291865
1.61045
-0.0129922
-0.0036102
0.0161976
0.0105823
0.235421
0.0319091
-0.0120588
-0.0257168
3.04397
0.0068876
0.00192913
-0.0117333
-0.00761189
0
0
0
0
0
0
0
0
0
0
0
0
0
0
0
0
0
0
0
0
0
0
0
0
0
0
0
0
0
0
0
0
0
0
0
0
0
0
0
0
0
0
0
0
0
0
0
0
0
0
0
0
0
0
0
0
0
0
0
0
0
0
0
0
0
0
0
0
0
0
0
0
0
0
0
0
0
0
0
0
0
0
0
0
0
0
0
0
0
0
0
0
0
0
0
0
0
0
0
0
0
0
0
0
0
0
0
0
0
0
0
0
0
0
0
0
0
0
0
0
0
0
0
0
0
0
0
0
0
0
0
0
0
0
0
0
0
0
0
0
0
0
0
0
0
0
0
0
0
0
0
0
0
0
0
0
0
0
0
0
0
0
0
0
0
0
0
0
0
0
0
0
0
0
0
0
0
0
0
0
0
0
0
0
0
0
0
0
0
0
0
0
0
0
0
0
0
0
0
0
1.61726
0
0
0
0
0
0
0
0
0
0
0
0
0
0
0
0
0
0
0
0
0
0
0
0
0
0
0
0
0
0
0
0
0
0
0
0
0
0
0
0
0
0
0
0
0
0
0
0
0
0
0
0
0
0
0
0
0
0
0
0
0
0
0
0
0
0
0
0
0
0
0
0
0
0
0
0
0
0
0
0
0
0
0
0
0
0
0
0
0
0
0
0
0
0
0
0
0
0
0
0
-0.343081
-0.0112145
1.61644
-0.042329
0.120583
0.240715
0.0876879
0.601567
1.73962
-0.0224193
-0.0238963
0.250684
0.0806215
0.0234659
-0.12162
-0.541907
0.0268376
-0.953115
-0.0119454
0.00487404
-0.0123646
0.204062
1.95528
0.314233
0.00446854
1.29645
0.166014
-0.0306158
-0.019311
0.793319
0.00653234
0.00358937
0.841222
0.103613
1.58935
0.398712
1.33128
0.0220961
2.31349
-0.00559824
1.20952
0.149672
-0.0744892
0.32537
0.695858
0.980229
-0.00610307
-0.0204166
0.288873
0.00176116
-0.0492222
-0.122743
-0.124064
-0.202508
-0.0860932
-0.0295567
-0.0339252
0.402926
-0.0161589
1.46111
0.19409
-0.0231909
-0.0195646
0.695211
0.0195535
0.11988
0.449763
0.326482
0.0193272
0.111767
0.257934
-0.0121044
-0.000429623
0.163275
0.0153785
-0.0172919
0.0144219
0.00292808
0.0279627
2.37743
-0.00428284
1.20607
2.77233
0.000732318
0.00465167
0.0157371
2.64472
-0.0206798
0.46985
-0.0173945
0.222439
-0.00608762
-0.0773949
0.0393069
0.00360203
3.48426
-0.108861
0.0213526
0.0300284
0.0021507
0
0
0
0
0
0
0
0
0
0
0
0
0
0
0
0
0
0
0
0
0
0
0
0
0
0
0
0
0
0
0
0
0
0
0
0
0
0
0
0
0
0
0
0
0
0
0
0
0
0
0
0
0
0
0
0
0
0
0
0
0
0
0
0
0
0
0
0
0
0
0
0
0
0
0
0
0
0
0
0
0
0
0
0
0
0
0
0
0
0
0
0
0
0
0
0
0
0
0
0
1.99013
0
0
0
0
0
0
0
0
0
0
0
0
0
0
0
0
0
0
0
0
0
0
0
0
0
0
0
0
0
0
0
0
0
0
0
0
0
0
0
0
0
0
0
0
0
0
0
0
0
0
0
0
0
0
0
0
0
0
0
0
0
0
0
0
0
0
0
0
0
0
0
0
0
0
0
0
0
0
0
0
0
0
0
0
0
0
0
0
0
0
0
0
0
0
0
0
0
0
0
0
0
0
0
0
0
0
0
0
0
0
0
0
0
0
0
0
0
0
0
0
0
0
0
0
0
0
0
0
0
0
0
0
0
0
0
0
0
0
0
0
0
0
0
0
0
0
0
0
0
0
0
0
0
0
0
0
0
0
0
0
0
0
0
0
0
0
0
0
0
0
0
0
0
0
0
0
0
0
0
0
0
0
0
0
0
0
0
0
0
0
0
0
0
0
0
0
0
0
0
0
2.43782
0.0364903
1.91583
-0.116486
0.0330638
0.769201
0.747858
0.780815
2.86006
0.00583722
0.00643555
1.42794
0.331022
0.30245
0.649347
0.0104545
-0.00350111
-0.0384401
0.0165036
-0.012643
1.24085
0.0589475
0.796695
0.482824
-0.0222685
-0.0196928
-0.0119188
-0.0415291
-0.010005
0.662519
-0.0535572
1.13701
1.12875
0.091428
1.5941
1.73188
0.957515
-0.0146888
0.579377
0.0239837
0.884471
0.272289
0.0218632
-0.0253791
0.00906438
0.000755296
-0.014441
-0.225886
-0.00813235
-0.0148519
0.668872
-0.569188
1.36681
-0.0260431
-0.0603427
0.464233
-0.0119292
0.0435822
0.00112998
-0.00228646
-0.0239223
-0.00955549
0.135644
1.03257
-0.109398
-0.0536378
0.496403
0.655232
0.0381155
0.790038
0.35072
0.0020262
0.00357538
1.13958
-0.0245062
0.014911
0.365295
-0.0177333
-0.0206756
0.149092
0.0107874
1.32785
0.0244709
-0.00565688
-0.00346598
1.17131
1.323
0.00944619
0.00596105
0.0305514
0.030141
-0.00102606
0.0147138
-0.0388734
0.00193064
2.14088
-0.01716
0.0204561
-0.0129017
-0.0198421
1.54508
