3
3
8
103
53
4
5
4
5
4
600
1
0
0
20
0
1
0
20
0
0
1
20
-0.045969
0.25161
-0.0859495
0.256542
-0.318586
0.136793
-0.152824
-0.0433248
0.0274082
-0.206037
-0.102123
0.293123
0.0712899
-0.0970151
-0.08058
0.221034
0.114744
0.0419197
-0.00124412
-0.0876788
0.0755119
0.0779106
0.0382913
-0.0754218
0.11195
0.0948225
-0.000142979
-0.062906
-0.0539186
0.45619
-0.0580562
0.20203
-0.307525
-0.135858
-0.0860985
-0.136703
0.0520876
-0.24053
-0.0779153
0.278834
0.17052
0.00378968
0.00462934
-0.116523
-0.0399944
0.188702
-0.0906244
0.245593
0.0612096
0.0141512
-0.0122839
-0.0551128
-0.052615
-0.0807936
-0.122605
0.106391
0.135172
0.154217
-0.00914137
-0.118316
-0.0162673
-0.138991
-0.18404
0.303093
-0.068507
-0.214824
-0.130971
0.302118
0.0923395
-0.17958
-0.101224
0.253035
-0.0268384
0.0228636
0.000472819
-0.0670061
0.103527
-0.0155873
0.0997932
0.0696807
0.246116
0.432985
0.146886
0.227476
-0.217784
0.316387
0.267807
0.169382
-0.10777
0.0799188
-0.00126865
-0.0897507
0.122082
-0.151051
-0.142678
-0.082472
0.43886
0.434074
-0.0296773
0.0897091
-0.339206
-0.135479
-0.137099
0.0832622
0.393027
0.328762
-0.0443412
-0.0866306
0.00227961
-0.435194
-0.0817472
0.389561
0.220512
-0.341522
-0.164661
0.041407
0.0297912
-0.0162698
-0.0401801
0.181348
0.00936101
0.334221
-0.0980655
0.308368
-0.402175
-0.149523
-0.127003
-0.13323
-0.0431358
0.408156
-0.0509436
0.20899
0.0396974
-0.150237
-0.0575079
0.220898
-0.110862
-0.256998
-0.154137
0.335175
-0.0233613
-0.336164
-0.113384
0.340273
0.104994
-0.066185
-0.045786
0.228573
-0.00369885
0.000140708
0.00426704
-0.0382655
-0.0505921
0.315153
0.00750233
0.104259
-0.114391
-0.349728
-0.154775
0.324261
0.0888994
0.0252513
0.00313491
-0.0540256
0.0118491
0.00476862
0.0039565
-0.021169
0.0555601
0.0150435
-0.0191405
-0.0553524
0.0284475
-0.198491
-0.0783105
0.263631
0.60561
-0.259822
-0.207863
-0.00280085
-0.108063
-0.030263
0.0118093
0.124604
0.016472
-0.0882274
-0.0978783
0.241791
-0.0494647
0.229928
-0.0770951
0.220596
-0.147375
-0.256619
-0.184695
0.36716
-0.00982178
0.268895
-0.0338223
0.151401
-0.00262429
0.0228284
-0.00287026
-0.0466239
-0.240913
-0.17128
-0.111988
-0.127301
-0.489603
-0.316265
-0.214109
0.142364
-0.0454715
0.424342
-0.0651961
0.198542
-0.134832
-0.0588277
0.0287976
0.0848306
0.235904
0.298324
-0.331686
-0.0216672
-0.0450855
0.418592
-0.068342
0.19601
0.0464619
-0.144675
-0.135858
0.189848
0.00374147
0.269935
-0.0603966
-0.126923
-0.0172645
0.0453483
-0.0295767
-0.0354962
0.260281
0.327282
0.167129
0.188416
-0.105812
0.168205
-0.0877536
0.207856
0.136002
0.0416083
0.0118509
-0.0270945
0.0345129
-0.113421
-0.0891853
0.24918
-0.050845
0.305433
-0.0413287
0.159693
0.053384
0.0562623
0.0382201
-0.0494173
-0.12436
-0.233165
-0.0691355
0.193551
0.0159776
0.0500017
-0.010832
-0.0271151
0.0112672
0.160885
-0.0745425
0.235327
-0.22315
0.495234
0.21053
0.230995
0.0543709
0.0336629
0.00207882
-0.0436728
0.121636
0.681159
-0.0121573
0.0110947
0.119148
-0.208475
-0.0546262
0.202668
0.0477084
0.2388
-0.0449637
0.21837
0.112206
-0.127199
-0.0574662
0.258763
-0.00745757
0.236188
-0.0787842
0.246419
0.336825
0.295317
-0.114789
-0.115906
0.00383523
-0.0142479
-0.0243222
-0.0373535
-0.0709464
-0.338796
-0.085527
0.206059
-0.0335907
-0.28078
-0.109605
0.286593
0.0730187
0.0370406
0.0873739
0.110458
-0.554096
-0.272564
-0.274485
0.18171
-0.0652414
-0.415686
-0.111341
0.342781
-0.0843431
-0.0585481
-0.0606114
0.115359
0.0593681
-0.334841
0.0140209
0.395027
-0.00328492
-0.144573
-0.117067
0.259214
-0.209738
0.168544
-0.0827283
-0.18137
0.133848
-0.0597622
-0.024751
0.21465
-0.177795
0.173631
-0.0722533
-0.126187
0.0147436
0.012426
-0.0295874
-0.0464044
-0.132092
-0.497386
-0.037289
-0.35497
0.284949
0.752603
-0.151433
0.0308494
0.0855414
-0.105111
-0.0791121
0.240319
0.0207172
-0.103958
-0.0372142
0.127038
-0.13272
-0.129703
-0.0965249
0.214768
-0.0583555
0.49905
0.109039
-0.142779
-0.0625663
-0.261712
-0.125966
0.302022
-0.0637454
-0.217212
-0.157179
0.342126
-0.039874
0.238782
-0.0861945
0.241138
-0.234239
0.517754
0.202986
0.238
1
0
0
0
0
0
0
0
0
0
0
0
0
0
0
0
0
0
0
0
0
0
0
0
0
0
0
0
0
0
0
0
0
0
0
0
0
0
0
0
0
0
0
0
0
0
0
0
0
0
0
0
0
0
0
0
0
0
0
0
0
0
0
0
0
0
0
0
0
0
0
0
0
0
0
0
0
0
0
0
0
0
0
0
0
0
0
0
0
0
0
0
0
0
0
0
0
0
0
0
0
0
0
0
0
1
0
0
0
0
0
0
0
0
0
0
0
0
0
0
0
0
0
0
0
0
0
0
0
0
0
0
0
0
0
0
0
0
0
0
0
0
0
0
0
0
0
0
0
0
0
0
0
0
0
0
0
0
0
0
0
0
0
0
0
0
0
0
0
0
0
0
0
0
0
0
0
0
0
0
0
0
0
0
0
0
0
0
0
0
0
0
0
0
0
0
0
0
0
0
0
0
0
0
0
0
0
0
0
0
1
0
0
0
0
0
0
0
0
0
0
0
0
0
0
0
0
0
0
0
0
0
0
0
0
0
0
0
0
0
0
0
0
0
0
0
0
0
0
0
0
0
0
0
0
0
0
0
0
0
0
0
0
0
0
0
0
0
0
0
0
0
0
0
0
0
0
0
0
0
0
0
0
0
0
0
0
0
0
0
0
0
0
0
0
0
0
0
0
0
0
0
0
0
0
0
0
0
0
0
0
0
0
0
0
-0.120505
0.0336519
0.0406257
-0.0591608
-0.0358451
-0.0486569
0.0161779
-0.0042663
-0.0516469
0.046706
-0.0528377
0.00302707
0.0441494
0.0256543
0.0714921
-0.141963
-0.0217542
-0.0313665
-0.174629
-0.143411
-0.0828101
0.0781904
-0.0662366
-0.0434546
0.0133
0.0397839
-0.0209431
-0.147871
-0.0972437
-0.102705
-0.00378793
-0.0545553
-0.0261808
-0.0251271
-0.198924
-0.0524907
-0.0469825
0.0848706
0.00654246
0.0960384
0.0840683
0.0710855
0.0214584
-0.186901
-0.00308271
-0.001022
-0.173608
-0.175188
-0.164203
0.00750607
0.0161489
-0.0352919
0.0287779
0.000968805
-0.0152811
0.146276
-0.0169353
-0.0190509
-0.0180464
0.0818467
-0.0831227
-0.0143086
0.0485134
-0.0538265
-0.00528592
0.112842
0.0307731
-0.0454079
0.00570384
-0.151957
0.119513
0.0489989
-0.104953
0.0508713
0.00413476
-0.0629399
0.00162952
-0.0810302
0.036558
-0.0958551
0.0503814
0.0567782
0.048657
-0.0260938
0.0281326
0.121406
-0.118871
-0.0453389
-0.0408354
-0.167349
0.0166291
0.027596
0.128952
0.161644
-0.0653898
-0.00462626
-0.0618754
-0.033644
0.130076
-0.0568919
0.0794147
0
0
0
-0.0357679
-0.069923
0.0704012
-0.0797918
-0.0754556
-0.0780277
-0.045973
0.00143124
0.0236977
-0.110705
-0.133238
0.11062
0.0625092
-0.112966
0.00837695
0.0761793
-0.0723726
-0.0898531
0.0388885
-0.00882413
0.0273479
0.0425021
0.0892307
-0.0397679
0.0729898
0.1007
-0.0142519
-0.11041
-0.0128876
-0.0395952
0.0372505
-0.138184
0.0721188
-0.0640184
-0.0530429
-0.0585396
-0.0732781
0.00812107
-0.0858554
0.0138311
0.0589278
0.130897
-0.0379161
-0.160537
-0.025565
0.0234258
0.107971
0.0959626
0.0169521
0.0370973
0.0264306
-0.0297301
-0.0597033
-0.0435357
-0.0137865
0.0496014
-0.118866
-0.0719208
-0.126765
-0.00114847
-0.0501944
-0.0061587
-0.114917
0.110799
-0.0117278
0.051864
0.129785
-0.0261031
0.102405
-0.0375313
-0.175163
-0.092643
0.0563422
-0.00499903
-0.0477663
-0.0021984
-0.0909432
0.0717339
0.0061532
-0.108012
-0.0504744
0.140227
-0.170365
0.104023
-0.125427
0.145934
0.00424956
-0.0447563
0.00738458
-0.052432
-0.0923528
-0.0484281
-0.142777
0.0359956
-0.136902
-0.0203404
0.0708498
-0.0776987
0.00877914
-0.113365
0.089724
0
0
0
0.112601
0.0289868
-0.0648628
0.0734035
0.0175101
-0.0946417
-0.0634494
0.100594
-0.179073
0.139085
-0.00415568
0.0167816
-0.00726409
-0.0346273
0.239722
0.163556
0.228045
-0.0316263
-0.0497067
0.0934336
-0.269226
0.148592
-0.144993
-0.0815114
-0.138794
0.0215997
0.169736
0.155709
0.118029
0.129121
0.0328244
-0.068486
0.0897064
0.0793721
0.185945
0.187855
0.144249
0.0121601
0.144638
0.224696
0.0120335
-0.0414657
-0.0285928
0.202641
-0.112374
-0.117378
0.0766285
-0.0673313
0.186145
0.135164
-0.0662046
-0.24987
0.162369
0.0812885
0.174914
-0.172249
0.228615
-0.0907791
0.0382289
-0.0349628
-0.0281264
-0.0684752
-0.0957534
-0.015184
0.0494873
0.0589324
0.0392947
0.178934
0.205532
0.254263
0.00660227
-0.0979189
0.0165152
0.018863
0.00229711
-0.0666965
0.0601468
0.176995
0.210731
0.274594
-0.0437457
0.199002
0.169833
-0.0441621
0.175567
0.00309095
0.27564
0.14325
0.239808
0.031742
0.322477
-0.137679
-0.00956546
0.1147
-0.03942
-0.0320065
0.158232
0.281658
-0.0807988
0.266129
0.25505
0
0
0
0.0497159
0.0800662
0.0239627
0.112821
0.0850736
0.0512892
0.0930361
0.0886271
-0.256477
0.224114
-0.00783383
0.132427
0.00356942
0.141222
-0.0386348
-0.0820324
0.0795949
-0.0315142
-0.0123118
-0.0338679
-0.0881267
0.187846
-0.0146738
0.0145774
-0.143849
-0.0297214
0.146146
0.229834
0.0304366
-0.0250779
0.0537491
-0.286347
0.0535191
0.150038
0.112784
0.136377
-0.046398
-0.0583223
-0.13883
0.326331
-0.0668049
0.0183872
0.0735197
-0.0200676
-0.0250424
-0.0596517
0.106705
0.0584312
0.282705
0.0813546
0.109247
-0.261488
0.0407715
-0.0923209
0.124396
-0.227486
0.215857
-0.0636057
0.108581
-0.161775
-0.180309
0.000109395
-0.0278553
0.0223608
-0.0284415
-0.0821965
0.00115095
-0.218843
-0.0864497
0.158567
-0.0192322
-0.122947
0.0207875
0.0801605
0.115981
-0.0310383
0.0355345
-0.0674125
0.0352805
0.119639
0.0693686
0.096445
0.264361
-0.207621
0.363781
-0.114777
0.0596507
0.0685769
-0.147867
0.0505738
0.136685
-0.0662199
0.0983002
0.0971219
0.194257
-0.150828
0.0956878
0.181854
0.00661498
0.11946
0.239633
0
0
0
0.139009
0.32851
0.10166
0.151326
0.11024
0.0163544
0.231348
0.0845226
-0.0795066
0.21233
-0.186364
0.138821
0.207756
-0.118768
0.0496309
0.0553705
0.299075
0.0670711
0.13859
-0.0670838
-0.118439
0.0671816
-0.0259804
-0.0927476
-0.115868
0.0201581
0.227875
0.246267
0.0888153
0.0103382
0.125247
-0.20597
0.0741912
0.161698
0.326504
0.335897
0.0655234
0.043758
0.187149
0.455337
0.159648
0.0108348
0.147808
0.317503
-0.0524884
0.0234728
0.154657
0.0488232
0.127068
0.17466
-0.128345
-0.0509391
0.140703
0.0788872
-0.0158723
-0.0181284
0.123611
-0.0811916
0.144508
0.0600926
-0.126024
0.0686624
0.157749
-0.11115
-0.00389628
-0.0457604
-0.0937513
0.112637
0.0558937
0.225206
0.047716
-0.117884
-0.0193754
0.13929
0.0850243
0.176188
0.290288
0.101095
0.329658
0.193758
-0.0950386
0.352458
0.305966
-0.0822259
0.108304
4.21509e-05
0.119836
0.139654
-0.0355662
-0.0644871
0.0293633
-0.124217
0.0925258
-0.0600735
-0.04923
0.024456
0.130912
0.299219
0.138807
0.264336
0.258016
0
0
0
0.0433053
0.129614
0.186583
0.179694
0.0356976
-0.0808613
-0.144496
0.275561
-0.0961581
0.146685
0.00582488
0.0332245
0.146498
0.0450553
-0.00146379
0.134259
0.416419
0.109458
0.0212093
0.097242
-0.201434
0.181132
0.12717
-0.0641917
-0.258556
-0.115096
0.0672671
0.386863
0.112182
-0.00148462
0.147772
-0.314215
0.094209
0.141834
0.346932
0.416021
-0.0594233
0.159051
0.0294272
0.628356
-0.016732
-0.0677286
0.0807513
0.197696
-0.174334
0.110949
-0.00217449
-0.0484302
0.197566
-0.041072
0.0139465
-0.252974
0.204074
0.279261
-0.00266965
0.0160642
-0.0474737
0.0972472
0.0574831
0.064911
-0.108143
-0.0526744
-0.0789089
-0.0361454
0.043143
0.0133914
0.0728012
-0.179689
-0.109249
0.189957
0.178493
-0.279915
0.0721822
0.0559256
0.110614
-0.0481798
0.0632339
-0.0926064
0.210434
0.0719392
0.03492
0.248811
0.20269
0.0969456
0.221019
0.18078
0.0616269
0.15297
-0.146555
-0.150227
0.16996
0.013468
0.0428402
-0.0154768
0.129906
-0.239969
0.366259
0.356577
0.0819373
0.343944
0.264729
0
0
0
0.183987
0.118754
0.252105
0.125579
0.222364
0.106646
0.160099
0.127739
-0.0522936
0.200443
0.0122362
0.0371711
0.135235
0.015788
0.110691
0.268905
0.10782
0.147726
-0.0101321
0.197876
-0.200198
0.0939573
0.0286914
0.203534
-0.0168833
0.0381746
0.233888
0.158955
0.090939
0.135433
0.0904544
-0.123296
0.12555
0.144383
0.0559949
0.309894
-0.0414903
-0.0679025
-0.108058
0.47199
0.0916403
-0.0724927
0.156129
0.127442
-0.182253
-0.00707399
0.047632
0.178394
0.136476
0.131887
-0.0839116
-0.182715
0.0860787
0.273501
-0.143624
-0.251338
-0.0223512
0.0552848
0.113304
0.137333
-0.247534
-0.0375706
0.127632
0.023805
-0.0364566
-0.117743
0.000834752
0.0401212
0.176768
0.160529
0.00780965
-0.0825764
-0.0095106
0.119619
0.071756
0.252052
0.219144
-0.042983
0.316752
-0.0532482
-0.0619305
0.177668
0.265603
-0.146638
0.165618
0.150179
0.0129837
0.204185
-0.0381069
0.0246912
0.17792
0.0226721
0.0963942
-0.054025
-0.0985316
-0.00777142
0.215679
0.225501
0.0578954
0.404756
0.259763
0
0
0
-0.0361495
0.0610806
-0.0617174
-0.25933
-0.270829
-0.0396209
-0.50715
0.0953575
-0.393259
0.0934059
-0.276748
0.0762699
-0.0966012
-0.24156
-0.432879
-0.441964
-0.0800696
-0.125758
-0.228295
-0.179519
-0.244537
0.177164
-0.273597
-0.0198951
-0.214397
-0.314228
-0.015202
0.0806848
-0.615892
-0.748555
0.104099
-0.136228
0.0336907
0.105156
-0.279795
-0.0130021
-0.480933
-0.946283
-0.0116976
0.0805533
-0.210177
-0.257028
-0.326325
0.057024
-0.0504216
0.0652692
-0.423832
0.053933
-0.184675
-0.0935891
-0.152918
-0.159522
0.0579507
0.0926166
-0.891301
-0.0531569
0.100096
-0.179878
0.105723
-0.238744
-0.159171
0.167895
-0.756613
-0.539674
-0.0107948
-0.110712
0.106739
0.0484728
-0.0367791
-0.122996
-0.356765
-0.425076
0.445511
-0.0386845
-0.624392
0.0836634
-0.0240432
-0.600612
0.065867
0.114059
-0.156923
0.197845
0.0953872
-0.017261
0.284358
-0.378666
-0.267081
-0.479609
-0.367424
-0.571274
0.399079
0.0420674
-0.490925
0.0364929
-0.221414
0.141264
-0.03189
-0.245186
0.0144289
0.0828137
-0.119325
0
0
0
-0.0810633
-0.150175
0.0830756
0.177141
-0.149969
-0.22148
-0.0465958
0.158923
-0.0778265
-0.0182561
0.0769722
0.0538945
-0.0792596
-0.0807181
0.0291505
-0.0913028
0.0116435
0.157495
0.0752341
-0.0875842
0.0401829
-0.0590109
-0.0704574
-0.141695
0.0817653
-0.00704601
0.0256177
-0.0334457
0.0578102
0.0894218
-0.0309561
0.0730308
-0.0397214
-0.0707542
0.0472315
-0.199375
-0.000253291
-0.162421
-0.0393835
0.124462
0.0691765
-0.101636
-0.0257844
-0.0797626
-0.114219
0.156545
0.0294269
-0.0744474
0.00348184
-0.141197
0.125115
-0.0860509
0.0526744
-0.00401562
-0.0692219
-0.181875
-0.159745
-0.00566975
0.0943439
0.142275
-0.161182
-0.00735652
0.0407954
-0.0161288
-0.0454603
0.0361669
-0.0494812
-0.0720769
-0.0440819
0.0355173
0.0544835
0.0478747
-0.180512
-0.136281
-0.0249845
0.0185292
0.021774
-0.0352317
0.0961847
-0.131591
0.0717894
-0.0621747
-0.108171
0.0255061
0.0104265
-0.0132313
-0.077371
0.180435
0.0260486
-0.110151
0.0426491
0.00432044
-0.168337
0.164278
0.091166
0.0328209
-0.066009
-0.0370516
0.0323085
-0.154367
0.0800446
0
0
0
-0.2111
-0.404196
0.0752822
-0.0047893
-0.0234898
-0.129964
-0.0624516
-0.200658
0.364131
0.0469676
0.0707423
-0.0638006
-0.124245
0.00462049
0.197458
0.273744
0.106716
0.00785311
0.211867
-0.0730888
-0.0485934
-1.03052
0.210239
0.121682
0.232151
0.523588
-0.127404
-0.115861
0.329293
0.0352596
-0.333142
0.558374
-0.458204
-0.0513365
0.209988
0.217872
0.153073
0.074914
-0.453037
0.313244
-0.0106364
0.0618104
-0.0364837
0.0276804
0.173065
-0.00867669
0.181901
-0.0323587
0.216877
-0.254618
0.0780753
0.185403
0.552622
-0.258829
-0.0938054
0.388652
-0.407575
0.00806615
0.146758
0.115691
0.137475
0.0128048
-0.0376372
-0.0485355
-0.206165
-0.0333804
0.341321
0.0859353
-0.186145
-0.862453
-0.147535
0.149611
0.0881351
-0.30075
-0.0160424
-0.310888
0.251857
0.125896
0.0500521
0.120765
-0.341088
0.366492
0.0491014
0.189544
0.0391359
0.0587183
0.209004
-0.023588
0.150255
0.0343395
-0.150778
0.0726568
0.0667337
0.24234
0.180768
-0.172761
0.19794
0.28924
-0.130372
-0.628672
0.097466
0
0
0
0.125772
0.139556
0.0356201
0.0502059
0.103246
0.201373
0.0384231
0.204288
-0.159732
0.143014
0.115409
0.0620561
-0.11539
-0.0550367
-0.00700901
0.146574
0.0270508
0.151903
0.168837
0.0260985
-0.246231
0.2535
0.0515323
-0.137418
-0.00474184
0.0692136
0.255299
0.295764
0.195404
-0.00404937
0.184819
-0.147362
0.0633023
-0.0698498
0.196813
0.235965
-0.126961
0.0757017
0.0122726
0.325524
0.0116607
0.0499583
0.139921
0.0766587
-0.229525
-0.104742
0.0023587
0.203
0.311162
0.0466079
0.134913
-0.0553565
0.287697
0.0322653
0.171595
-0.131678
0.123049
0.125225
0.0194542
0.0937693
-0.215811
0.0149858
0.132306
0.0515046
0.0154076
0.103886
-0.0891534
0.0358754
0.212396
0.347208
-0.0589532
-0.203233
0.0647642
0.04774
0.0416217
0.134823
0.101248
0.0619278
0.102408
0.0629497
0.060571
0.335503
0.393869
-0.147634
0.238927
0.0233745
0.197259
0.140423
0.0688869
-0.0134573
0.140579
-0.0342902
-0.15171
-0.0831108
0.0120781
0.0534279
-0.00180526
0.239763
0.00286558
0.103607
0.255955
0
0
0
-0.126164
-0.102842
0.0842948
0.0995294
-0.060833
0.0124756
-0.0347376
-0.112384
-0.0995037
-0.125297
-0.0773003
0.0675008
0.0668842
-0.127811
-0.18644
-0.0536105
0.0389528
-0.12022
-0.164113
-0.133082
-0.160316
0.0216733
-0.00374787
-0.0921581
-0.100616
-0.0919157
-0.0774289
0.0276678
-0.138897
0.0990116
-0.227303
-0.030538
-0.182481
0.057362
-0.153881
-0.0229242
-0.170585
-0.0890955
0.039878
-0.0411994
0.0879216
0.017516
-0.0873663
0.0339573
0.0510132
0.054087
0.036569
0.0950454
-0.135618
-0.0195329
-0.177014
-0.18978
-0.128031
-0.084449
-0.00432263
0.0203339
-0.0434151
-0.0308549
-0.0682545
-0.1629
-0.109951
-0.134721
-0.0550137
-0.0203428
-0.138279
-0.0321436
-0.00068119
0.0503089
0.0894038
-0.0196391
-0.17159
0.0920701
-0.13963
0.0416248
-0.0490419
-0.218845
-0.174938
-0.0497869
0.00483871
-0.0151364
-0.165284
-0.143427
-0.116867
-0.023691
0.0372851
-0.0205459
-0.0340831
0.0514046
0.0862871
-0.187929
-0.108009
0.0171191
-0.151263
-0.116928
0.105835
0.105866
-0.0274287
-0.0239398
-0.156304
0.0435974
0.0533751
0
0
0
0.180258
0.346394
0.0431945
0.156077
0.13978
0.113306
-0.079478
0.100302
-0.0980966
0.181127
-0.133102
0.0536821
0.167061
-0.12807
0.0160666
0.210061
0.124963
0.12964
-0.0715804
0.152449
-0.128426
0.322351
0.0514364
0.151429
-0.223151
-0.0500432
0.184443
0.479613
0.149205
-0.0158454
0.304633
-0.119872
0.146629
0.10961
0.200778
0.210312
-0.113927
-0.0525947
-0.0306296
0.219436
-0.0117873
-0.130808
-0.146332
0.219326
-0.164851
0.13125
0.0431601
0.0914638
0.226494
-0.0652248
0.0438457
-0.049829
0.331616
0.0901847
0.0667854
0.0289765
0.120614
0.0659014
-0.0442419
0.0560978
-0.133209
0.0782175
0.138225
-0.0529351
0.0101853
-0.107868
0.0156831
-0.000560443
-0.0519436
0.288738
0.0633324
-0.0894794
0.0300473
0.0296131
0.222285
9.29555e-05
0.121906
0.0933158
0.184413
0.10154
0.208435
0.302916
0.454606
0.0592033
0.250779
0.107494
0.0594942
0.0741655
-0.0454305
0.0381358
0.0926627
-0.0854291
-0.0256773
0.0556326
0.155807
0.0495528
0.124762
0.350067
0.14097
0.362994
0.276239
0
0
0
0.0783407
0.234078
0.038542
0.0515925
-0.00638429
-0.0452506
0.20078
0.168268
0.0674281
0.109198
-0.140327
-0.106957
0.0887706
-0.0652324
-0.0271711
0.186525
0.337636
0.00809247
-0.146193
0.0684803
-0.306465
0.110369
-0.111988
0.0284496
-0.197717
-0.12245
0.262812
0.158889
0.00777273
-0.104464
0.0183497
-0.0764338
0.199346
-0.0245127
0.205147
0.342948
-0.192374
0.156546
0.0407421
0.354367
0.133926
-0.0443384
0.0482637
0.171849
-0.299135
-0.0682715
-0.0171237
0.124843
0.183698
-0.0763419
-0.0625799
-0.0870501
0.175021
0.234308
-0.0157616
-0.0330871
0.0112193
0.164014
-0.0287502
-0.0171245
-0.217802
0.0331772
0.0289322
0.0728005
0.0804726
0.187689
0.0673412
-0.054282
0.160532
0.354397
0.00604583
-0.160273
0.131727
-0.0274417
-0.119059
0.179585
0.240169
0.134789
0.165082
0.0975486
-0.0310616
0.35702
0.159708
-0.00806434
0.159309
0.123309
0.0303209
0.167959
-0.087227
-0.0454344
0.177945
-0.142236
0.175656
-0.0441217
0.0692964
0.0520084
0.216166
0.288028
-0.00406178
0.0997247
0.247159
0
0
0
-0.0465206
-0.0333252
-0.00443966
0.00342364
-0.121837
0.0149999
-0.0897878
-0.0103287
-0.0173063
-0.153683
-0.197898
-0.0659
0.0100708
-0.0511799
-0.0385781
-0.123618
-0.0663374
-0.0901323
-0.0362142
-0.0452663
-0.100278
-0.104587
-0.0437437
-0.0393466
-0.145882
0.0236216
-0.0270918
-0.151886
-0.0453235
-0.0580034
-0.0941114
-0.0283595
0.0588973
-0.195262
0.0183031
-0.201675
0.00566873
0.122703
0.0201089
0.0478911
-0.177596
-0.118802
-0.0253341
-0.143303
-0.00579779
0.0805687
-0.0160932
0.0660204
-0.0699322
0.105178
-0.000187005
0.0999529
-0.114522
-0.0243224
0.102255
-0.0342486
-0.106735
-0.212913
-0.0454951
-0.195387
-0.0141212
0.00921413
-0.089051
0.0412253
0.0773411
0.0183946
0.0164761
-0.0945712
-0.0643425
0.0170386
-0.0866604
-0.106124
-0.0695907
-0.0449608
-0.18389
-0.106483
-0.0451253
0.0890497
0.057416
-0.143825
-0.0571169
-0.0600952
-0.065803
-0.116791
0.086905
-0.137321
0.096792
0.0666333
-0.120123
-0.0832846
0.0150414
0.0968178
-0.0500625
0.0553968
0.0187904
-0.187322
0.0322011
-0.0382168
-0.065339
0.133574
0.0533652
0
0
0
0.0193763
0.060691
0.336249
0.190038
0.0187522
0.0245713
-0.0379065
0.121963
0.0175453
0.240412
0.122624
0.171491
0.0394143
0.0609707
0.0434605
0.112996
0.451105
0.143697
-0.112147
0.0849648
-0.274202
0.242166
-0.240814
0.162993
-0.325979
-0.0413699
0.101524
0.311061
0.269755
0.178707
0.227582
-0.259091
0.0199631
0.309261
0.405797
0.564949
2.78832e-05
0.119799
-0.0766939
0.572964
-0.0498132
0.0596587
-0.0250242
0.0236305
-0.155697
0.0997576
0.214478
0.0245638
0.279109
-0.0754328
0.0433876
-0.173828
0.115475
0.187315
0.0603444
-0.317478
0.137821
0.181588
-0.119914
0.0260438
-0.198382
0.066509
0.00345666
0.376918
-0.127153
-0.0766272
0.272416
0.00349332
0.0487295
0.114983
-0.0191839
-0.180781
0.225014
0.0643583
0.0697601
0.000470406
0.195238
0.398887
0.0732922
0.271237
-0.000768703
0.202084
0.527373
0.0596062
0.396695
0.335227
-0.164522
0.0329226
0.040147
0.0174138
0.0900266
-0.101854
0.266139
0.152258
0.151719
-0.0929664
0.467923
0.444675
-0.0581397
0.24073
0.365548
0
0
0
0.0598629
0.143198
0.167125
0.0208651
0.0558661
0.0214208
0.0232092
0.288063
-0.149406
0.274586
0.0206634
-0.0974329
0.162886
0.180869
-0.0188606
0.232652
0.609857
0.160703
-0.0442062
-0.034298
-0.151606
0.24791
-0.135159
0.108043
-0.335903
0.049927
0.117215
0.480927
0.115842
-0.032721
0.20629
-0.254641
0.281982
0.150313
0.453375
0.388581
0.236791
-0.116054
0.0532751
0.588307
0.0490254
0.0627052
0.0394634
0.0458737
-0.263218
0.0509092
0.317021
0.165383
0.0787633
0.0798734
0.0280075
-0.140358
0.141107
0.199554
0.0553816
-0.222438
0.147263
0.0327602
-0.11142
0.125186
-0.206768
-0.078949
0.0817664
0.334665
0.0236946
-0.0450052
0.233446
0.0681377
0.102056
0.217699
0.118307
-0.141949
0.149565
-0.0662863
0.06436
0.153118
0.184638
-0.00593687
0.221838
0.3385
0.184612
0.345276
0.395451
0.300051
0.197585
0.175811
0.0916907
0.090578
-0.087545
-0.0246777
0.0535165
0.0186681
0.0342405
0.219954
0.26206
-0.0835478
0.544418
0.444994
0.0210682
0.242695
0.336425
0
0
0
0.191083
0.153804
0.0250058
0.229547
0.0856018
-0.0574975
-0.140654
0.280141
-0.14631
0.159024
0.0355249
0.0349223
-0.00347459
0.0710285
-0.0400675
0.118939
0.247067
0.135633
0.0322482
-0.000612887
-0.236094
0.175598
0.00113696
0.15045
-0.260819
0.0480531
0.317979
0.333304
0.239665
0.129748
0.227428
-0.134908
0.216883
0.0856968
0.393495
0.277705
0.0967325
-0.0656526
0.0807521
0.52779
0.0736832
-0.184033
0.115733
0.325748
-0.172976
-0.00846908
0.00619347
0.0928419
0.231283
-0.0536176
0.152404
-0.026552
0.304472
-0.0119616
0.121126
-0.0388426
0.101232
0.0999359
0.180173
-0.123014
-0.144322
0.0178909
-0.0632998
0.0553863
0.113112
0.102627
0.155252
0.0844946
0.177839
0.253677
0.15697
-0.139069
0.0709084
0.12633
0.136649
0.133284
0.212084
-0.00210597
0.217844
0.217275
0.0518949
0.276741
0.287539
-0.0307671
0.395522
0.0335321
0.114821
0.0565417
0.0583729
0.0970749
0.40422
-0.0428571
0.142411
-0.0147313
0.250586
-0.168905
0.0788651
0.449295
0.0864571
0.168783
0.310345
0
0
0
-0.0939815
-0.0564757
-0.0817321
-0.0901076
-0.13985
0.0280139
-0.161061
0.0673613
0.0673125
-0.135711
-0.116751
-0.0459127
-0.126219
-0.000899812
-0.154641
-0.0950183
0.0647562
-0.130498
-0.14381
-0.0237649
-0.0626188
-0.0949416
0.0536553
0.0470218
0.0931565
-0.00664503
-0.0617083
-0.254571
-0.22352
-0.154379
-0.0812862
-0.0426617
0.119104
-0.0906796
-0.0519775
-0.0567669
-0.133651
-0.131022
-0.0852093
0.0381699
0.0150479
0.0539056
-0.309233
0.00216423
-0.0642029
-0.153421
-0.172981
-0.0757349
0.106774
0.0886674
-0.0764047
0.121963
0.0647228
-0.118845
0.0695016
0.00707048
0.0135624
-0.169829
0.0109816
-0.0854029
0.169032
-0.0286244
-0.147804
-0.0368566
-0.0952453
-0.250531
-0.0353036
-0.155611
-0.217387
0.11545
-0.166965
0.318578
-0.152064
-0.0969547
-0.220788
-0.115489
-0.128539
-0.192832
0.0305029
-0.0910079
-0.164726
-0.0295572
-0.100856
-0.158848
-0.0138291
0.0218007
-0.0258514
-0.0623568
0.172441
-0.102004
-0.0367221
-0.150895
-0.126228
-0.0418548
0.106108
-0.0839009
-0.16357
-0.0602296
0.0569453
0.00891843
0.0720183
0
0
0
0.201607
0.183074
0.0553235
0.201247
0.13119
0.203253
0.180216
0.0397765
-0.0806076
0.132141
0.0777435
0.0252996
0.0685745
-0.0803187
0.177534
0.108309
0.00899052
0.0739232
0.178835
0.197651
-0.293145
0.164028
-0.0044121
-0.0110278
-0.149022
0.0436217
0.227277
0.407806
0.0152595
0.0147763
0.14094
-0.0299984
0.273782
0.144219
0.0870457
0.390974
0.0391117
0.0392181
-0.0476816
0.460387
-0.0035917
-0.0290759
-0.0331719
0.250429
-0.164271
0.0870345
-0.00249947
0.0773162
0.179903
0.14916
0.0632118
-0.0582577
-0.0285279
0.084867
0.104714
-0.102675
0.0557753
0.0199466
0.0287742
0.0266187
-0.204275
0.0730551
0.0418288
0.182859
0.00693257
-0.0489721
0.130497
-0.124703
0.260963
0.285953
-0.113001
-0.165998
0.20288
0.223526
0.00900882
-0.0215945
0.30083
-0.0062828
0.162989
0.142581
-0.0164744
0.355284
0.339333
-0.135613
0.28264
0.0622757
0.11476
-0.0344521
-0.0798444
0.0237798
0.148907
-0.166255
0.0790252
0.0306847
-0.047048
-0.0338337
0.0480239
0.32292
0.0360826
0.231461
0.271269
0
0
0
0.040223
0.0352064
-0.0139417
0.273099
0.295211
0.35057
0.232741
0.303668
-0.429593
0.360794
0.355655
0.215882
0.158955
-0.106803
0.192167
-0.196157
-0.0346527
0.182663
0.000433661
0.328295
0.151056
0.471199
0.00472717
-0.155004
-0.0857781
-0.384711
-0.13308
0.118513
0.0359688
-0.0699183
0.242041
-0.348076
0.280248
0.210474
-0.306702
0.0827029
0.121535
-0.0723907
0.239379
-0.0899189
0.290019
-0.0159184
0.290314
0.225264
0.311294
0.172646
-0.0563835
0.127058
-0.31525
0.262757
0.0668353
-0.539159
-0.551389
0.179812
-0.0686986
0.260386
0.303481
0.146742
0.268142
0.123947
0.0449482
0.218877
0.250877
-0.270871
0.0914092
0.245253
-0.0263906
0.092684
0.270858
0.214344
0.220781
0.0528311
0.253427
0.428953
-0.00559678
0.134054
0.0638718
0.0315312
0.232385
0.0111516
0.40479
-0.676373
0.0209194
-0.0913981
0.354186
-0.220763
-0.131986
0.245171
-0.178524
0.135803
0.124611
0.30467
-0.00225613
0.292066
-0.235978
0.0107274
-0.06242
-0.170469
0.0280553
0.0545836
0.122354
0
0
0
0.0876848
0.026973
0.190452
0.0851486
0.197877
0.150099
-0.0146241
0.000928175
-0.0328459
0.214817
-0.131263
0.0747926
0.0442708
-0.00357803
0.0293013
0.116768
0.270267
0.0203539
0.0178039
0.0969478
-0.232585
0.133328
0.188737
0.0349947
-0.322924
-0.119286
0.215478
0.442425
0.0658466
-0.0929385
0.182673
-0.0584282
0.208583
0.0668742
0.274317
0.413624
0.165801
-0.0356685
0.129763
0.476519
0.208924
-0.0156493
-0.0574289
0.0826584
-0.316215
0.0472025
0.0669913
-0.00282057
0.0453315
0.125317
0.144866
0.013474
0.0424701
0.207516
0.0540542
-0.117121
0.224271
0.0866694
-0.086527
0.0771828
-0.179511
0.0186222
0.0277453
0.0646864
-0.0302993
0.147715
0.050137
0.120358
0.05549
0.0624282
-0.0438278
-0.0989187
-0.0126855
0.043184
0.0802368
0.101726
0.211231
-0.03352
0.270022
0.279419
-0.0816024
0.430121
0.368618
0.0998365
0.242879
0.233917
0.0278731
0.116286
0.168212
-0.0538231
0.381146
0.0633808
0.15044
-0.0359131
0.0530775
-0.0545953
0.148524
0.293102
0.00242233
0.128916
0.283614
0
0
0
-0.130498
0.0397929
0.0471263
-0.183963
-0.0899627
0.150565
-0.0890739
-0.0304858
-0.157428
-0.0424973
0.00229539
-0.0165364
-0.0282286
-0.0194722
0.103349
0.0953226
-0.0779471
-0.0260016
-0.0864091
-0.0726905
0.067351
0.045652
0.155743
-0.074411
-0.128469
0.00818673
-0.0861827
-0.0108577
-0.0547206
-0.0411502
0.111115
-0.111493
-0.104464
-0.0154005
-0.188494
-0.0210941
0.0892672
0.0106354
-0.0671839
-0.171429
-0.0177261
0.00161779
-0.0102825
-0.102666
-0.0409387
0.125033
-0.00542808
-0.0830656
0.034664
0.0619082
0.0441002
-0.082356
-0.0336203
-0.103751
0.0255794
0.0202014
0.0398262
0.119201
-0.0906097
-0.020911
-0.0126241
-0.0560354
-0.0505261
-0.0377274
-0.0910019
0.0579159
-0.173088
0.0863947
0.0400211
-0.0911736
-0.00899849
-0.0900502
0.0678548
-0.0650693
0.063009
-0.164811
0.0783954
-0.0383742
-0.0586104
0.0475958
0.0190848
-0.085901
-0.0152065
-0.0821592
0.000396536
-0.0720459
0.00644099
0.0217411
-0.00498076
-0.0495773
-0.0117151
-0.0578344
-0.0663236
0.0219314
0.151894
-0.0530835
0.0243252
0.102801
0.0737972
-0.0460457
0.078432
0
0
0
0.0901357
0.168627
0.117668
0.064285
-0.0715665
0.0791214
0.0951773
0.228877
-0.244749
0.25125
-0.0306494
0.0701918
-0.131014
0.101479
0.176432
0.14381
0.192597
0.0493879
0.192902
0.219231
-0.171541
0.114905
0.133168
0.0394879
-0.207726
-0.0530638
0.18644
0.377748
0.0358869
0.0943543
0.018618
-0.148615
-0.0196595
-0.000430006
0.155785
0.226951
0.0801504
0.00782285
0.00599378
0.467734
0.0675216
0.0272105
0.170094
0.266769
-0.0947215
0.0447026
0.0486965
0.027059
0.338471
-0.0688852
0.0722158
-0.0356583
0.174837
0.126712
0.155917
-0.296548
0.110224
0.193359
-0.125276
-0.0837013
-0.0662107
-0.067502
-0.058343
0.0720812
0.0792484
-0.0735931
-0.0583907
-0.025227
0.0654822
0.296993
-0.0388556
-0.0749567
0.180525
0.0826181
0.0542161
0.106473
0.175015
0.0320888
0.199595
0.0220552
-0.0707231
0.146742
0.414809
-0.00389653
0.361253
0.152266
0.0711906
0.124953
-0.0832148
-0.18089
0.145993
0.137203
-0.0615855
-0.0460063
0.157012
0.0535847
0.0911357
0.244693
0.101595
0.225993
0.248572
0
0
0
-0.118332
0.125536
-0.0582557
-0.0772366
0.0368203
-0.0519775
-0.0437942
-0.0271147
0.017062
0.0813996
-0.165207
-0.0191883
-0.0789034
0.134771
0.0211471
-0.0253663
0.065432
-0.124445
-0.0056788
0.167799
-0.0435941
0.109224
-0.196554
-0.110609
0.0736533
-0.0275145
0.0274818
-0.111962
0.0365769
0.0310593
0.0752792
-0.0909964
0.0433914
-0.0966558
0.0158161
-0.0908832
0.103415
-0.107109
0.0600237
-0.0049816
0.142904
0.125891
0.0256268
-0.0330561
-0.0776558
-0.0722444
-0.189004
0.0995253
-0.10408
-0.10065
-0.0523939
0.0172478
-0.177347
-0.0943107
-0.204316
0.0814284
0.0402878
0.0372674
0.0357864
-0.129123
-0.0522944
0.0737804
-0.0762824
-0.0457823
-0.0901969
-0.0487257
0.030509
-0.0550417
-0.176173
-0.0659627
-0.0124395
0.0620972
-0.0646595
0.123765
-0.0167375
-0.0183473
-0.0299823
0.0808444
0.0737854
-0.118876
-0.0768978
-0.0504273
0.0313301
0.0892554
-0.00506668
0.0771207
0.0434792
-0.0667063
-0.00259174
0.0293105
0.0831365
0.112302
0.0197384
-0.098026
-0.127799
-0.141656
0.0311009
0.15672
0.063189
-0.00513037
0.0798701
0
0
0
-0.198017
-0.105439
-0.0537094
0.0510182
-0.0611831
-0.178676
-0.0794714
-0.179292
0.0471106
-0.0367769
-0.0946477
-0.0194213
-0.282052
-0.0620731
-0.0314477
0.0967824
0.113686
-0.19745
-0.043313
-0.158539
0.0535351
-0.15344
0.219818
0.0595049
0.0812212
0.12724
-0.00850555
-0.0312782
0.0234718
0.0402023
-0.195576
0.0153607
-0.115569
-0.156833
-0.0192211
-0.0616395
-0.0210219
-0.10281
-0.224974
-0.034633
-0.00962959
-0.147686
-0.256645
-0.0170937
-0.129899
-0.0998507
-0.079387
-0.17351
0.0427583
-0.130605
0.122388
0.143312
0.137897
-0.330254
-0.183038
-0.0308098
-0.350951
0.0437021
-0.101079
-0.0491618
0.174181
0.040577
0.0392732
0.157826
-0.305529
0.0286464
-0.0328936
-0.0593747
-0.097049
-0.198247
-0.278148
0.269103
0.0203291
-0.271064
-0.161135
-0.290764
0.0989082
-0.158547
0.00637636
0.149885
-0.316083
0.199101
-0.0824416
0.0848544
-0.0991461
-0.117208
0.0289112
-0.064848
0.211437
-0.0847915
-0.149782
-0.0122699
-0.0904257
0.0647203
0.107776
-0.038912
-0.0487407
-0.00943744
-0.0690361
-0.195709
0.0463649
0
0
0
0.0937297
0.136946
0.155616
0.159075
-0.0556073
-0.0183061
-0.121202
0.134848
-0.0725373
0.088638
0.147101
0.187875
-0.000934987
0.05878
0.00778336
0.265875
0.422039
-0.0497215
-0.128657
0.0783545
-0.251991
0.0998835
0.0701654
-0.0387224
-0.201549
-0.0755588
0.209612
0.308317
0.167821
-0.0163804
-0.0081147
-0.156871
0.186305
0.00313539
0.271109
0.425933
0.147629
-0.0921442
0.072264
0.544324
0.0559608
0.0945912
0.208488
0.110944
-0.184797
0.0472848
0.116655
0.0597971
0.280178
-0.080638
-0.0377601
-0.241808
-3.53676e-05
0.230586
0.0413399
-0.048715
0.20193
0.159627
-0.00319994
0.216194
-0.259713
-0.00833054
-0.0191889
0.0447264
0.0817167
-0.020983
0.16469
0.00818619
0.00912238
0.199027
0.134369
-0.00291075
0.0532874
0.162501
0.120349
0.246354
0.206619
-0.0821276
0.287664
0.245823
0.0381086
0.398447
0.453585
0.166121
0.225776
0.14486
0.0667687
-0.0586578
0.0372413
0.12629
0.210069
-0.0895358
0.216975
0.0152281
0.138602
-0.165184
0.252517
0.310576
0.0910539
0.257149
0.310856
0
0
0
-0.0367436
0.190552
-0.327338
-0.209052
-0.08646
-0.0613636
0.0600565
0.0100646
0.0546141
-0.118155
-0.12946
0.0321352
-0.00534389
-0.181558
0.193638
-0.0607733
-0.0343129
-0.14936
0.0262176
-0.123529
0.3584
0.0432871
0.015369
0.102459
0.390669
0.170219
0.0447981
-0.252611
-0.0479834
-0.151535
-0.0357881
0.054908
-0.103674
-0.278449
-0.259682
-0.109476
-0.0621506
0.00335945
-0.000344787
-0.195075
-0.0154536
0.0252462
0.0130593
-0.087319
-0.166476
-0.012587
-0.136356
0.0846845
0.046137
-0.0151296
-0.128532
0.188301
-0.0968929
-0.0232735
0.0882504
0.12624
-0.00561586
-0.168042
-0.0642392
-0.221849
0.54434
0.182782
0.0998206
-0.0363004
0.0092543
0.0192035
-0.40785
0.0145285
0.147029
-0.0650962
-0.00757632
0.370086
-0.235073
0.133475
-0.0396567
-0.0815562
-0.0405592
-0.128097
0.0328435
-0.130478
0.104307
-0.233055
-0.303843
-0.124762
-0.0468531
-0.100452
0.0146015
0.039316
0.105566
-0.00312409
0.0395123
-0.00201268
-0.0562314
-0.278372
-0.20543
0.213911
-0.110915
-0.0957724
-0.0751031
-0.227243
0.0710526
0
0
0
0.143701
0.131806
0.125595
0.123975
-0.0783572
0.0743477
0.145853
0.133978
-0.0691087
0.291631
0.109104
0.114206
-0.0697576
-0.0184375
-0.00364637
0.0943222
0.354964
-0.0319103
0.16307
-0.00124394
-0.178868
0.0524155
-0.06959
0.205832
-0.148729
0.147952
0.370808
0.275659
0.227881
0.0380705
0.205384
-0.105082
0.146912
-0.0069003
0.167077
0.336591
0.178972
0.0231182
0.087933
0.46971
0.091932
0.116198
0.0551943
0.275404
-0.25198
0.0544304
0.0951492
0.198223
0.233036
0.0228158
0.0266718
-0.156217
0.312238
0.136194
0.00170765
-0.18913
0.0270541
-0.00546169
0.135455
-0.0906826
-0.157396
0.0903705
0.0218149
0.0467771
-0.136856
0.0707208
0.117726
0.0841859
0.122382
0.361497
0.159842
-0.214146
0.0722333
-0.0428469
0.052143
0.204534
0.225362
-0.107766
0.297163
0.190393
-0.047131
0.405903
0.200221
0.0612652
0.39368
0.168856
0.00667752
0.0480794
0.0784145
0.0978318
0.209416
-0.119779
0.0140315
0.147193
0.133681
0.103563
0.0972049
0.369855
0.225613
0.231335
0.279075
0
0
0
0.226321
0.191915
0.157721
-0.0902563
-0.00698932
0.0513649
0.117736
0.0919011
-0.126966
0.203715
-0.0681675
0.200281
0.137559
-0.120587
-0.0187025
0.320601
0.113151
0.0871602
0.195799
0.192546
-0.180553
0.0907135
0.14026
0.113948
-0.216159
0.0567038
0.238581
0.244951
-0.00565658
-0.0921793
0.115161
-0.272988
0.142926
0.140489
0.341148
0.338737
0.0845098
0.119462
-0.0281184
0.277217
0.020831
-0.167706
-0.170592
0.0808862
-0.3523
0.0166735
-0.0339548
0.0682574
0.172256
0.138101
-0.185113
-0.0801493
0.112495
0.17776
0.045843
-0.0724524
0.201219
0.144471
0.0209621
0.114907
-0.180435
0.151052
0.0780863
0.161725
0.0672288
-0.0705078
0.0439131
0.0371415
0.144432
0.159911
-0.0374008
0.0477345
0.177937
0.110228
0.0754903
0.0172643
0.174366
0.0435713
0.106758
0.0677498
0.0217148
0.274821
0.327887
-0.157579
0.371579
0.106742
0.0119817
0.145379
0.0897917
0.111862
0.0143677
-0.0299816
0.0334887
0.0378336
0.12069
0.0956533
0.117127
0.347297
0.0168468
0.154688
0.274739
0
0
0
0.0748518
0.260233
0.266252
0.259429
0.135295
0.189779
-0.0679466
0.257389
0.0319788
0.261588
0.160329
0.15387
-0.138632
0.114425
0.0883679
0.103027
0.330618
0.0842719
0.0923176
0.0208023
-0.133518
0.0999873
-0.0731627
0.0619804
-0.215012
0.0795036
0.246767
0.170248
0.0517585
0.154964
0.0872311
-0.215358
0.0134655
0.0525391
0.284152
0.354617
-0.0417172
-0.0313912
-0.0159578
0.515322
0.232677
0.0347568
0.0567801
0.0434004
-0.358243
-0.00994592
-0.0029768
0.126886
0.0606291
-0.0339209
-0.0514396
-0.0139526
0.275169
0.212647
0.0215475
-0.163394
0.180235
0.193404
0.0810718
0.08442
-0.179829
0.0801407
-0.0453585
0.0908574
-0.174917
0.159091
0.0456495
-0.0725227
0.0747173
0.24603
0.0107222
-0.166828
-0.0373154
-0.0825764
0.0903246
0.157774
0.190295
0.104151
0.187567
0.154644
0.0442396
0.240787
0.435949
0.177909
0.195335
0.133961
-0.0119092
0.234372
-0.070126
-0.0371251
0.358525
-0.0684252
-0.0292751
-0.056269
0.055251
0.0599248
0.305646
0.251009
0.264612
0.215122
0.283709
0
0
0
-0.115395
-0.360826
0.0838417
0.0607449
-0.0508335
-0.0479714
-0.0618025
-0.0456579
0.316978
-0.108556
0.152856
0.0398983
0.0744596
0.0960514
0.0253311
0.116565
0.127424
0.120505
-0.00550967
0.0639573
0.275681
-0.358716
0.204976
0.112803
0.269105
0.493381
-0.0785863
0.0692916
-0.134892
-0.0406801
-0.217831
0.388079
0.0786847
0.174318
0.0966159
0.0934832
-0.0381188
-0.00674182
0.119458
0.158936
0.0323243
-0.052226
0.0192849
-0.108455
0.296798
-0.103941
0.118716
0.0466959
0.0785769
-0.0321131
0.218706
0.347595
0.217834
-0.26136
0.0723511
0.160591
-0.0830287
-0.102722
-0.00749882
0.0537584
0.137597
-0.051258
0.0725712
0.0617588
0.0239825
-0.005244
0.153984
0.0818608
-0.00543043
-0.402286
0.0823788
0.390085
0.210737
-0.0318701
0.0566883
-0.120442
0.0176487
-0.0628161
-0.0561779
-0.0261917
-0.20363
0.320324
0.0816055
0.145851
-0.0862294
0.185144
0.146372
-0.0536154
0.209132
0.044847
0.0783898
0.140905
0.0395009
0.094722
0.169146
-0.0131285
-0.0215775
0.141756
-0.0552393
-0.0554379
0.143468
0
0
0
0.104307
0.0813133
0.254558
-0.0981079
0.155982
0.0706586
0.147316
0.266953
-0.072828
0.293157
0.0476151
0.155377
0.0393442
0.0279969
0.0645372
0.0920481
0.277411
0.101498
-0.104909
-0.0238852
-0.222971
0.108779
0.0674737
-0.0778791
-0.319159
-0.141132
0.2791
0.393179
0.197484
-0.0898774
0.151394
-0.256132
0.00298706
0.107522
0.431129
0.353281
-0.00787103
0.10807
0.219027
0.421633
-0.029566
0.0121199
0.0835189
0.338575
-0.199255
0.142544
0.0322612
0.0929841
0.0880596
0.00894236
0.0980558
-0.0107077
0.365183
0.0912175
-0.141523
-0.239617
0.149124
0.0388378
0.134816
0.0271981
-0.184376
0.178129
-0.0566178
0.124183
0.0971587
0.0367379
0.10253
0.0805541
0.139314
0.175395
-0.0354349
-0.103944
0.0025875
0.253634
0.136283
0.296685
0.0688705
-0.0567964
0.207576
0.157757
-0.00869343
0.234028
0.223013
0.112683
0.27821
0.0644825
0.236964
-0.0257348
0.0889129
0.00293219
0.044446
-0.119486
0.106276
0.160994
0.0303285
-0.18669
0.216571
0.256839
0.234729
0.192504
0.29188
0
0
0
-0.0199023
-0.000195554
-0.122703
-0.0764633
0.100265
-0.0570246
-0.0213635
-0.105801
-0.15079
-0.0700976
-0.0590368
-0.0854217
0.014044
0.0542315
-0.130532
-0.00503577
0.07994
-0.187292
-0.0973784
0.029602
-0.126841
0.26392
-0.154959
0.138112
-0.168447
-0.196731
-0.0653364
-0.0513631
0.150784
0.00689083
0.0699211
0.00167374
-0.00998786
-0.0480334
-0.27798
-0.00894823
-0.00510337
0.0454447
-0.0660027
-0.12249
0.0901529
0.0777431
-0.00752233
-0.0822948
-0.0641938
-0.053749
-0.124309
-0.0499368
-0.288961
0.0829733
-0.0895353
-0.189764
-0.344961
0.0274912
0.0297592
0.03885
-0.0705089
-0.0918481
0.125844
0.0425365
0.140893
0.108377
0.12008
-0.0254951
-0.0153418
0.107994
-0.159917
0.103514
0.114147
-0.0818864
-0.0549415
-0.134515
-0.0249803
0.0449045
-0.191099
0.062936
0.249957
0.154592
0.0200791
-0.0919798
-0.018698
-0.444613
-0.0104253
-0.148676
0.141036
0.162239
-0.055228
-0.11217
-0.0927672
-0.0510163
0.0333128
0.207352
0.0125469
0.0377085
-0.180693
-0.0187375
-0.23384
-0.177369
0.128203
-0.0845817
0.0358708
0
0
0
-0.087832
-0.0478683
-0.1036
-0.134954
-0.116433
0.170055
0.00689288
-0.0183882
0.0353969
0.0396755
0.0265023
0.0780367
0.0876479
-0.0225481
-0.0760695
0.0295395
-0.058807
0.0338454
-0.10018
0.115812
0.063418
-0.139196
-0.008666
0.0927423
-0.0704539
-0.12256
0.0970535
-0.0037358
-0.0354458
0.0833996
-0.01856
-0.161277
0.136365
-0.114563
-0.0847886
-0.145145
-0.0790065
-0.0213309
-0.122642
-0.111197
0.00351037
0.0230262
-0.00149768
-0.0616908
0.0328889
0.0849851
0.0932559
0.0597948
-0.00347133
-0.0827811
-0.0689236
0.00548882
0.0192526
-0.159302
-0.0868203
-0.0416314
-0.00402086
-0.207084
-0.178997
-0.10313
0.0706841
-0.121053
0.0303919
0.0819418
0.130082
0.0761391
0.154397
0.120055
0.0374163
-0.0955346
0.0371041
0.0217501
0.0331007
0.00524831
0.0263722
-0.105436
0.0548656
-0.0328698
0.157784
-0.0705185
0.0276112
-0.124656
-0.122672
0.106781
-0.0447716
-0.0736527
-0.139814
0.109651
-0.0753078
-0.0505714
-0.0681276
0.0126777
-0.142922
0.0213829
0.152202
-0.0201494
0.00617705
0.0964772
0.0239688
0.0191077
0.0765089
0
0
0
-0.104214
-0.00265952
-0.125315
-0.0432395
-0.0227144
-0.0480178
0.15478
-0.101126
0.00860725
-0.0524477
-0.0605465
-0.104003
-0.0622247
-0.124657
0.051087
0.122136
0.010711
-0.0771413
0.0570026
-0.192039
-0.0438556
-0.108862
0.0963429
-0.12018
0.142807
-0.0348023
-0.0064037
0.0337508
0.125537
0.0134726
0.00473833
-0.00583668
-0.0259639
0.0218049
-0.0468072
-0.00359635
-0.138192
0.0523118
-0.0670701
-0.144453
-0.0825069
-0.0379347
0.00631091
-0.0717499
0.0108389
-0.128151
0.00380948
0.15406
-0.0814918
-0.0719727
-0.0278619
-0.0242019
-0.165894
-0.00694835
0.12632
-0.10556
-0.11083
-0.0131722
0.0534661
-0.0259294
0.0179304
0.0126124
0.0995018
0.144179
-0.105702
0.00222259
-0.106749
0.0016574
0.0374758
0.0596059
0.0720533
0.0493719
0.0754574
-0.10963
-0.0518395
0.15212
0.0239309
0.0719498
-0.128422
0.0013212
0.0984219
-0.137423
-0.0272245
0.1096
-0.00817625
0.033075
-0.0470214
0.0601322
0.0871104
-0.176092
-0.0191401
-0.0181885
0.021638
-0.132499
0.0190361
0.0720333
-0.130732
-0.221858
-0.106284
-0.11124
0.0758289
0
0
0
0.187899
0.166047
0.125219
0.0477083
0.088386
-0.046166
-0.0725734
0.145758
-0.22758
0.19459
0.0854907
0.0522346
-0.0865528
0.144412
0.172747
0.0953128
0.0703233
-0.0590249
0.0490867
0.137208
0.00469441
0.139094
-0.0998922
-0.072586
-0.243724
-0.0498374
0.102772
0.347591
0.283679
-0.0219368
0.10863
-0.0388725
0.128696
0.0177523
0.173918
0.283867
0.0714439
0.0197818
0.0777036
0.292762
0.101752
-0.0513899
-0.130697
0.28388
-0.069155
0.144986
0.0994212
-0.0167042
0.225207
0.0966514
-0.156956
-0.118314
0.102268
0.0989111
0.228339
-0.1007
0.222039
0.168291
-0.0153986
-0.0118888
-0.134541
0.204769
0.0429033
0.172729
0.153038
0.10967
0.0701511
-0.00956082
-0.0284768
0.0640197
0.0745807
-0.0353352
0.0378517
0.0913541
0.136752
-0.0651717
0.0184144
0.0263587
0.196514
0.105204
-0.00631921
0.375426
0.457606
0.00447333
0.247418
0.12783
0.26976
0.0687776
-0.124228
0.0781851
0.209239
-0.155107
0.0232662
0.0979519
0.0786075
-0.136243
0.206649
0.250885
0.128357
0.254905
0.26893
0
0
0
0.302172
0.316021
0.190688
0.102467
-0.0303344
0.0724441
-0.00472572
0.107039
-0.200286
0.166196
0.0684829
0.090642
0.0447473
0.110765
0.0419368
0.149068
0.437903
0.193924
-0.0574954
0.100478
-0.153096
0.0883819
0.109267
0.116014
-0.147226
0.0620758
0.415964
0.263073
0.121115
-0.0658044
0.130509
-0.248807
0.147241
0.15916
0.31892
0.238826
0.272423
-0.0468245
0.18028
0.362895
-0.0853298
0.176481
-0.0600681
0.217117
-0.301324
0.0160579
0.0634686
-0.00710198
0.126138
0.0550435
-0.00305852
-0.0572974
0.0741963
0.168161
0.00214999
-0.18427
0.166222
0.124524
0.0814094
-0.0295414
-0.267918
0.0935547
0.079299
0.0279314
0.207756
0.0799384
0.189048
0.108914
0.145907
0.333576
0.0405112
-0.132549
0.074937
0.180967
0.0257227
0.0897972
0.0139441
0.117837
0.12663
0.30299
0.275132
0.257748
0.478714
0.0769863
0.262062
0.13698
0.128967
0.108535
0.152689
0.13852
0.38344
-0.10371
0.0874213
-0.00401383
0.154679
0.0688103
0.0608592
0.182099
0.130679
0.322661
0.332002
0
0
0
0.118501
0.169038
0.217359
0.0722555
0.112332
-0.033666
0.0553233
0.139859
0.045821
0.24985
0.0374084
0.0360798
0.125006
-0.0826496
0.0554086
0.133263
0.171377
0.104352
0.112541
0.0464453
-0.0108949
0.209097
-0.0357561
0.236476
-0.180741
0.12803
0.334683
0.336681
-0.0478147
0.119733
0.155843
-0.106237
0.0468652
0.0639886
0.304603
0.322604
-0.00856628
-0.0659593
-0.0813222
0.309365
-0.0705879
-0.0928337
0.0933186
0.207731
-0.121325
0.168672
0.209973
0.140643
0.188018
0.185912
0.0839602
-0.11804
0.0290282
0.201972
0.136527
-0.23408
0.0876817
-0.00783372
0.0609338
0.0631759
-0.119307
-0.00076435
0.147559
0.115167
0.0236742
0.0315765
-0.0196414
0.0294292
-0.0558581
0.232824
-0.030631
-0.184732
0.168504
-0.0812774
-0.147975
0.242085
0.0651295
-0.0788868
0.218659
0.00928395
-0.048393
0.409525
0.492019
-0.00754224
0.191514
0.176348
0.0531081
-0.00618488
0.113306
-0.0129247
0.158709
-0.137308
-0.0412712
-0.0387873
0.201458
-0.0395591
0.16408
0.244698
0.11286
0.104216
0.278522
0
0
0
-0.103716
0.0115247
-0.17227
0.071192
0.00317146
-0.0326963
-0.0290846
0.0271942
-0.0362771
0.103688
0.161416
-0.0245664
0.109281
0.117926
0.118095
-0.108694
-0.00587663
0.0488076
-0.0110153
-0.018502
-0.0909679
0.0898047
0.0769817
0.0526821
-0.05683
0.0793366
-0.243267
-0.0496507
0.0521806
0.144412
0.0231827
-0.299503
-0.114838
-0.0514503
-0.131256
-0.0806603
0.127015
0.0767629
0.164453
-0.315338
-0.125241
-0.0114089
0.0948435
-0.101107
0.401214
0.114907
0.0124796
-0.0878738
-0.298118
-0.0382322
0.0518438
-0.281139
-0.08202
0.0247305
0.107834
-0.00280696
0.00613963
0.0936482
0.197571
0.104312
-0.0980476
-0.121884
-0.0654293
0.00551296
-0.048864
0.00725172
-0.107438
0.0835572
0.136616
0.219115
-0.0905339
-0.0553174
0.0288566
-0.186869
0.0562596
-0.178544
-0.191894
-0.0131529
0.033423
0.0186
-0.0855053
-0.44486
-0.242891
0.276949
0.114954
-0.117442
-0.222465
-0.0478355
-0.101853
-0.00394861
-0.0267161
0.118722
0.0300703
-0.0636441
-0.102558
-0.00207952
0.0874667
-0.0608627
0.0657683
0.271315
-0.0519042
0
0
0
0.134075
0.116634
0.119816
0.0293591
0.171055
-0.00852843
0.104261
0.272805
0.0652506
0.166543
0.0670758
0.278749
0.124064
0.0805
0.0558128
0.0962974
0.205158
0.0697752
0.161566
0.173912
-0.249719
0.035725
-0.026844
0.00896019
-0.257776
0.00245913
0.247021
0.231704
0.119632
0.0512067
0.305466
-0.226714
0.0776971
0.0920556
0.314523
0.254355
-0.00319073
-0.0108361
0.0372004
0.226943
-0.0266332
-0.0211439
0.0169038
0.341104
-0.162445
-0.0142892
0.0586025
-0.00841353
0.0492235
0.199185
-0.104101
-0.203427
0.301122
0.114105
0.0325577
-0.0833754
0.176481
0.0161925
0.0637761
-0.0134584
-0.178521
0.0150064
-0.0381064
0.0650907
0.0222584
0.0216409
0.0588333
0.0245373
-0.0517736
0.0586527
-0.132786
0.0925524
0.116568
0.045665
-0.0576206
0.14509
0.121861
-0.0553528
0.35369
-0.0365782
0.119403
0.340451
0.391624
0.108256
0.151519
-0.0112087
0.056268
0.215786
0.0681388
0.111475
0.322049
-0.085527
-0.0499097
0.151348
-0.0262136
-0.164521
0.15742
0.313121
0.191068
0.255076
0.280981
0
0
0
0.128522
0.134627
0.044873
0.240068
0.0371334
-0.0780338
-0.0791903
0.231539
-0.116586
0.168283
0.0493062
0.164796
0.169642
0.0620909
0.047896
0.0357411
0.176511
0.117726
-0.0472208
0.151856
-0.222361
0.187224
0.0723528
0.0498449
-0.134143
-0.119307
0.283851
0.266639
0.132502
0.000473914
0.0939998
-0.128956
0.212943
0.102965
0.29855
0.429942
0.0840012
0.0295033
0.0741953
0.554509
-0.0241984
-0.000153556
-0.0864099
0.0884437
-0.208049
0.128356
0.0944399
0.127725
0.116215
0.105232
0.0449837
-0.159552
0.0402874
0.120181
0.165902
-0.0637869
0.102234
0.000731573
0.0256313
-0.0111644
-0.218969
0.0831582
-0.0288292
0.0568734
-0.0163005
0.0992649
0.190895
-0.103641
-0.0524134
0.38412
0.0833358
-0.230141
0.0403353
0.13957
0.0573271
0.0872638
0.128833
-0.0436092
0.134223
-0.0603916
0.0995823
0.140623
0.24532
0.0595865
0.13411
0.196319
0.131608
-0.00309019
-0.00395328
-0.135764
0.238022
-0.0396111
0.0662044
-0.0992001
0.102345
-0.146437
0.0946639
0.296965
0.181876
0.320329
0.270632
0
0
0
0.205199
0.343059
0.022813
0.0644387
0.0793238
-0.0701545
0.134728
0.109541
-0.111852
0.325042
-0.0282242
0.0737299
-0.107384
0.0325445
0.122059
0.198087
0.168204
0.124636
0.142388
0.060365
-0.169812
0.238394
0.0691983
0.0439044
-0.237573
-0.0733646
0.0817258
0.337598
0.0427526
-0.0325043
0.285198
-0.158697
-0.0256548
0.00831085
0.284999
0.391734
0.0717157
0.00720576
0.088659
0.337633
0.0495617
-0.146061
-0.0174864
0.0943705
-0.151324
0.00823635
0.035893
0.14389
0.189147
0.072177
0.128253
-0.171433
0.213831
0.0527819
0.0382841
-0.218148
0.149604
-0.000339805
-0.0431266
0.0436543
-0.225821
-0.0288243
0.0527009
0.0487674
0.231549
-0.0802114
-0.0272464
0.013788
0.0613954
0.214769
0.0323298
0.0402979
0.0252557
0.112002
0.156133
0.0866181
0.244981
0.00632788
0.113587
-0.0376314
0.237802
0.333947
0.246639
0.0714507
0.269814
0.117067
0.177644
0.0780697
0.0816685
0.0446587
0.350717
-0.133512
0.18181
0.154395
-0.0530651
-0.191719
0.150266
0.352995
0.15665
0.264764
0.290354
0
0
0
-0.0832974
0.000913928
-0.0683381
-0.140217
0.038659
-0.00862348
-0.0512471
-0.229798
-0.175275
0.060711
0.0162082
-0.146147
-0.0983245
-0.11236
-0.0380936
-0.143239
-0.057839
-0.016789
-0.0442174
0.0548065
-0.053486
0.0446128
-0.0144877
0.0498029
0.154061
0.140862
0.0768717
0.0311782
0.0938596
-0.186322
0.000999977
0.113334
-0.015192
-0.0664526
0.113815
-0.067862
0.0770106
0.047921
-0.109211
-0.0751323
-0.0748897
-0.134407
-0.106102
-0.0362327
-0.0375129
0.148235
-0.0616677
-0.0476392
0.0527058
-0.100032
-0.117939
0.0595488
0.0172612
-0.0129491
0.00468936
0.0383613
0.0397598
0.0628693
0.115664
0.167989
-0.0795339
0.128872
-0.0629091
0.0829352
-0.101939
0.0161716
-0.0233587
-0.0459225
-0.118415
-0.120994
-0.0953507
0.215153
-0.205296
-0.121713
-0.0719135
-0.119722
0.0804171
0.0558893
0.0306296
-0.0108435
-0.0485736
0.13629
-0.0879458
-0.0278455
0.0469136
-0.0229268
-0.132104
-0.0421043
-0.0901596
0.106515
-0.0803626
0.0668286
0.00248965
-0.0293717
0.0878699
-0.146623
-0.0250303
0.0295289
-0.0694637
-0.0776582
0.0622707
0
0
0
0.215595
0.164047
0.241284
-0.00387969
0.0686837
-0.0535488
0.0645484
0.25403
-0.00407309
0.210909
0.0441235
0.155918
-0.0904269
0.100428
0.17386
0.312006
0.353716
0.165202
0.0595779
0.0395953
-0.166477
0.117298
-0.0657055
-0.0519441
-0.198918
0.0174055
0.25211
0.366879
0.221529
0.119481
0.269531
-0.00272502
0.0936633
0.0608571
0.403207
0.409623
0.00257153
0.0562752
0.138795
0.550423
0.0135168
0.128312
0.0982978
0.155151
-0.183771
0.276584
-0.00911485
0.206912
0.382122
0.0529536
-0.0699583
-0.23224
0.200454
0.188496
0.0286689
0.000345673
0.155997
0.137805
0.0450897
-0.135054
-0.0924087
0.0969036
0.0517474
0.0857723
0.0676425
0.149312
0.0117992
-0.0756381
0.26439
0.093027
0.0326444
-0.111148
0.102063
0.127189
0.0718936
0.19772
0.250901
-0.062411
0.205722
0.0926512
0.0197963
0.227483
0.362918
0.00455157
0.117369
0.107638
0.0175277
0.051852
-0.0892202
-0.0344028
0.16567
-0.122247
0.0760877
0.056187
0.042907
-0.0993304
0.14304
0.42793
0.116458
0.21567
0.312433
0
0
0
-0.112334
-0.084396
0.0275261
0.122569
-0.0191154
-0.122662
0.0273261
-0.0721811
-0.0179868
-0.205056
0.130754
-0.106987
0.036058
0.0919123
0.00774404
-0.0372703
-0.206266
-0.139822
-0.00551953
-0.0907432
-0.00594343
0.0487219
0.0492064
0.044293
-0.0603714
-0.149608
0.0720286
-0.225325
0.140552
-0.179933
-0.0777984
-0.0530481
0.0570564
0.0145305
0.0806297
-0.052603
0.0293206
0.099037
0.0342335
0.0309332
-0.0580854
-0.000415577
0.109862
-0.0561397
-0.0330572
-0.0399155
-0.151092
-0.0894797
-0.106781
0.00625227
0.103055
-0.142534
0.0431493
0.123886
-0.0456999
0.144329
0.0476961
-0.0830519
0.0108368
-0.0825102
0.0927813
-0.0871911
-0.0528779
0.0505118
-0.0195232
-0.0980583
0.0276108
0.0380204
0.106926
0.0168919
-0.100786
-0.0889622
0.00459702
0.0909726
-0.171563
-0.121784
0.0688133
-0.0298371
0.0319271
-0.0897322
-0.130169
0.0386497
0.021304
0.173163
-0.121081
-0.084436
-0.0242892
0.0484434
-0.141285
0.141175
-0.0892968
-0.0609547
-0.156916
0.0711723
-0.0404403
-0.170291
0.0941338
0.138542
0.0481074
0.00444555
0.0735058
0
0
0
0.0308709
-0.0276254
-0.050137
-0.213226
-0.127965
-0.0539139
-0.114362
-0.0199612
-0.205626
-0.0718309
-0.109905
-0.105123
-0.0874061
-0.174008
0.0321284
-0.0848737
-0.115056
-0.20567
0.0653612
-0.107826
-0.11845
0.163428
0.0226822
-0.153753
-0.135406
-0.175264
0.0702497
-0.100026
-0.276957
-0.161071
0.0241253
-0.118786
0.122246
-0.0819699
-0.16089
-0.0190725
-0.0912789
-0.121356
-0.0224896
0.0665544
-0.232921
0.149611
-0.132084
-0.173176
-0.0457305
0.0593741
-0.227186
0.0443541
-0.289976
-0.0466425
0.00544489
0.0891031
-0.269693
0.113585
0.0592312
-0.078572
-0.0685627
-0.269971
0.0391248
-0.0407493
0.110908
0.0662983
-0.054825
0.0833533
-0.154752
-0.162067
-0.210743
-0.116323
-0.0950709
0.0217383
0.017545
-0.141696
-0.105219
-0.0251211
-0.144543
-0.156705
-0.102708
-0.0338681
-0.0750897
-0.144617
-0.0941673
-0.0120676
-0.150488
-0.0259607
-0.113873
-0.11348
0.0420352
-0.228524
0.0751624
0.0410539
0.0388266
-0.0240031
-0.0186965
-0.133067
-0.129256
-0.140553
-0.135381
-0.0700763
-0.0290626
-0.114107
0.0503848
0
0
0
0.0764743
0.126882
0.232221
0.104229
0.125473
-0.0104442
-0.0044395
0.154386
-0.110516
0.264727
0.0722159
0.135286
-0.152435
-0.0361659
0.0889629
0.0561076
0.554884
0.145408
-0.0701583
-0.0382326
-0.100797
0.1141
-0.175245
-0.00360525
-0.232317
-0.0573337
0.193361
0.348206
0.179628
-0.0706168
0.369556
-0.307909
0.196782
0.0601016
0.419084
0.339495
0.12136
-0.14824
0.142945
0.467717
0.00546704
0.0179566
0.0975912
0.188648
-0.18629
0.106716
0.0573502
-0.0349401
0.17995
0.143116
0.132488
-0.125283
0.209341
0.126222
0.0190575
-0.0677059
0.0833401
0.0870494
-0.000942611
0.0662443
-0.2937
0.0422958
-0.0255878
0.298564
0.0345153
-0.122492
0.288586
-0.0877546
0.0781312
0.178344
0.096145
-0.145668
0.243989
0.205737
0.25195
0.137581
0.148629
0.0318461
0.0549183
0.301637
0.254688
0.210478
0.531983
0.0597609
0.240498
0.2335
0.0896564
-0.0910828
0.0127701
0.016802
0.397138
-0.131007
0.0637976
0.20842
0.33198
-0.0980264
0.35791
0.521719
0.129779
0.307562
0.317124
0
0
0
-0.0700169
0.00358342
-0.0201513
0.00226485
-0.216649
-0.0091259
-0.227825
-0.0758663
0.025289
0.0694253
-0.110674
-0.0310309
-0.179086
-0.163856
-0.0497057
-0.0157439
-0.144915
-0.0528149
-0.0262832
-0.00397096
0.032703
0.0686288
-0.214566
-0.0906968
-0.00460118
0.0824754
0.079786
0.0186397
-0.00261285
0.0185236
-0.0577515
-0.0363382
-0.149055
-0.171919
-0.0186902
0.130543
0.000899
0.0609404
0.00724032
0.110274
-0.0387736
0.104675
-0.0637491
-0.15963
-0.058363
0.0986857
-0.112479
-0.222552
-0.0189497
0.056272
0.125935
0.0971908
-0.107023
-0.0361239
-0.12149
-0.118597
-0.0730846
-0.172458
-0.00902082
-0.196159
0.0180279
0.0157707
-0.0215992
-0.000518044
-0.206619
-0.0109783
-0.126257
0.021402
-0.0261869
-0.0778389
-0.185696
-0.0292504
-0.0464304
0.0168357
-0.0719743
0.00459417
0.0264755
-0.111198
0.0253673
-0.195759
-0.0861511
-0.0591736
0.100382
-0.200761
-0.109019
0.0269945
-0.111447
0.133383
-0.081239
-0.212714
0.0956892
-0.172738
0.121135
0.0380889
0.0593827
0.0919078
-0.143704
-0.132933
-0.0644846
-0.0213072
0.0697876
0
0
0
-0.102915
-0.115143
0.00311725
0.1657
-0.0119529
0.130817
-0.107916
0.12265
-0.108301
0.0757087
0.0246307
0.00110277
-0.0213937
-0.111592
0.0998702
-0.0360849
0.06817
-0.0856227
-0.0374018
-0.14024
-0.179587
-0.0669826
-0.0197858
0.0884838
0.0120561
-0.0265807
-0.0883453
0.0534849
0.0357519
0.102949
-0.151687
-0.0764442
-0.0170335
0.0574123
-0.143042
0.0647216
-0.0927211
0.180235
-0.111922
-0.163258
-0.041442
-0.0536124
-0.0850498
0.00550563
0.114841
0.0811532
0.0130208
0.0279261
-0.0884374
-0.0406849
-0.126387
-0.175112
-0.047637
0.0772132
-0.0496036
-0.0936076
-0.00283717
0.10769
0.0753229
-0.0322926
-0.0634781
0.0139546
0.0141192
-0.0175419
-0.100921
0.101372
0.0159453
-0.0379786
0.02336
0.0875465
0.0764576
-0.0358229
-0.0773773
0.0681282
-0.00438172
0.147008
0.0534233
-0.00335375
-0.0677768
0.111103
-0.123911
0.156732
0.0228061
0.077434
-0.00130356
-0.0820551
-0.0457366
-0.159461
-0.00908964
-0.0605545
-0.0293206
0.0165253
0.0482159
-0.150612
-0.0959153
0.0129907
0.0428126
-0.0837111
-0.195509
-0.110222
0.0791147
1
0
0
0
0
0
0
0
0
0
0
0
0
0
0
0
0
0
0
0
0
0
0
0
0
0
0
0
0
0
0
0
0
0
0
0
0
0
0
0
0
0
0
0
0
0
0
0
0
0
0
0
0
0
0
1
0
0
0
0
0
0
0
0
0
0
0
0
0
0
0
0
0
0
0
0
0
0
0
0
0
0
0
0
0
0
0
0
0
0
0
0
0
0
0
0
0
0
0
0
0
0
0
0
0
0
0
0
0
0
1
0
0
0
0
0
0
0
0
0
0
0
0
0
0
0
0
0
0
0
0
0
0
0
0
0
0
0
0
0
0
0
0
0
0
0
0
0
0
0
0
0
0
0
0
0
0
0
0
0
0
0
0
0
0
-0.0889754
-0.0162178
0.0826218
0.0481994
0.109345
0.0685245
0.125607
0.34253
-0.0388227
-0.155732
0.0948922
-0.0925417
0.187904
0.0576619
0.0297128
0.236168
0.206594
0.28551
-0.0810461
0.161993
-0.480381
0.0967397
-0.0617818
0.0757299
-0.0791633
-0.201129
0.142321
-0.0916997
0.162182
0.200064
0.0864255
-0.0839514
0.137213
0.00591004
-0.0380235
-0.0493611
0.157553
0.433318
0.133316
-0.000704368
0.137496
0.123928
0.227867
-0.0132562
0.327207
-0.0658334
0.0244441
0.1579
-0.0124562
-0.0420575
0.292261
1
0
0
0
0
0
1
0
0
0
0
0
1
0
0
0
0
0
1
0
0
0
0
-1
0
1
0
0
0
0
0
0
1
0
0
0
0
0
0
1
0
0
0
0
0
0
1
1
0
1
0
0
0
0
0
1
0
0
0
0
0
1
0
0
0
0
0
1
0
0
0
0
1
-20
1
0
0
0
0
0
0
1
0
0
0
0
0
0
1
0
0
0
0
0
0
1
-1
0
0.0152112
0.323879
-0.00527551
0.00184533
-6.89212
0.179674
0.547348
0.157546
-0.000499919
-18.071
0.0293511
0.289371
1.18227
0.00468087
-30.7807
0.0419312
0.223376
0.355963
-0.00336962
-12.7401
0.00344234
0.471017
-0.211577
-0.00331175
-5.64102
-0.00500792
0.0741638
0.772881
0.00179991
-17.315
-0.00516594
0.439608
0.0444902
-0.00363417
-9.82319
0.00644004
0.0272804
0.349279
-0.00121343
-7.83072
-0.0160653
0.0384662
0.0775699
-0.00111592
-2.06948
0.0263436
0.158783
-0.207177
0.00528587
0.0992093
0.0167342
0.240886
3.33247
0.0569702
-74.8972
-0.0330877
0.16418
-0.151875
-0.00257265
0.174904
-0.0248788
0.111722
0.182856
0.000813381
-5.54801
-0.153762
0.0699593
0.221793
0.000574022
-2.98414
0.121042
0.637178
-0.611988
-0.339343
3.06056
-0.346533
-0.020543
0.215904
0.00430882
2.58284
-0.0403744
-0.023907
0.183978
0.0017184
-2.60786
-0.395631
-0.141617
0.138094
-0.0030243
7.49193
0.00597533
0.0489933
0.352312
0.00163228
-8.40477
0.0057564
0.0378194
0.228741
0.00450158
-5.6945
0.0394043
0.322284
-0.789664
0.00211948
7.86921
0.00874311
0.0562907
0.456112
0.00280922
-10.7529
-0.0407706
0.00249444
-4.62113
-1.31516
109.779
-0.181757
0.790676
0.0710739
0.00126638
-14.1163
-0.0248372
-0.0182402
0.321573
0.000737155
-5.7615
-0.100188
-0.87569
4.21423
0.43225
-70.4558
-0.0104542
0.049751
0.178084
0.000903536
-4.47308
-0.103451
0.183718
0.423272
-0.000600314
-10.4344
-0.0324041
0.124747
0.353398
0.00149932
-9.21733
0.0288386
0.0362669
0.364848
0.00485485
-8.92418
0.266956
0.395457
0.293342
0.00267018
-19.5953
-0.0568801
0.0257934
0.592951
-0.00130524
-11.5686
-0.0462872
0.0974474
0.0175158
0.00252118
-1.53148
0.00573658
0.113573
0.314739
0.00198422
-8.94067
-0.0407774
0.0161377
1.39479
0.0421747
-29.1656
0.027151
0.102634
0.0983522
0.0062543
-4.82335
0.0125758
0.0235555
0.0820727
-0.000482158
-2.42925
0.00948053
0.221134
0.449716
-0.000119955
-13.9421
0.0597725
0.996763
2.69735
0.0554151
-78.2557
-0.288124
-0.207937
0.197747
0.00603813
5.44812
-0.0343445
0.536906
-0.183416
0.00261102
-6.78446
0.00259629
0.0534788
0.535412
0.00611771
-12.2554
0.0450147
0.265593
-0.317989
-0.00168902
-0.189296
-0.0662384
0.174259
0.166515
0.00577096
-5.814
0.0980693
0.0404314
0.220085
-0.000425805
-7.36268
-0.0514567
0.510271
-0.338028
0.00114476
-2.88293
-0.0368161
0.0357763
0.292891
-0.00115797
-6.00453
0.195239
0.493315
0.126179
0.023059
-17.2233
0.0152133
0.0340067
0.617111
0.0673452
-15.3578
-0.0930208
0.212498
0.022621
-0.00278509
-3.03428
0.0187258
0.236502
1.87517
0.125801
-46.8107
-0.0409145
0.0829208
0.584141
0.00316174
-12.8981
-0.0408886
0.0201187
0.145129
0.00055811
-2.69629
-0.0772933
0.099164
0.201433
0.00481095
-4.75362
-0.0173174
0.018728
0.156833
-5.64195e-05
-3.2968
-0.369432
0.306609
0.242488
-0.00230925
-4.05674
0.0250297
-0.00549639
0.362419
-0.0013226
-7.87903
-0.0354357
0.183851
0.122721
0.00405533
-5.68836
0.564779
0.790592
-2.61895
-0.481004
31.4686
0.0812935
0.133465
0.68472
-0.00513009
-18.4253
0.0213312
0.13056
0.847856
0.00191672
-20.4552
0.0256258
0.191338
3.55762
-0.00161929
-77.0331
0.0420897
0.389283
0.211589
-0.00450753
-13.1936
5.64828
3.1634
4.36339
-0.0963562
-254.148
0.00583637
0.0869818
0.347269
0.00374451
-9.12881
-0.0168349
0.0427112
0.344442
-0.00429733
-7.61469
-0.0141172
0.0271532
0.335929
0.00242037
-7.3155
0.114885
0.767593
0.564515
0.00585802
-29.7011
0.01122
0.0906911
0.384416
0.00587055
-10.0846
-0.0994642
0.0877605
0.131493
-0.000521528
-2.56174
0.178536
-0.14594
0.595206
0.000971034
-13.0369
0.00481925
0.0339028
0.393962
0.00368835
-8.94612
-0.0296168
0.100866
0.47401
-0.000808985
-11.1602
0.00812612
0.0886347
1.03239
0.00186634
-23.2741
0.0656205
1.53253
0.683794
-0.000161197
-46.5775
-0.00786258
0.0633831
0.110165
0.000830214
-3.43725
-0.0312732
0.0305174
0.356652
-0.0017631
-7.31941
-0.0295451
0.0596444
0.136132
0.000251073
-3.42711
0.000684883
0.0454629
0.2198
0.000613894
-5.4841
-0.0358481
-0.01019
-5.03905
-1.25177
117.221
-0.0165169
0.0580925
0.0775747
-0.000452053
-2.49801
-0.0195829
0.0450938
1.38003
0.00461533
-28.8253
-0.228531
-0.0822953
0.229862
0.00122046
1.32839
0.0271606
0.0830267
1.62862
0.518097
-36.6086
-0.0255119
0.0762253
0.449703
0.00184198
-10.2941
-0.0703664
0.0181829
0.0539554
0.00353544
-0.209129
0.0535192
0.506372
0.0844988
0.00555552
-13.3843
-0.0478895
0.0203605
0.217776
-0.00211372
-3.94721
-0.00675239
0.0964471
0.896372
0.00394721
-20.265
-0.106188
-0.0133186
0.196464
0.0014852
-1.72341
-0.943912
0.0732385
1.09065
0.63541
-12.3075
-0.111123
0.292684
0.179889
2.50135e-05
-7.48301
-0.023681
0.13318
-0.0964789
0.00853323
-0.692271
-0.0414214
0.0592095
0.418877
-0.00323413
-8.98139
0.0317352
0.224332
2.43253
-0.000552056
-54.8897
0.0830816
0.130641
0.0874787
-0.00104525
-6.17861
-1.00311
-0.0370163
-1.48198
0.633238
42.5376
0.0130369
0.0608906
0.509061
0.000921216
-11.9541
0.0989895
-0.244117
1.05018
0.00012408
-18.6906
-0.149156
0.249144
0.0771458
0.00217984
-3.81752
-0.0035569
0.0370674
0.214006
-0.000110198
-5.10937
-0.0726609
0.0489592
0.458393
-0.000628567
-8.99432
-0.0714291
0.194768
0.0533792
0.00394672
-3.79201
-0.00915328
0.391171
-0.508046
-0.000120936
2.09828
0.0202311
0.119773
0.184486
0.00162949
-6.66566
0.0441706
-0.000128951
2.31347
0.638781
-57.0579
-0.292016
0.015196
0.122385
0.00323061
2.7878
-0.0202188
0.0538549
0.39362
0.000413659
-8.74984
0.0528014
0.0441901
0.346128
-8.27959e-05
-9.13661
0.050467
0.118067
0.433111
-0.00170678
-12.4027
0.0473915
0.0431947
0.791713
0.00476858
-18.1295
-0.000766175
0.0536354
0.154429
-0.000122987
-4.23625
0.0515377
0.0437831
0.0441061
-0.00198691
-2.90102
-0.0678824
0.142721
0.0478273
0.000630953
-2.61036
5.12248
3.35376
4.49685
-0.0740287
-250.581
0.0226478
0.011071
0.215701
-0.00034822
-5.11614
0.00962228
0.0370876
0.866102
0.00195026
-18.7191
-0.0203578
0.012309
0.118517
-0.00209408
-2.37296
-0.102216
0.20959
0.0931105
0.000231644
-4.21905
-0.0582926
0.0612458
0.307237
-0.000842988
-6.43928
0.105454
0.518171
-0.0904599
0.00346073
-11.0481
-0.00385489
0.0887828
0.417345
-0.000569977
-10.301
0.0275915
0.395623
0.421885
-0.00167196
-17.27
0.0180463
0.244787
0.29952
-5.71373e-06
-11.5326
-0.0421366
0.104835
0.177451
4.71012e-05
-5.00669
0.0458157
0.0151031
0.347513
-1.48672e-05
-8.35172
0.0133801
0.050762
0.137932
0.0520942
-5.54937
-0.0900828
0.146775
0.436022
0.000206841
-10.1487
-0.00135506
0.0497818
0.511829
0.00376718
-11.5287
0.0829141
0.561215
0.279365
0.00465425
-19.0981
0.00142499
0.030124
0.324558
-0.000400856
-7.27901
-0.0204333
0.0627517
0.468252
0.00233323
-10.5296
-0.0366407
0.0153822
0.192679
-0.00125214
-3.58751
0.0102685
0.0516179
0.125365
0.0037747
-3.97882
-0.0117238
0.104544
0.50181
0.00350173
-12.2386
0.0865149
0.241053
4.04757
0.549619
-96.3184
0.0117607
0.113085
0.565527
0.00298636
-14.1627
-0.0329604
0.0987695
0.524342
-0.000413259
-12.0816
-0.1323
0.583904
-0.242751
0.00134085
-4.63606
0.0412521
0.0402119
-0.026191
0.00151984
-1.25878
-0.000300393
0.0557945
0.319999
0.00142367
-7.715
-0.00939147
-0.0230091
0.114816
-0.00152479
-1.78247
-0.0282064
0.00962968
0.084159
-3.97556e-05
-1.43992
0.183233
1.71858
-0.417829
0.00175875
-30.7051
-0.0321669
0.164095
0.19176
0.000394665
-6.64314
-0.00123501
0.0253171
0.146295
0.00051316
-3.49038
0.00646649
0.0743783
0.393907
7.44173e-05
-9.69661
-0.0349847
0.0210716
0.44881
-0.00166847
-8.9411
0.0349528
0.44036
-0.442434
0.00223399
-1.15869
-0.0100073
0.0216811
0.189143
0.00198557
-4.16589
-0.0820795
0.248866
0.109311
0.000182983
-5.71562
-0.00532067
0.0231389
0.212971
0.000140875
-4.75066
-0.0555668
0.582448
-0.464284
0.00134296
-1.82664
-0.0175335
0.0923225
0.304583
-0.00183103
-7.815
0.308992
0.0495043
0.441436
-0.00568454
-16.4241
-0.343403
0.0151
0.0856329
0.000877728
4.60862
-0.259308
0.0728392
0.0483626
-0.000874552
2.55618
0.0482134
0.0783131
-0.0994136
0.00112915
-0.711942
0.394057
0.384029
0.049263
-0.00101853
-16.929
0.0205689
0.111477
0.322708
0.00815452
-9.4944
-0.0487398
0.218063
0.0991114
0.000728708
-5.58356
0.151707
0.0528277
0.285029
0.000699982
-10.0409
0.095661
0.11481
0.134046
0.00215798
-7.13207
0.0144395
0.149647
1.34175
0.000193085
-30.7371
0.00216631
0.0847139
0.510543
0.00321934
-12.2895
-0.0220736
0.404021
-0.0748714
-0.000154038
-6.36457
-0.032684
0.0915585
0.155743
0.00187478
-4.47287
-0.00206912
0.0505533
0.959313
-0.00126418
-20.6226
-0.0154482
0.00181365
0.179329
5.2975e-05
-3.40166
-0.129566
0.211745
0.038288
3.49689e-05
-2.58144
0.107535
0.244007
-0.377362
0.00289852
0.0998378
-0.0160973
0.0610953
0.346035
0.00519847
-8.1381
-0.0207454
0.0768295
0.269598
0.000307757
-6.67248
-0.0561771
0.316396
0.0848905
0.00283046
-7.20367
-0.189908
1.25531
-0.295246
0.00211011
-16.2132
0.123235
0.423226
0.322571
0.00273754
-17.8361
0.0859408
0.0634305
0.539482
0.00156138
-14.1123
0.0107584
0.0419083
0.125589
-0.00526983
-3.69873
0.549633
0.122599
-3.97237
-1.46868
83.2311
-0.0503608
0.15091
0.00147466
0.000446379
-2.13966
-0.126634
0.101511
0.366587
-0.00139832
-7.09647
-0.004148
0.0149148
9.5615
2.10956
-216.73
-0.0220558
0.0780381
0.189254
0.000484618
-5.05054
-0.0474479
0.308816
-0.0941988
-0.00171942
-3.6144
-0.405271
-0.1274
0.22513
0.00151793
5.55213
-0.118599
0.274475
0.0832338
0.00187293
-5.04567
-0.0251998
0.0258965
0.265412
0.000130588
-5.52432
0.00637171
0.0209208
0.0965981
0.00275161
-2.61043
0.0472991
0.243721
0.166591
-0.000175863
-9.34852
-0.0401132
0.275197
0.130011
0.00096698
-7.53061
-0.150167
0.228817
-0.374281
0.000788819
5.52934
-0.148578
0.110084
0.401296
0.000445071
-7.6277
-0.0744952
0.399249
-0.0996795
0.0022379
-4.82836
0.00516312
0.0571626
0.377165
-0.00311573
-9.00204
0.0659449
0.0757916
1.15919
0.00230049
-26.6424
0.322713
2.94122
-1.68556
0.00425345
-33.9572
0.0106357
0.0689433
0.129853
0.00101106
-4.30403
0.38522
3.51782
-2.33967
-0.0720517
-32.773
-0.109331
0.0921613
0.302769
0.000700138
-5.94945
-0.00398328
0.097927
0.411566
0.000868432
-10.3524
-0.0818322
0.141486
0.593574
-0.000322292
-13.4185
-0.000112491
0.10228
0.271819
0.000612982
-7.67558
-0.0389472
0.0258095
0.167004
-0.000557608
-3.19415
0.255236
2.81355
4.50705
-0.00172109
-154.568
0.0503895
0.324061
0.636813
-0.000852831
-20.6716
-0.028121
0.283491
-0.496259
-0.000429912
4.37808
-0.0275906
0.134635
0.20326
0.00142315
-6.42787
-0.0735279
0.0233589
0.316441
0.000526628
-5.6058
-0.091002
0.0190761
0.124754
0.00102825
-1.20287
-0.231354
0.593643
0.0663138
-0.00132314
-8.96628
0.0132315
0.0311332
0.289184
0.00300343
-6.9151
0.00342784
0.0420037
0.466936
6.35614e-05
-10.4774
-0.419366
0.341368
0.356185
0.0163796
-6.48676
-0.0387766
0.0738166
0.488699
0.00526201
-10.8576
0.0447228
0.0223848
0.219974
0.00176429
-5.90295
-0.0935942
0.241727
0.020786
0.003133
-3.61691
-0.0412015
0.24597
0.393069
0.00144504
-12.2846
-0.00329178
0.0187533
0.138219
0.000638188
-3.16664
-0.100076
0.675751
-0.275598
0.00576537
-6.64387
-0.041081
-0.0422114
1.20332
0.420763
-20.7571
-0.0299458
0.131883
-4.53685
-1.0399
101.462
0.0156107
0.0523474
2.62993
0.873773
-60.745
-0.0399092
0.0824374
0.374838
-0.000337585
-8.5569
0.00973317
-0.030098
0.300018
-0.000183049
-5.76074
0.104626
0.307242
3.99524
0.840398
-96.9495
-0.0557145
0.554075
-0.402611
-0.00173901
-2.42118
-0.0409968
0.100927
0.0542778
0.000248891
-2.39808
0.0463585
0.0761652
0.568927
0.00131073
-14.1731
-0.0999787
0.108309
0.156967
0.00646211
-3.63171
-0.0123495
0.0334771
0.215704
-0.00557276
-4.90102
0.0130326
-0.0233818
1.80022
0.414483
-39.026
0.0146688
0.0193752
0.392445
-0.00155039
-8.72812
-0.0553639
0.033008
0.205016
-0.00185846
-3.80461
-0.0482363
0.0346152
0.291577
-0.000807027
-5.74197
0.00826151
0.0378911
0.123308
0.000426755
-3.47809
0.0892129
0.0993202
-4.04046
-1.05781
90.3396
-0.0362625
0.108979
0.191657
0.000185337
-5.45457
-0.0248965
-0.0691485
0.891156
-0.0786226
-17.1664
-0.0323606
0.0420369
0.227294
0.00259059
-4.96348
0.444677
-0.176602
-4.44894
-1.29311
99.2132
-0.00889857
0.0242984
0.12759
0.00153916
-2.98636
0.00560849
0.376005
0.359962
0.023696
-15.7913
0.0203495
0.144425
-0.185128
0.00741247
0.0482663
-0.0423025
0.0668626
0.133164
0.000437099
-3.27472
-0.0263094
0.0646944
0.408751
0.00177703
-9.21817
0.000963177
0.0606513
0.457577
-0.00191775
-10.6384
-0.140618
-0.292811
0.192026
0.0013206
4.37878
0.0244349
0.240289
1.71521
0.000656517
-40.4212
0.00183464
0.0750671
0.314605
-0.00206943
-8.00747
-1.76686e-05
0.0534116
-0.0985232
-0.000952646
0.747565
-0.102072
0.275317
0.121421
-0.000423835
-6.1167
-0.149154
-0.543635
-6.3544
-0.709341
152.675
0.0233481
0.0774485
0.888564
0.108205
-22.9972
0.012969
0.0658873
0.358354
0.00113863
-8.958
-0.146551
0.244024
0.353387
-0.000907001
-9.34933
0.0116411
0.164084
0.296795
0.00253597
-9.72811
-0.276283
-0.074538
0.0523504
-0.00440002
5.70349
-0.0307003
0.163366
0.329774
0.00327158
-9.56367
0.0197586
0.0568528
0.340351
0.00301339
-8.58705
-0.0586265
0.0841505
0.672655
0.000187924
-14.4162
-0.0308702
0.674352
2.03029
-0.00115451
-54.6309
-0.0179643
0.0716666
0.584456
0.00549505
-13.2133
0.0174093
0.315619
-0.439292
-0.00163524
1.70666
-0.053032
0.132206
0.025694
0.00213386
-2.26441
-0.0118336
0.0127403
0.104751
0.0022618
-2.25277
0.0812476
0.27705
-0.0999318
0.0661774
-7.21897
-0.0674251
0.0604511
0.125896
-0.000473538
-2.51362
-0.148188
0.447401
-0.0465546
0.000302211
-5.35963
0.00395931
0.410797
-0.739524
-0.000941733
5.90912
-0.0341771
0.0267885
0.160974
8.3593e-05
-3.19472
-0.123217
0.096016
0.0754228
0.00106834
-1.13122
0.00292429
0.058208
0.15256
0.00191432
-4.43246
0.0010989
0.020764
0.300865
-0.000249503
-6.58778
0.0150601
0.102204
0.124318
0.000301784
-4.97067
-0.0271498
0.080124
3.14577
0.117276
-67.1871
0.0120846
0.125835
0.189334
-0.000409442
-6.70021
-0.0309732
-0.132211
0.450977
0.386744
-13.3162
-0.0010129
-0.0248192
0.263949
0.00370098
-4.98286
-0.103397
0.485397
-0.379324
0.00310672
-0.645646
0.0304407
0.0822936
0.306151
-0.00199768
-8.59813
-0.0178986
0.253403
-0.00727522
0.000393895
-4.70618
-0.0759481
0.0401115
0.25076
-0.00442831
-4.51155
-0.0484767
0.0442289
0.0487484
-6.43167e-05
-0.957355
-0.0222457
0.107765
0.349923
0.000507111
-8.94365
-0.137748
0.376081
0.0538842
0.000338695
-6.09719
-0.0215081
0.00503643
-0.0493529
0.00680261
1.06285
-0.196675
0.061992
0.387417
0.00200064
-5.43736
-0.0408521
0.0559359
0.202306
-0.000260858
-4.47624
-0.111108
0.439662
0.0517929
0.00241523
-7.93265
-0.0256367
0.0759746
0.280512
0.00178124
-6.82613
0.0218932
0.053563
0.104021
-0.000588016
-3.69106
0.0347397
0.455488
-0.137611
-0.000100179
-7.36075
0.0317245
1.22198
1.25636
-0.0046249
-51.2634
0.0202404
0.119581
0.418013
0.000534457
-11.4381
0.0122924
0.055613
0.406667
-0.00104834
-9.71977
-0.0101945
0.0660968
0.423813
-0.0028423
-9.83529
-0.159497
0.14625
0.501789
0.00150321
-10.1608
-0.0270413
0.0572539
0.34854
0.00072501
-7.80855
-0.0119792
0.151574
0.187511
0.00252436
-6.79451
0.00182279
0.0272571
0.188675
0.00110755
-4.5395
0.135226
0.171777
-0.230217
-0.097494
5.41408
0.0526055
0.230054
0.140534
0.00258801
-8.72042
0.0108006
0.888753
0.164721
0.0292992
-15.3016
0.0362974
0.129199
0.863391
0.00977209
-21.2743
0.00871384
0.0734782
0.330491
0.00186421
-8.51344
0.0231583
0.123491
0.394892
0.000690377
-11.1383
-0.0219878
0.769265
0.300961
-0.0133061
-15.646
0.0286506
0.0866948
0.528728
0.00120096
-13.2016
-0.0377109
0.741367
0.0858892
0.0385356
-9.7647
0.0271399
0.0523314
0.416086
0.00296715
-10.2466
-0.0783615
0.040675
-0.0375329
0.00125106
1.39727
-0.0443727
0.0266749
0.462094
7.33254e-05
-9.13362
-0.0396709
0.0667269
0.455333
0.00137965
-9.95882
0.113206
0.103704
0.588277
0.000271535
-16.4582
0.0274583
0.203261
0.864402
-0.000182074
-22.3543
-0.17914
0.832288
-0.6182
-0.820525
5.81896
0.0162688
0.0316597
0.864882
-0.000177478
-18.6614
0.0345526
0.322156
0.316371
0.00226619
-13.799
0.084572
-0.133669
1.28533
-5.75233e-05
-25.3458
0.0124405
0.159769
0.641143
0.0163206
-17.0462
0.00652103
0.061317
0.355164
-0.00202682
-8.65509
0.0688861
0.0721471
1.54802
0.00179478
-34.5939
-0.221563
0.849225
0.970414
-0.0658427
-27.4474
-0.00475789
0.45455
0.240332
-0.078992
-7.29319
0.0118397
0.0280092
-0.0581108
-0.000777779
0.253103
-0.0341548
0.193272
1.52102
-0.00165323
-34.4057
-0.122949
0.273419
0.996688
0.000745232
-23.539
-0.00571762
0.131673
0.859532
0.00810867
-20.3788
-0.00354371
0.111368
0.90928
0.000766646
-20.7997
0.000175473
0.170983
1.51857
-0.00582479
-34.5891
-0.234399
0.92702
-0.376302
-0.746489
-0.79114
0.0349151
0.0486222
0.823745
-0.00129411
-18.595
-0.10888
0.863222
0.514758
-0.0324429
-20.2176
0.0244957
-0.139438
0.943212
-0.00917409
-17.1544
-0.0602074
0.102086
0.637507
-8.16046e-05
-13.9618
-0.00963844
0.0358365
0.645951
-0.00430784
-13.869
-0.0938033
0.105286
0.850666
0.00104778
-17.707
0.00135052
0.0921004
0.55407
0.00353728
-13.3128
-0.0619818
0.867233
0.258552
0.0189483
-15.0655
-0.0378571
0.111952
0.455076
0.0351105
-11.9493
0.00827276
0.0656313
0.45098
-0.00784915
-10.8116
0.0251022
0.0788065
0.651991
0.000291981
-15.4546
-0.00202347
0.388347
0.966621
-0.00203138
-27.6684
0.0816281
-0.15597
1.58642
0.0107743
-31.2746
0.0323103
0.0204383
0.661208
-0.00447575
-14.6611
0.00576263
0.848253
0.211715
-0.00754702
-15.8131
0.029309
0.0839675
0.735998
0.000724282
-17.3816
-0.0244359
0.61188
1.59483
0.00214571
-44.6201
0.0415666
0.372969
1.58891
-0.00165943
-40.9321
-0.0450506
0.171784
0.105143
0.00635412
-4.95417
-0.0201282
0.493198
1.37556
-0.0667455
-29.9371
0.0517313
0.0470998
0.16728
0.00100883
-5.46219
-0.0829883
0.00182957
0.675177
0.000326425
-12.2155
-0.0266914
0.163662
0.573552
-0.00295389
-14.5563
0.0390895
0.000247492
0.671727
0.00153903
-14.6311
-0.19331
0.863478
-0.251375
-0.828141
-1.60929
0.00881176
0.00307179
0.0527195
-0.00470261
-1.38755
-0.0415213
0.101812
0.168652
0.00639106
-4.95413
0.0368433
0.0829985
0.684781
0.00996383
-16.763
0.0303755
0.187431
1.10215
0.0271126
-27.6502
0.0451011
0.207635
0.0708739
0.00984833
-6.89702
0.0122828
0.231743
0.543174
0.0103131
-16.3293
-0.0309486
0.890048
0.116581
-0.00402233
-13.9186
-0.0564501
0.068685
0.859443
0.00076356
-17.907
-0.00533423
0.142516
1.04161
0.00160489
-24.1183
0.00174327
0.148782
0.594143
0.00233378
-15.3615
0.0588109
0.162196
0.22684
-0.00013239
-9.1869
0.00158746
0.0598094
0.547898
-0.00548233
-12.4911
-0.028096
0.154404
0.53223
0.00424145
-13.5758
0.0635153
0.255415
0.897916
0.00566604
-24.9902
0.0502404
0.210378
0.0149134
-0.00138581
-5.63772
0.0144664
0.0908102
1.4139
0.00168475
-31.1919
-0.0525613
0.228428
1.21567
7.89633e-05
-28.5701
0.0910068
0.0763085
0.986829
0.00872878
-23.7902
0.0348668
0.229441
2.38562
-0.00180477
-54.1093
-0.0695625
0.0969113
0.74075
0.00271664
-15.8222
0.0524534
0.128742
0.471714
-8.96878e-05
-13.4127
0.00577727
0.0705402
0.367428
-0.00321492
-9.16962
-0.0213235
0.0710571
1.04606
0.00166736
-22.4479
0.237243
-1.32494
0.69867
0.960953
0.51198
0.0276241
0.0581122
0.620152
0.00314192
-14.4932
0.240226
-0.175955
0.149605
0.744259
-10.5106
0.0173261
0.167142
0.720125
0.00494206
-18.6022
-0.133509
0.207797
0.641546
-0.00147948
-14.7593
-0.045151
0.14915
0.0336458
-0.00184139
-2.87743
-0.142262
0.972936
0.665156
-0.0483062
-23.9215
-0.02452
0.802331
0.65156
0.00744343
-29.3988
0.0398197
-0.0630994
1.05676
0.00161572
-21.2178
0.011696
0.604328
0.746571
-0.000739413
-27.8185
-0.404098
0.12699
0.507644
0.00584532
-5.25461
0.0192284
0.0418653
0.535605
0.00354085
-12.3122
-0.0280735
0.0891049
0.867494
0.00302521
-19.062
0.0034094
0.154829
0.610433
0.00020392
-15.6907
0.00479841
0.162246
0.841674
0.0022004
-20.6536
0.109801
0.175707
0.0326825
0.00305556
-6.60966
-0.0047281
0.210501
0.622255
0.0235507
-17.5239
0.00180754
0.0845228
0.820838
-0.00125708
-18.5278
0.0115589
0.125605
1.10883
0.000514402
-25.4412
0.0277945
0.445483
0.541936
0.000616591
-20.7321
-0.0246863
0.116438
0.632383
-0.00104646
-14.8093
0.0105398
0.0987635
0.667088
0.010993
-16.1305
0.0582405
-0.100149
0.552929
0.00808089
-10.7483
-0.0234167
0.122897
2.00922
0.0708231
-40.9061
0.0282474
0.23905
1.13634
0.00153733
-28.7119
0.0453401
-0.208175
0.392199
0.00167245
-4.91192
-0.0423001
0.989382
1.01403
0.40543
-42.3737
0.14719
-0.108041
0.567369
-0.0040832
-12.6038
-0.0335921
0.0407862
0.613141
-0.000312384
-12.871
0.0759195
0.365529
0.399963
0.282237
-16.7644
0.0477526
0.143315
0.949012
0.000146048
-23.2674
-0.0111473
-0.64765
-0.756781
0.187192
30.4654
-0.189984
-0.0565126
0.796857
0.036639
-10.6664
0.00211976
0.0674113
0.650718
-0.00593306
-14.7597
0.0432932
0.103053
1.39843
0.00232013
-31.6655
0.104746
-0.0257079
0.383291
0.0109736
-9.75757
-0.0558868
-0.0632993
0.65584
0.00472024
-11.2305
-0.0203612
-0.445649
-0.219998
0.20987
15.704
0.0463367
-0.115492
0.465484
0.00605227
-8.35766
0.152695
-0.124761
0.718403
2.4551e-05
-15.4856
0.271097
-0.214364
0.280938
0.00243368
-7.14514
-0.164398
0.0771667
2.2262
-0.000783178
-43.8467
0.0193955
-0.0763161
0.447294
-0.000472801
-8.15234
0.112222
-0.367517
0.706386
0.0116611
-8.74337
0.0360818
-0.00208676
0.453985
0.00819435
-10.2088
-0.0221088
0.0892874
1.04918
0.000135055
-22.9748
0.0488237
0.145079
-1.09513
0.182781
20.1646
0.0547131
0.187113
0.409379
0.00411234
-13.4621
-0.00772686
-0.0998727
1.45763
0.0750815
-26.1679
0.0801172
0.627087
0.928675
0.1226
-30.7457
0.0365147
0.126259
1.29991
-0.00419596
-29.9593
-0.0687703
0.0584561
0.0429704
0.00187514
-0.80394
0.030116
0.06732
0.648123
0.00448288
-15.3535
-0.0011074
-0.0650263
1.10629
-0.00697223
-21.4836
0.0288159
-0.041008
0.599965
0.00693195
-12.2814
0.0198494
0.127548
1.65208
0.117376
-34.1687
-0.117601
0.0995199
0.67768
7.40816e-05
-13.5673
-0.126663
-0.181541
0.676246
0.0105443
-6.98779
-0.163214
0.134527
0.182149
-0.000596146
-3.32687
-0.0346906
-0.285897
0.681579
0.0109266
-6.76063
0.0508714
-0.00160601
0.535917
-0.00412487
-12.1213
-0.0021674
-0.0185091
0.429972
0.00943941
-8.63957
0.0691377
0.0290828
0.69123
0.00429876
-16.2201
0.116278
-0.0398325
0.481546
0.0145628
-11.9275
0.0271216
-0.0923514
0.269434
0.00228247
-4.31759
-0.0466102
-0.00157567
0.764787
0.0017941
-14.7694
-0.00326107
0.0880269
1.1452
-0.00195295
-25.179
0.0232125
0.206349
-0.937286
0.154066
16.3299
-0.10627
-0.830697
-3.06077
-0.729801
85.7833
-0.0566237
-0.162645
0.294596
-0.00125657
-1.82119
0.0643163
-0.375484
0.115957
0.00968658
3.31374
-0.0841379
0.851408
0.355635
0.104225
-21.407
0.417116
-0.904052
-2.62632
-0.00415385
60.2485
-0.0443276
0.0210974
0.495319
0.00635514
-9.9344
0.0591506
-0.296058
0.256189
0.00127138
-0.695397
-0.0770387
-0.213537
1.1002
-0.00105262
-16.9598
0.04711
-0.201962
0.495433
0.00165557
-7.24852
-0.101501
-0.925207
0.758885
0.196609
7.48262
0.0864404
0.0384694
0.600428
-0.00855716
-14.8983
0.130597
-0.232453
0.480012
-0.000312349
-8.01201
0.120472
0.0988026
0.602339
0.0043594
-16.9318
-0.0583038
0.73095
-0.915391
0.165515
6.75636
0.0361759
-0.0252311
0.581239
0.00519297
-12.2905
-0.29288
0.436086
0.48178
0.105007
-12.2335
0.213804
-0.0296801
0.12737
0.0103384
-6.6684
0.0759255
-0.19659
0.389876
-0.0115875
-5.80465
0.0820971
-0.00770772
0.543469
0.000841981
-12.7213
0.0459697
0.276223
0.0134436
0.00728462
-7.06367
-0.027224
0.110252
0.616219
0.0049076
-14.4402
-0.0139558
0.0288682
0.430359
0.0110571
-9.40484
0.134511
0.181185
1.17363
0.143398
-28.4417
0.0208093
0.217371
0.500294
0.00159405
-15.1156
0.107632
-0.335391
0.668748
-0.0356824
-8.34146
0.0521671
-0.0899662
0.724272
-0.00160943
-14.1069
0.0336959
-0.0818698
0.188447
0.00689275
-3.14495
0.0398279
0.0165748
0.55121
0.0119867
-12.7281
0.0581883
0.0413721
0.761355
0.00188636
-17.7524
0.284265
-0.102841
0.620677
0.0622257
-17.1177
0.0287916
0.184875
-0.944788
0.172675
16.7215
0.0574307
0.476073
0.235038
0.271376
-15.1791
-0.142104
0.69471
-0.920884
0.16774
9.26876
0.0516264
-0.234395
0.332277
-9.72348e-05
-3.28752
-0.0248586
0.65174
3.36091
0.127233
-76.6591
0.0577115
0.0694642
0.627692
0.00358504
-15.743
0.0441283
0.15046
0.564906
0.315281
-15.316
0.050452
0.164141
0.782799
0.00621618
-20.5739
0.153628
0.495952
-0.822304
0.131533
5.70128
-0.0797123
0.184771
0.247306
0.00514661
-7.43173
0.0680429
0.0278813
0.916822
0.00207789
-20.7337
-0.00455385
-0.268929
0.701384
0.0186623
-8.12038
0.0375659
-0.047018
0.40075
0.0116604
-8.4192
0.11481
-0.0216675
0.383688
0.00203945
-9.84979
0.0542135
-0.195791
0.511797
-0.00295248
-7.7814
0.0136941
0.0880467
0.717436
0.00363992
-16.8098
-0.105057
-0.802851
0.879672
0.200102
2.65407
0.0332793
-0.0912848
1.25237
0.0906514
-23.056
-0.0708847
-1.014
-3.09337
-0.55022
87.6738
0.0424066
0.273098
1.41068
0.00222247
-35.2976
0.100209
-0.0597306
0.905223
0.0031056
-19.4966
0.0505946
0.3293
1.02897
-0.00279024
-28.8342
-0.0932411
0.0325242
0.789963
0.00174863
-15.0535
0.111562
0.530978
4.17004
0.19552
-94.0057
-0.0475588
0.0020814
0.275945
0.00724245
-4.97079
0.0209774
-0.0127612
1.404
0.0113372
-29.1353
0.0239801
0.171802
1.08078
0.00284602
-26.1418
-0.029268
0.0760902
1.73942
0.00251972
-36.696
0.0504026
-0.0563588
0.348339
-0.000838965
-7.09474
0.109014
-0.249995
-0.308646
0.0055471
8.38646
-0.300191
0.109022
1.24147
-0.0029188
-21.7583
0.176362
-0.283046
0.445494
0.00139319
-7.20992
0.165229
0.0806442
-0.218756
-0.0137239
-0.903403
0.0959661
0.639069
0.367317
-0.00724226
-22.662
0.0477142
0.539964
3.11273
0.140832
-70.8674
0.103014
0.130297
-0.212976
-0.00705086
-0.72112
0.0764287
-0.151098
0.267967
0.00156614
-4.26435
-0.158246
0.767686
1.23306
-0.0262301
-37.2871
0.0351052
-0.0595455
0.399319
0.0119195
-8.03165
-0.176832
0.240965
0.79074
0.0148408
-18.0614
0.0163838
-0.0637988
1.0977
0.00510835
-21.6739
0.00961917
0.0555983
1.01929
0.00639367
-22.3079
0.253483
-0.362097
0.655063
-0.0637722
-10.415
0.0730088
-0.260156
0.552926
0.0046105
-7.82484
0.0441865
-0.203411
0.282052
0.0080364
-2.96645
0.127181
-0.311527
0.335713
-0.0375449
-2.71083
0.00024581
0.149694
2.43461
0.148709
-49.9725
0.063543
-0.014342
0.72627
0.00532252
-15.9821
0.00701702
0.00922494
0.522696
0.00233031
-11.2918
0.0304934
-0.0860946
0.536819
-0.00446808
-10.0536
0.112217
-0.0864843
0.385031
0.0050209
-8.75967
0.00707928
-0.00649352
0.203143
0.00700337
-4.39993
0.0172908
0.103801
0.874264
0.00369221
-20.5623
0.0163454
0.145792
0.921353
-0.00165372
-22.1216
0.123107
-0.129185
0.106895
0.00480892
-2.31526
-0.0439966
-0.165189
0.688369
0.00659771
-10.1416
0.0503531
0.114268
1.89221
0.1035
-39.9604
-0.0181691
-0.0567975
0.624318
-0.000818867
-11.2927
0.0381878
-0.0510791
0.177961
-0.0113955
-3.5887
0.0950323
-0.174038
0.270648
-0.00240295
-4.14295
0.0167317
0.144325
1.22209
-0.00446182
-28.2878
0.0969567
-0.247245
0.478138
0.0042111
-7.14094
0.0102163
0.0261646
0.860226
0.003387
-18.5739
0.0993527
0.365491
0.918962
0.00568765
-28.4235
-0.00108467
0.247963
-1.0204
0.169919
17.6401
0.0530952
-0.434008
0.370983
0.00173987
-0.274105
0.0829562
-0.128817
0.535809
0.00158644
-10.1672
0.0737359
0.0257194
0.668556
0.000883076
-15.7099
-0.0197146
0.0958837
1.00815
0.0177923
-22.6322
0.0302882
-0.0342123
0.355847
-0.0015607
-7.2373
-0.0183316
0.611935
1.20429
0.10551
-34.7171
0.0481972
0.0763331
0.463804
-0.00222003
-12.0646
0.0331294
0.0381588
1.52686
0.00292297
-32.806
0.134817
0.0941932
0.0928963
0.00330898
-6.70436
0.213059
-0.257098
0.384384
-0.00303505
-7.302
0.0387365
-0.0550786
0.729213
0.0103214
-14.8745
-0.0803552
0.0629353
0.757729
-0.00257926
-15.2465
0.0381399
-0.0879979
0.275216
0.00363984
-4.90505
0.171162
0.183462
-0.408084
0.0013887
0.650809
-0.0121915
-0.0277943
0.0142905
-0.00101118
0.452445
0.0514002
0.184413
0.511664
-0.00143507
-15.3084
0.0688649
-1.11229
-2.59112
0.00726868
70.6201
0.221598
-0.0884363
0.363689
0.00217742
-10.2755
0.0620604
0.0605306
0.694677
0.000695375
-16.7018
0.111631
0.319255
1.72214
0.0016377
-44.0162
0.0193118
0.00936246
0.863974
-0.0013402
-18.3339
-0.0557899
-0.151953
0.729416
0.00599434
-11.044
-0.0107313
0.185489
0.81345
0.000591202
-20.2342
-0.0300152
0.0501608
0.478364
0.00160679
-10.2649
-0.0464249
0.0334233
0.783941
0.000886697
-15.8291
-0.0119035
0.0559921
1.90517
0.247671
-41.237
0.0556215
0.734378
4.17847
0.154335
-96.4623
0.171617
-0.339093
0.527499
-0.00199073
-7.69268
-0.0206294
-0.0752715
0.834289
0.0019856
-15.2378
0.117706
-0.10177
-0.21177
0.156835
5.72569
0.0213807
-0.0631712
-1.09597
0.179042
24.9141
-0.0316411
-0.618957
-0.609957
0.210465
27.2276
-0.194256
-0.446372
0.137374
0.187028
12.0633
0.0635187
-0.137015
0.346195
-0.00137804
-5.72784
-0.0335822
0.439767
0.538936
0.210803
-18.3943
0.126111
-0.395033
0.802819
-0.00438675
-10.3831
0.00722491
-0.43576
-0.488615
0.198312
20.3467
-0.000658898
0.726243
2.83454
0.00126784
-72.849
0.0622863
-0.0101569
1.31581
-0.000196423
-27.9625
0.0101186
0.494554
-0.982926
0.137996
11.9495
-0.0757523
-0.801304
0.881399
0.159354
2.38434
0.0344551
0.0195913
0.661688
0.00205606
-14.8754
0.00301774
-0.111065
-0.30997
0.00276011
7.9928
0.0453153
0.670647
1.39466
0.133739
-40.6359
0.182899
-0.404621
0.862815
-0.0011782
-13.5349
-0.0187236
-0.0826847
0.121507
0.00176435
-0.573723
0.0548539
-0.0858572
0.488663
0.00224716
-9.60928
-0.174427
0.0852369
0.956331
0.065739
-16.5055
-0.141405
0.0345836
1.2682
-0.00416401
-24.0842
0.0638685
0.0468634
0.783711
0.00114454
-18.4181
0.0743207
-0.117623
0.45923
0.00193034
-8.71714
0.136214
-0.116162
0.563308
0.00246756
-12.092
0.0235872
-0.343868
-0.14534
0.00668408
8.83678
-0.0687912
0.421129
1.30483
0.141046
-31.8742
0.0846323
0.575144
2.22164
0.0045072
-58.9327
0.0185774
0.0153628
0.389293
0.000658691
-8.72346
0.0387279
-0.0841243
1.1228
0.00471674
-22.1887
0.0404522
0.396984
1.37408
0.00410766
-37.0675
0.00605299
0.144956
-1.29124
-0.00790361
0.00168652
-0.0147086
-0.00856633
-0.0107048
-0.022546
0.0110664
0.677474
0.00193036
0.015241
0.0126505
-0.170731
-0.132821
0.00544852
0.00362545
0.00115935
0.00918323
0.00338571
-0.00473734
0.549807
0.00382466
0.0150942
0.20512
-0.0209275
-0.0218645
0.000883157
0.00832734
0.164148
0.00345477
-0.00226756
-0.00506087
1.03608
0.0135602
-0.0239344
0.0178157
-0.143156
-0.00402344
-0.00584358
0.0184114
0.0117474
-0.00125342
-0.0257415
0.00616289
0.00877682
-0.0653445
5.09262
-0.00143502
2.16757
0.00798267
-0.0138254
0.0116145
0.00780086
-0.00257515
0.0218144
0.00427556
0.032555
0.299308
0.0144742
0.0389642
0.0254068
0.961481
-0.0138266
-8.23472e-05
0.0144572
0.0230847
0.00036803
0.00636638
0.00196869
0.0144908
0.0130734
0.477914
0.108224
0.000587848
0.00727578
0.00519937
-0.00934958
1.16545
-0.0082543
0.0106572
-0.041929
5.57468
-0.017675
0.00760398
-0.115215
0.00278782
0.00821247
0.00727561
-1.26921
0.0149277
-0.00857946
0.00674545
0.0898741
0.00125259
-0.129278
0.00674699
-0.0110382
0.0010868
-0.00627596
0.0103839
-0.00114853
-0.0140369
-0.00742956
1.59266
-0.00254097
0.003344
-0.00513603
0.0979834
0.0106052
0.0262632
0.00213789
0.00100746
0.672807
-0.00492929
0.00880153
-0.00521268
0.00870263
0.00700999
-0.0121343
0.00997778
-0.0106715
0.0036694
0.0171046
0.00822047
0.00970839
-0.00745608
-0.000544518
0.511621
0.00171868
0.0133051
0.0020218
-0.0122972
-0.000302318
-0.287133
-0.00390594
-0.0105086
0.00831148
-0.00889139
8.68844e-05
0.00244374
-0.0118439
0.0016155
0.0123691
-0.0275199
0.00333567
0.0111226
0.0288523
0.0144017
0.0153461
0.0187746
-0.00907855
0.0129664
0.0110279
0.00911743
-0.0322603
-0.0112998
0.0132975
-0.0105778
0.00512169
0.012739
-0.000152022
1.0452
-0.000541198
0.0139972
-0.0069562
0.00566567
-0.0415908
-0.0110042
-0.018974
-0.00175343
-6.31291e-05
-0.012473
-0.016542
0.160894
3.65126e-05
0.000775229
1.43077
-0.00957807
-0.00748862
-1.94891
-0.0153596
0.000514125
-0.0461077
0.0013205
0.013445
-0.0150348
0.00153244
0.00753367
-0.000216083
0.00601645
0.00616664
0.000254956
0.0545088
0.0838894
0.00560258
0.282716
0.0123489
0.00788575
0.00848311
0.00755082
0.00416992
-0.00670183
0.00518878
3.52664e-05
0.00412372
0.00711185
-0.0109114
0.000104682
0.00511497
0.0116605
-0.00417569
0.0057089
0.00556908
-0.000326542
-0.00498914
-0.040977
0.00314778
7.28949
0.357574
1.88393
0.0128506
0.0217678
0.379347
0.017879
-0.00954362
-0.00810243
-0.0191424
0.00517842
-0.510212
-0.00656474
0.00357744
0.0073963
-0.0200282
0.260619
-0.0011699
-1.36554
-0.00548969
1.31137
0.0107471
0.489149
-0.00774857
-0.00054363
0.0100552
0.00735233
-0.0487493
0.0104774
-0.000267023
0.0203314
0.00128711
0.836629
4.76025
0.0144656
-0.00510397
-0.010653
-0.0192557
-0.0107729
-0.00391959
6.56136e-05
0.0145901
0.00873835
0.0132649
0.00651124
0.0081621
-0.011886
0.00613655
-0.00446324
-0.025363
0.00735153
0.0213558
0.0074934
0.0163359
0.00404037
0.419651
0.000896788
5.89768
0.00815873
-0.0156525
-0.00817927
-0.0142055
-0.00534558
0.00753864
0.00546505
0.00783982
-0.01405
-0.018426
-0.0107704
0.0220386
-0.00909279
-0.055039
0.00533767
0.0036928
-0.0101363
-0.00337795
0.00777861
0.00271805
0.00839209
-0.00720099
0.00742946
0
0
0
0
0
0
0
0
0
0
0
0
0
0
0
0
0
0
0
0
0
0
0
0
0
0
0
0
0
0
0
0
0
0
0
0
0
0
0
0
0
0
0
0
0
0
0
0
0
0
0
0
0
0
0
0
0
0
0
0
0
0
0
0
0
0
0
0
0
0
0
0
0
0
0
0
0
0
0
0
0
0
0
0
0
0
0
0
0
0
0
0
0
0
0
0
0
0
0
0
0
0
0
0
0
0
0
0
0
0
0
0
0
0
0
0
0
0
0
0
0
0
0
0
0
0
0
0
0
0
0
0
0
0
0
0
0
0
0
0
0
0
0
0
0
0
0
0
0
0
0
0
0
0
0
0
0
0
0
0
0
0
0
0
0
0
0
0
0
0
0
0
0
0
0
0
0
0
0
0
0
0
0
0
0
0
0
0
0
0
0
0
0
0
0
0
0
0
0
0
0
0
0
0
0
0
0
0
0
0
0
0
0
0
0
0
0
0
0
0
0
0
0
0
0
0
0
0
0
0
0
0
0
0
0
0
0
0
0
0
0
0
0
0
0
0
0
0
0
0
0
0
0
0
0
0
0
0
0
0
0
0
0
0
0
0
0
0
0
0
0
0
0
0
0
0
0
0
0
0
0
0
0
0
0
0
0
0
0
0
0
0
0
0
0
0
0
0
0
0
4.28724
0
0
0
0
0
0
0
0
0
0
0
0
0
0
0
0
0
0
0
0
0
0
0
0
0
0
0
0
0
0
0
0
0
0
0
0
0
0
0
0
0
0
0
0
0
0
0
0
0
0
0
0
0
0
0
0
0
0
0
0
0
0
0
0
0
0
0
0
0
0
0
0
0
0
0
0
0
0
0
0
0
0
0
0
0
0
0
0
0
0
0
0
0
0
0
0
0
0
0
0
0
0
0
0
0
0
0
0
0
0
0
0
0
0
0
0
0
0
0
0
0
0
0
0
0
0
0
0
0
0
0
0
0
0
0
0
0
0
0
0
0
0
0
0
0
0
0
0
0
0
0
0
0
0
0
0
0
0
0
0
0
0
0
0
0
0
0
0
0
0
0
0
0
0
0
0
0
0
0
0
0
0
0
0
0
0
0
0
0
0
0
0
0
0
0
0
0
0
0
0
0
0
0
0
0
0
0
0
0
0
0
0
0
0
0
0
0
0
0
0
0
0
0
0
0
0
0
0
0
0
0
0
0
0
0
0
0
0
0
0
0
0
0
0
0
0
0
0
0
0
0
0
0
0
0
0
0
0
0
0
0
0
0
0
0
0
0
0
0
0
0
0
0
0
0
0
0
0
0
0
0
0
0
0
0
0
0
0
0
0
0
0
0
0
0
0
0
0
0
0
0.953201
0.0359189
2.56793
0.0216739
0.0309142
0.0138335
0.691226
0.00822576
3.0103
-0.00950397
-0.000824758
-0.00622584
-0.0279425
-0.0285009
-0.0506183
-0.572502
-0.000720397
-0.0146875
-0.00270022
-0.00108204
-0.00643041
-0.0371482
0.0602025
0.847225
0.0027317
0.0334159
-0.0253035
0.0111566
0.0152899
-0.592181
-0.517509
-0.00558482
0.402084
0.000501113
-0.00695747
0.0217202
-0.00966965
0.0163716
2.50081
0.00900664
-0.0078508
0.0059791
0.0716805
0.0223217
-0.0185147
0.990316
-0.00546931
0.0194659
-0.063322
0.00614528
1.2358
-0.0471804
-0.0334016
-0.015045
-0.0348452
-0.572663
-0.0070016
0.0280178
-0.00670966
0.0482426
-0.0266185
0.0291561
1.14436
-0.0079163
-0.0103998
-0.00304829
-0.00753838
-0.0171628
-0.00350623
0.0757836
0.0287333
-0.00981579
0.0337303
-0.00443718
-1.55791
-0.00233971
-0.00898914
-0.0303822
0.0230125
1.02169
0.0161619
0.465195
0.0270563
0.00784397
0.00496056
0.802665
-0.0180467
-0.00751811
-0.00954463
0.0108447
-0.0119126
-0.0339514
-0.00547521
-0.0388268
0.0198206
0.027645
-0.00650577
0.00250329
-0.00577618
-0.00329141
0
0
0
0
0
0
0
0
0
0
0
0
0
0
0
0
0
0
0
0
0
0
0
0
0
0
0
0
0
0
0
0
0
0
0
0
0
0
0
0
0
0
0
0
0
0
0
0
0
0
0
0
0
0
0
0
0
0
0
0
0
0
0
0
0
0
0
0
0
0
0
0
0
0
0
0
0
0
0
0
0
0
0
0
0
0
0
0
0
0
0
0
0
0
0
0
0
0
0
0
0
0
0
0
0
0
0
0
0
0
0
0
0
0
0
0
0
0
0
0
0
0
0
0
0
0
0
0
0
0
0
0
0
0
0
0
0
0
0
0
0
0
0
0
0
0
0
0
0
0
0
0
0
0
0
0
0
0
0
0
0
0
0
0
0
0
0
0
0
0
0
0
0
0
0
0
0
0
0
0
0
0
0
0
0
0
0
0
0
0
0
0
0
0
0
0
0
0
0
0
5.29184
0
0
0
0
0
0
0
0
0
0
0
0
0
0
0
0
0
0
0
0
0
0
0
0
0
0
0
0
0
0
0
0
0
0
0
0
0
0
0
0
0
0
0
0
0
0
0
0
0
0
0
0
0
0
0
0
0
0
0
0
0
0
0
0
0
0
0
0
0
0
0
0
0
0
0
0
0
0
0
0
0
0
0
0
0
0
0
0
0
0
0
0
0
0
0
0
0
0
0
0
0
0
0
0
0
0
0
0
0
0
0
0
0
0
0
0
0
0
0
0
0
0
0
0
0
0
0
0
0
0
0
0
0
0
0
0
0
0
0
0
0
0
0
0
0
0
0
0
0
0
0
0
0
0
0
0
0
0
0
0
0
0
0
0
0
0
0
0
0
0
0
0
0
0
0
0
0
0
0
0
0
0
0
0
0
0
0
0
0
0
0
0
0
0
0
0
0
0
0
0
0
0
0
0
0
0
0
0
0
0
0
0
0
0
0
0
0
0
0
0
0
0
0
0
0
0
0
0
0
0
0
0
0
0
0
0
0
0
0
0
0
0
0
0
0
0
0
0
0
0
0
0
0
0
0
0
0
0
0
0
0
0
0
0
0
0
0
0
0
0
0
0
0
0
0
0
0
0
0
0
0
0
0
0
0
0
0
0
0
0
0
0
0
0
0
0
0
0
0
0
0
0
0
0
0
0
0
0
0
0
0
0
0
0
0
0
0
0
0
0
0
0
0
0
0
0
0
0
0
0
0
0
0
0
0
0
0
0
0
0
0
0
0
0
0
0
0
0
0
0
0
0
0
0
0
0
0
0
0
0
0
0
0
0
0
0
0
0
0
0
0
0
0
0
0
0
0
0
0
0
0
0
0
0
0
0
0
0
0
0
0
0
0
0
0
0
0
0
0
0
-0.0127563
-0.00638434
0.2658
0.0603428
0.0248471
0.64725
-0.0125012
-0.0148371
0.203507
0.0421094
1.5046
0.000316132
0.0395209
0.00144569
0.0240562
-0.0171667
1.42481
0.00306252
0.00256413
-0.0213083
-0.0129574
-0.0294151
-0.00423363
0.0147868
-0.0295683
2.27514
0.0336772
0.0394758
0.227273
0.0273274
0.00642426
0.00758949
0.0137473
0.0137249
0.05047
0.000822418
-0.00379585
0.0300484
-0.0024154
0.0396985
-0.000285313
0.00630943
0.0132827
-0.0051142
0.0236957
0.0113835
0.480708
-0.634597
0.00861159
0.00503146
0.0127933
-0.0191358
-0.0255357
-0.0189835
0.0342443
0.00667841
1.11118
-0.00321702
0.0296839
-0.0352112
0.342428
0.00250406
0.0186352
0.00646794
0.0194555
-0.0215375
0.0235499
0.0140166
0.00184645
0.115213
0.075096
-0.00234335
-0.0128817
0.00070437
0.0232892
-0.0275563
-0.0145091
1.62986
0.160389
0.249258
-0.00110984
0.579854
0.0126966
0.538492
0.101442
0.270332
-0.00257576
-0.033188
-0.000462764
-0.0235814
0.00396538
-0.020704
0.0216102
0.976336
0.0208019
-0.447679
0.0379621
0.0198405
0.030377
0.000990545
0.778342
-0.00288413
-0.0346026
0.0320837
-0.0178828
-0.0201758
0.0235261
0.0129256
0.0234539
-0.0222001
0.0197773
0.68376
0.022022
0.00604684
-0.00890158
0.0301205
0.0394073
0.0316104
-0.0112994
-0.0452822
-0.0154005
0.0302898
-0.00160134
0.643678
-0.0208333
-0.0203268
-0.00515402
-0.0037355
-0.00482176
-0.00548277
0.0185008
0.0162524
-0.0236151
0.331624
0.0387451
-0.0302471
0.0294846
0.0281574
0.0309262
-0.00170933
-0.00702484
1.63855
0.00151966
0.000684035
0.00310439
-0.0122833
-0.00544508
0.0927024
0.0187614
0.0887977
0.00295099
0.0200263
0.000240142
0.0372171
0.00213203
-0.0210298
-0.031236
0.0112992
0.0176856
-0.0012471
-0.0419816
0.0317481
-0.03581
-0.0133853
0.045265
-0.0220884
-0.0270398
0.932891
1.23728
0.0296134
-0.0130065
0.1489
2.14408
1.64837
0.464749
-0.0218936
0.0226228
-0.00591928
1.01942
-0.0172751
-0.021533
0.747606
0.734849
-0.0378369
0.0428026
0.257391
0.0163516
0.00731824
0.00935442
0.0115311
-0.0132451
-0.0339552
-0.0172463
0.00993778
0.0112999
0.13504
0.0203486
0.0113895
-0.0194992
0.076834
2.39769
