2
1
1
200
-0.0311988
-0.359628
0.163412
-0.0983419
-0.147918
1.56967
-0.152575
-0.887646
0.403823
-0.103901
-0.0985774
1.43396
0.0284239
0.0248258
1.36298
-0.156009
-0.191221
1.39482
-0.218841
-0.216021
0.813032
-0.0980985
-0.317935
0.62704
-0.0696394
-0.152777
0.449844
-0.123821
-0.271901
2.36319
-0.0530137
-0.283062
0.26853
-0.179267
0.0891938
0.90038
-0.164234
-0.00500363
-0.010956
-0.087498
-0.123023
0.0551191
-0.0590046
-0.38989
0.2135
-0.0584568
-0.145628
1.15585
-0.125429
-0.202957
0.678306
-0.117073
-0.185063
0.0566794
-0.081846
-0.113963
0.414405
-0.149068
-1.26634
0.579287
0.0543989
-0.258776
0.511808
-0.0807424
-0.244582
0.47251
-0.120258
-0.0500099
0.0348077
-0.0544496
-0.0552519
0.305484
-0.132439
-0.0104793
0.00451775
-0.162648
-0.00504242
-0.0104628
-0.0725725
-0.234123
0.396694
-0.00651293
-0.138612
0.296587
-0.0420427
-0.279323
0.256674
-0.182378
-0.154267
0.666245
-0.185865
0.00449928
-0.0227002
-0.199197
0.0758395
0.869803
-0.113815
-0.256983
2.19433
-0.0420122
-0.584741
0.193681
-0.172736
-0.145597
0.0459048
-0.145921
-0.200419
0.0455936
-0.046263
-0.474315
0.198148
-0.0938899
-0.269229
1.99588
-0.203066
-0.315364
0.713206
-0.167287
-0.013222
-0.00088755
-0.0750527
-0.0510974
0.650351
-0.09398
-0.246126
1.9433
0.00568033
-0.0231753
2.63003
-0.124725
-0.007119
0.00240866
-0.150659
-0.0308233
0.0229016
-0.184725
-0.0462765
1.07295
-0.136235
-0.055626
0.0367361
-0.0997066
-0.136058
0.543533
0.0467704
-0.40968
0.466061
-0.0401026
-0.294601
0.0237931
-0.203749
0.101862
0.468468
-0.103271
-0.10501
0.473375
-0.15023
-0.392436
1.02562
0.00829817
-0.0724951
0.166935
0.00216062
-0.143955
2.32039
-0.0760236
-0.193701
0.412242
-0.147939
-0.00863104
0.00155638
-0.0510767
-0.0585374
0.140423
-0.129611
-0.274357
2.41548
-0.106476
-0.296173
0.857182
-0.1673
-0.200874
0.991048
-0.103336
-0.104727
1.44412
-0.19815
-0.264471
0.855809
-0.0630405
-0.0504029
1.0871
-0.166073
-0.0448669
0.0355612
-0.196837
-0.382349
0.384969
-0.0928296
-0.126344
0.0522802
-0.203715
-0.0891423
0.0514419
-0.173183
-0.00907194
-0.00158458
-0.170196
-0.0363085
0.0349258
-0.124406
-0.135133
1.78821
-0.0603627
-0.378962
0.440041
0.0360996
-0.410948
0.533665
-0.0916604
-0.0554178
1.11554
-0.110997
-0.0840575
0.478781
-0.043463
-0.0417482
0.578936
-0.112003
-0.0422346
0.0338967
-0.151702
-0.19219
1.40618
-0.115613
-0.144302
1.72342
-0.242108
0.013022
-0.0471922
-0.120266
-0.142469
0.0434886
-0.0656087
-0.271478
0.394369
-0.162909
-0.0301237
0.582786
-0.148703
-0.326437
1.59108
-0.101901
-0.0104235
0.0161239
-0.0533491
-0.456937
0.244378
-0.0365069
-0.368476
0.15623
-0.047051
-0.0991467
0.886946
-0.138358
-0.371833
0.621575
-0.215818
-0.611282
0.388735
-0.112752
-0.195325
0.834181
0.114433
0.179585
2.67806
-0.0934499
-0.238469
1.91788
-0.202936
-0.0231387
0.030191
-0.153258
0.0499552
0.729507
-0.151497
-0.152269
1.00238
-0.161756
-0.0329345
0.0273935
-0.144948
-0.553715
1.54152
-0.102111
-0.794639
0.245842
-0.185251
0.00546889
-0.0417952
-0.173803
-0.0123349
0.602778
-0.134795
-0.076008
0.766611
-0.193869
0.0247083
1.32076
0.306966
-1.1762
1.10745
-0.26213
-0.0215067
0.593327
-0.116956
-0.0279766
0.0234573
-0.139544
-0.0915833
2.1621
-0.116812
-0.163034
0.0555221
-0.158921
-0.353416
0.195808
-0.103645
-0.189942
0.0557112
-0.202964
-0.265507
1.81387
-0.127137
-0.0968737
0.778894
-0.121443
-0.0845171
0.601369
0.0787101
-0.264084
0.32094
-0.118523
-0.344639
1.33413
-0.0935097
-0.0840898
0.657925
-0.134795
-0.276686
2.48911
-0.160359
-0.175162
1.11032
-0.183046
-0.0402548
0.0274048
-0.178496
0.010769
-0.109303
-0.125796
-0.0118224
0.0075814
-0.097434
-0.231699
0.0564572
-0.152283
-0.149773
1.3366
-0.197691
-0.00361206
-0.0187545
-0.209503
-0.265509
1.80135
-0.186776
-0.0283147
0.50897
-0.1474
-0.152984
0.640181
-0.169357
-1.04768
0.646144
0.30875
-1.15816
0.91923
-0.111799
-0.156228
0.734767
-0.0864552
-0.111179
0.0521904
-0.086466
-0.280785
0.636414
-0.201524
-0.167193
0.0663389
-0.154717
-0.070567
1.80287
-0.148326
-0.118555
1.01428
-0.089012
-0.257339
1.94348
-0.158844
-0.107133
0.0433741
0.591471
-0.670091
0.36478
-0.188896
-0.167489
0.0663458
-0.12359
-0.0635233
0.0411867
-0.283231
0.00666898
0.499888
-0.201964
-0.0169048
0.00775723
-0.222188
0.00198244
-0.0218077
-0.0571351
-0.714106
0.822449
-0.10602
-0.136232
0.750399
-0.0761944
-0.153622
0.380342
-0.125337
-0.776369
0.189668
-0.0623597
-0.253746
0.366374
-0.0863521
-0.212089
0.0563648
-0.197445
-0.19396
0.0663407
-0.0924754
-0.246519
1.94478
-0.0460212
-0.340825
0.251525
-0.130301
-0.140345
1.85557
-0.185692
-0.0248132
0.0265512
-0.135583
-0.140477
0.0423988
-0.340825
0.097981
0.607248
-0.0355659
-0.47886
0.264346
-0.216119
-0.0237927
0.0133412
-0.0790085
-0.179774
0.48636
-0.0578658
-0.417803
0.314642
-0.142585
-0.0232374
0.795473
-0.086027
-0.255236
1.91404
-0.141674
-0.20271
0.045905
-0.0715668
-0.0574331
0.636401
-0.0923562
-0.0479758
0.584863
0.263826
-0.316832
1.07034
-0.101137
-0.0370567
0.0479805
-0.205889
0.0246931
0.336436
-0.152767
-0.00514272
0.512115
-0.0611064
-0.281218
0.425632
-0.144957
-0.147459
1.2441
-0.107444
-0.162653
0.0463941
-0.0546774
-0.253033
0.388296
-0.0993317
-0.115364
0.0461912
-0.176189
0.0178208
0.167937
-0.0993339
-0.375909
0.567881
-0.187259
-0.200927
0.718428
-0.218212
-0.0832506
0.0513719
-0.216114
-0.0250765
0.0325206
-0.155417
-0.162216
2.18618
-0.158433
-0.00440845
-0.0111418
-0.128784
-0.0234061
0.0178445
-0.0675153
-0.275149
0.370459
-0.166275
-0.11194
0.051696
-0.0867748
-0.0818435
1.19567
-0.0955534
-0.227055
0.560322
-0.159465
-0.0252045
0.444709
0.00544677
-0.0969424
0.148202
-0.171793
0.034385
1.17431
-0.253722
-0.409843
0.627143
-0.224032
-0.496702
0.265961
-0.122256
0.0474008
0.600342
-0.166076
-0.0223134
0.0208579
-0.155811
-0.122402
0.0517971
-0.386921
-0.0130838
0.314862
-0.167214
-0.167772
1.02084
-0.151776
-0.0418235
0.034487
-0.190555
-0.109273
0.051503
-0.16417
-0.0413805
0.0359525
-0.202998
-0.146696
0.0663383
0.153753
0.0670808
-0.243459
0.0838489
0.368372
-0.182167
0.0607967
-0.0414805
0.0675529
0.38807
0.104076
0.00418629
-0.0502901
0.00554913
0.077713
0.14353
0.119523
-0.0330247
0.179311
-0.614341
0.216642
0.0900328
-0.00794913
-0.0132766
-0.0319187
-0.0489513
0.0836234
0.0168865
0.200992
0.0723854
-0.0559148
0.00548917
0.268602
0.187844
-0.0921288
-0.0643117
0.182928
0.247323
0.0294902
-0.0721885
-0.0212926
0.200832
0.523803
-0.0199296
-0.0717995
0.140682
-0.0114918
0.157466
0.123097
0.160187
0.0129803
0.0971524
-0.205726
0.0154312
0.331762
0.123577
-0.045286
0.0442547
0.42902
0.0208498
0.212917
0.0527442
0.0508966
-0.0192105
-0.0428447
0.0495176
0.00122801
-0.116538
-0.0700396
-0.0833742
0.0730622
0.00878613
0.235741
0.0293468
0.119744
0.0109695
-0.00583915
-0.180172
0.064684
-0.0846899
-0.0230484
0.0410124
0.0759294
-0.787649
-0.00759197
0.135097
0.1646
0.0268436
0.0862182
0.0428699
-0.0593976
0.72939
0.195868
-0.124461
0.00721027
0.153558
-0.0669353
-0.793079
-0.0244718
-0.0293984
0.0112248
0.0872073
-0.00316496
0.687764
0.056908
-0.0254436
0.0634127
-0.0316901
0.0372276
-0.0219682
-1.40745
0.154266
0.0812428
0.124179
-0.456782
0.1317
0.478611
-0.128793
-0.0868662
0.0212162
-0.0375613
-0.0183261
-0.163404
-0.079455
-1.29977
0.113386
0.0583919
-0.173115
0.528139
0.167064
0.00658271
-0.0393878
-0.13641
0.0416638
0.1163
0.204172
-0.0683625
-0.595717
-0.123015
0.00140902
0.0324226
-0.118416
-0.0990284
-0.275974
-0.0472256
0.158104
-0.199891
0.106747
-0.00763165
-0.132586
0.212759
0.102185
0.0908169
-0.106243
-0.0405946
-0.0248404
0.107036
-0.13754
0.0208846
0.140836
0.0380827
0.230743
-0.0600901
-0.0306697
-0.0350901
-0.233993
0.013583
0.0801236
-0.00718414
-0.0448844
-0.152303
-0.0162805
0.108323
-0.00481632
0.0141078
0.127374
0.0516605
-0.129734
-0.141723
0.138238
-0.0434415
-0.0470133
0.0895282
-0.0835918
0.035516
-0.0341421
0.0953637
0.0202191
-0.00292326
0.00908714
-0.0161402
-0.00179889
-0.0860391
-0.0751902
0.0176864
0.161749
-0.037123
-0.108617
-0.056834
-0.137595
2.9451
