2
1
1
1000
-0.100927
-0.0135558
0.0250999
-0.0982304
0.00235575
0.482708
-0.00503134
-0.171543
0.404588
-0.108754
-0.121705
0.0444706
-0.123933
-0.165068
0.050114
-0.0595283
-0.00747085
0.349547
-0.32151
0.0388038
0.0448101
-0.0937492
-0.000211273
0.470327
-0.0662345
0.0690601
0.371093
-0.0631612
0.0737019
0.431535
0.021289
0.0307729
0.362722
-0.098624
0.00183011
0.486029
-0.115454
-0.0893817
0.037771
-0.134597
-0.0875486
0.0346196
-0.0687437
0.0094113
0.288745
0.0448633
0.17474
0.375159
-0.420857
0.00139945
0.698423
-0.0930897
0.0828026
-0.00853684
-0.00540107
-0.206721
0.487996
-0.100195
-0.00515152
0.0220014
-0.190262
0.00104375
-0.00901558
-0.109291
-0.141705
0.0456525
-0.0990448
0.00128269
0.490235
-0.0735114
0.122017
0.390868
-0.0641301
0.075013
0.418546
-0.0994051
0.00136005
0.491382
-0.0522394
-0.0350298
0.189131
-0.0664826
0.0953496
0.496962
-0.00687335
-0.219902
0.364909
-0.13799
-0.0375171
0.0323166
-0.0181898
0.00208094
0.342966
-0.0176264
-0.147343
0.298665
-0.0357667
0.211107
0.363335
-0.00234223
-0.0635258
0.503633
-0.0556511
-0.0550976
0.085045
-0.0429469
0.0282176
0.444148
-0.0452853
0.054155
0.356878
-0.0670642
0.0618987
0.375371
-0.0902279
-0.00162378
0.464939
-0.0729473
-0.0131737
0.464054
-0.158688
0.00509389
0.733923
-0.160769
-0.00461355
0.0126041
-0.083836
-0.00168504
0.429617
-0.0671172
0.0816483
0.388725
-0.0895589
0.00492955
0.459366
-0.00286921
0.0798077
0.363338
0.0202082
0.050552
0.364826
-0.00243927
0.124078
-0.616274
-0.207737
-0.0524313
0.0329015
-0.0695147
-0.00193027
0.358899
-0.0672118
-0.0206433
0.087702
-0.00225803
-0.0657701
0.520959
0.00808848
0.184089
0.37013
-0.115242
-0.089385
0.0378215
-0.184629
-0.143073
0.0460644
-0.0878844
-0.00176809
0.453116
-0.0829794
-0.00121701
0.422049
0.0167137
0.00528099
0.351894
-0.095935
-0.000227627
0.482061
-0.0857714
-0.00209769
0.443999
-0.0658103
0.0640161
0.399954
-0.0656972
-0.0030209
0.347441
-0.0797354
-0.0160452
0.0518468
-0.205248
-0.00846731
0.0171475
-0.0725712
-0.0152229
0.477935
-0.0836685
0.115084
0.406869
-0.10165
0.00335739
0.503818
-0.180225
0.100927
0.352873
-0.0122526
-0.19841
0.358467
-0.0701747
-0.0105986
0.428314
-0.0961174
-0.000122584
0.481949
-0.0264041
-0.158536
0.360405
-0.102015
0.00245306
0.505744
-0.0593029
0.191019
0.376954
-0.153747
0.00496392
0.713088
-0.098985
0.00351286
0.484879
-0.0629726
0.104764
0.376828
-0.0692574
-0.0137292
0.450265
-0.0801161
-0.000844092
0.405473
-0.198239
-0.0915046
0.0379954
-0.0777183
-0.0878799
0.0568708
-0.0691944
-0.015449
0.466335
-0.0422419
0.0141086
0.381004
-0.00600965
-0.240018
0.394095
0.00358825
-0.222653
0.486888
-0.0752089
0.109927
0.420742
-0.0602051
0.0678434
0.405063
-0.0672433
0.0782017
0.393082
-0.0710782
-0.00994409
0.426679
-0.119072
-0.0238225
0.0358618
-0.0851389
-0.00103252
0.431492
-0.0048938
-0.170027
0.400108
-0.0804652
-0.00198776
0.41394
-0.0900978
-0.0756354
0.0422917
-0.0912204
-0.00169951
0.468763
-0.143029
-0.0212728
0.0328897
0.113772
-0.0765307
0.0765731
-0.00557871
-0.136916
0.325663
-0.109326
-0.00549775
0.0136265
-0.0118819
0.019467
0.353012
-0.0821046
0.159405
-0.362192
-0.162064
-0.000754432
-0.00451809
0.0515075
0.0992667
0.373344
-0.00246635
-0.0633816
0.502406
-0.0447746
0.0274059
0.347995
-0.192065
-0.013465
0.0227429
-0.00211037
-0.067723
0.534707
-0.0259764
-0.167299
0.37374
-0.175784
0.00514915
0.81351
-0.0738812
-0.016729
0.498546
-0.166738
2.55345e-05
0.284355
-0.129765
-0.145376
0.0470734
-0.0024322
0.122722
-0.609634
-0.106082
-0.109286
0.04231
-0.0538222
0.151485
0.367795
-0.072582
-0.000540389
0.36481
-0.170089
-0.1541
0.0494344
-0.192287
-0.0137776
0.0279751
-0.136965
-0.107774
0.0362675
-0.126569
-0.0505733
0.0310479
-0.0754281
0.00986925
0.318025
-0.082173
-0.00167084
0.421232
0.115838
-0.0774137
0.0781336
-0.118575
-0.0174473
0.0281016
-0.0976021
0.00238607
0.479981
0.0256951
0.00424936
0.35817
-0.00249914
0.120817
-0.599873
-0.0823532
0.0274224
0.345039
-0.138302
-0.0776211
0.0319548
-0.0459545
0.183706
0.362866
0.0352411
0.137982
0.372645
-0.0806821
-0.00114309
0.409967
-0.0887171
0.0200081
0.431592
-0.0820702
0.115033
0.398029
-0.173872
0.0046416
0.806752
-0.0684689
0.093396
0.390845
-0.152575
-0.0128871
0.0250835
-0.150589
-0.00296751
-2.37831e-06
-0.178549
0.00500908
0.827491
-0.0834725
-0.00178028
0.428325
-0.0372008
0.0219533
0.445373
-0.0677404
-0.0468157
0.0711237
-0.0964163
-0.124879
0.0480498
-0.00254046
-0.0625796
0.497607
-0.0761367
0.107814
0.391344
-0.0663375
0.0700347
0.461878
-0.0177969
-0.146271
0.297809
-8.41291e-05
0.0313322
0.358169
-0.0934362
-0.00156887
0.479281
-0.135589
-0.0785591
0.0317824
-0.0815921
-0.00117144
0.414682
-0.0764126
-0.0573949
0.0582116
-0.00233424
0.121395
-0.602843
-0.0174189
-0.192677
0.374605
-0.00532438
-0.140682
0.333338
-0.0907473
-0.00144232
0.464832
-0.00238079
-0.0653587
0.51824
-0.0176712
-0.148685
0.300527
-0.23952
0.151011
0.354247
-0.122293
-0.00622114
0.0155515
0.102936
-0.0749621
0.119254
-0.0807851
-0.081709
0.0501901
-0.00248298
0.116247
-0.57697
-0.091683
-0.00132715
0.469521
-0.108838
-0.0832289
0.0373723
-0.0762662
-0.00466361
0.41336
-0.131841
0.00497302
0.610083
-0.00475029
0.0793118
-0.380729
-0.179777
0.00467776
0.834414
-0.0917551
-0.0838497
0.0424452
-0.171042
0.00459775
0.792716
0.0203022
0.183104
0.371958
-0.0148394
-0.0300156
0.0533002
-0.0977005
0.0118575
0.503871
-0.036603
0.0125682
0.38809
-0.0762133
0.0738355
0.433196
-0.00249574
-0.0628485
0.499481
-0.29768
0.162059
0.0416886
-0.0116648
-0.196684
0.358344
-0.16029
-0.00766334
0.0192739
-0.0801278
0.154426
-0.350507
-0.0615109
-0.00546374
0.344071
-0.111247
-0.0181091
0.0286803
-0.0762887
4.18238e-05
0.379054
-0.0378284
0.0123306
0.385412
-0.0696579
0.109667
0.459785
-0.178861
0.0973556
0.36379
-0.00228213
-0.0582614
0.46604
-0.0818748
-0.00137035
0.417188
-0.0795804
-0.00106399
0.404288
0.0675124
-0.0214135
0.315342
-0.0882164
-0.00161672
0.453952
-0.00322001
-0.174089
0.404646
0.00168178
-0.211415
0.469911
0.114199
-0.0807722
0.115562
-0.0866238
-0.0990248
0.0484409
-0.0770693
-0.0835424
0.0571952
-0.0656365
0.0738695
0.374378
-0.244992
0.154124
0.371714
-0.00526031
-0.24788
0.404381
-0.169818
-0.0833345
0.0348284
-0.00689904
-0.205486
0.340306
-0.0842164
-0.00185261
0.433147
-0.0518229
0.159964
0.367209
-0.129136
-0.191031
0.0506619
0.0326475
0.105023
0.370821
-0.0914813
-0.0015908
0.469046
-0.0988537
-0.000541534
0.498948
0.163099
-0.108778
0.115897
-0.0628143
0.0742707
0.444852
-0.0118606
-0.212763
0.406979
-0.0924824
-0.000164385
0.464638
-0.0468045
0.0858455
0.363393
-0.0960204
-0.000118685
0.481401
0.00313805
-0.219372
0.480683
-0.00232221
-0.0646272
0.512267
-0.0186167
-0.140818
0.291891
-0.00200154
-0.0727953
0.572769
0.0178756
0.201243
0.372075
-0.0958314
-0.001692
0.492605
-0.0833299
-0.000544543
0.418814
-0.0316084
0.0417629
0.353485
-0.0505525
0.144453
0.366458
-0.0982289
0.00221961
0.482471
-0.0968297
-0.183541
0.0500969
0.00561114
-0.236192
0.510216
-0.109574
0.00513252
0.505278
-0.0748638
-0.0136682
0.476572
-0.0779343
-0.00549747
0.42894
-0.150162
-0.0361254
0.0319197
-0.0787577
-0.013575
0.495429
-0.0352412
0.0195691
0.437067
-0.0750816
0.122797
0.448147
-0.199092
-0.110264
0.038572
0.0328134
0.17392
0.373488
-0.147568
-0.0128127
0.0242885
-0.203837
-0.0148353
0.0302821
-0.0699032
0.177773
0.381211
-0.0174965
-0.19873
0.384654
-0.0641712
0.0812683
0.368863
-0.0175963
-0.14943
0.301291
-0.0292967
0.0156538
0.437529
-0.0710367
-0.0059997
0.50657
-0.0612213
-0.130321
0.0790105
0.00171773
-0.21226
0.471746
0.0385572
0.0548263
0.368548
-0.0812581
-0.00168541
0.41629
-0.0841616
-0.0135221
0.0356686
-0.0928124
-0.0158432
0.031607
-0.0638524
0.0807269
0.459719
-0.0155281
-0.159247
0.306518
-0.102064
0.00236317
0.506769
-0.00235285
0.122109
-0.606477
-0.178182
0.00486069
0.826596
-0.175894
0.00560101
0.812145
-0.0739748
0.11162
0.401119
-0.0737234
0.11489
0.395276
-0.100696
0.00138927
0.498373
-0.0837796
-0.00166944
0.429402
-0.102184
0.00249442
0.506308
-0.150053
-0.0189347
0.0265388
-0.0902112
-0.00170896
0.464888
-0.078927
0.0172976
0.383065
-0.289991
0.157368
0.04465
-0.136837
-0.0192502
0.0304681
-0.0465007
0.15698
0.366349
-0.0900793
0.0344467
0.368353
0.0527971
0.034179
0.369324
-0.117893
-0.0196266
0.0297328
-0.0874629
-0.00178485
0.449807
-0.199656
5.86342e-05
0.338139
-0.12771
-0.00552441
0.0141962
-0.0848923
-0.000430715
0.424906
-0.125476
-0.0171802
0.0276078
-0.0280346
0.00128944
0.340973
-0.101126
0.00271773
0.498413
-0.0704699
-0.00603271
0.504899
-0.101955
0.00195841
0.502647
0.00247473
0.144932
0.367925
-0.13117
-0.0516802
0.0312842
-0.00663535
-0.209864
0.346266
-0.136092
-0.0166864
0.0277352
-0.0275407
-0.144758
0.340591
-0.136297
-0.00632939
0.0153752
-0.0659185
0.0878556
0.44255
-0.00518552
-0.222084
0.359316
-0.09842
-0.104343
0.0432826
-0.0976884
0.0119603
0.503994
0.0427864
0.116318
0.372854
-0.00556976
-0.144656
0.341473
-0.0959888
-0.000124103
0.481984
-0.0917502
-0.00276461
0.48138
-0.0674149
0.0836514
0.389917
-0.0897116
-0.0863778
0.0434047
-0.0697758
0.0166587
0.341799
-0.103376
0.002408
0.513243
-0.0404968
0.0135805
0.382483
-0.070218
0.104121
0.480222
-0.185325
0.0703555
0.463827
0.0240138
0.0872125
0.368446
-0.121739
-0.00752077
0.0169492
-0.00339861
-0.18813
0.436616
-0.0786581
-0.00593381
0.434998
-0.0126537
-0.177286
0.324239
-0.116573
-0.150408
0.0489462
-0.169059
-0.0120936
0.0220804
-0.0964457
-0.00168853
0.496122
-0.173172
0.00485626
0.802649
-0.0974189
-0.000247757
0.490041
-0.0223514
0.0486511
0.35637
-0.00234198
0.129877
-0.645342
-0.0922352
0.0387315
0.357908
-0.0240951
-0.15013
0.335901
-0.182427
0.00452493
0.847018
-0.00667717
-0.240324
0.39752
-0.0371017
0.0210822
0.442236
-0.0972144
0.0118079
0.501245
-0.149756
-0.0225327
0.0309387
-0.101513
-0.152627
0.0492081
-0.0743735
0.134652
0.388176
-0.0269219
-0.113811
0.285419
-0.162771
-0.0212163
0.0298208
-0.0928587
-0.0015581
0.47604
-0.00503258
-0.18468
0.436372
-0.0863267
-0.00167149
0.44387
-0.00830038
0.148724
0.366317
-0.154402
0.00453817
0.715431
-0.0794019
-0.0015421
0.406374
-0.0393902
0.0738167
0.356502
-0.129266
-0.0219602
0.0322711
0.0237786
0.218847
0.373348
-0.0688564
0.104166
0.480482
-0.100106
-0.000778822
0.506787
-0.103708
0.0020914
0.515393
-0.0748536
-0.000973323
0.380182
-0.0817067
-0.00171015
0.41884
-0.0909448
-0.016164
0.0330359
-0.102163
-0.086879
0.038828
-0.101322
0.00268209
0.502475
-0.0329583
0.0159424
0.417444
-0.0619623
0.11106
0.373375
-0.184437
-0.0705891
0.0313522
-0.00252465
-0.0596557
0.473902
-0.269521
0.146373
0.0368474
-0.0304367
0.0642579
0.356973
-0.203128
-0.0923668
0.0395494
-0.0347266
0.0137143
0.345539
-0.0905659
-0.00170055
0.46623
-0.0664454
0.0890578
0.420986
-0.104109
0.179359
-0.350311
-0.00218364
-0.058284
0.464098
-0.179497
0.00455498
0.83404
-0.0806881
-0.00144832
0.412948
-0.0913079
-0.0605941
0.401609
0.00163472
-0.267214
0.400323
-0.180024
0.0050182
0.834618
-0.0647193
0.131414
0.381249
-0.0204589
-0.199491
0.398762
-0.00237734
-0.0671406
0.531387
-0.186826
-0.0129422
0.0210243
-0.078953
-0.00131558
0.403174
-0.00222306
-0.0687359
0.543225
-0.0067113
-0.234484
0.389038
-0.0694435
-0.035978
0.0740866
-0.33677
0.041483
0.0384997
-0.08531
-0.00251086
0.445937
-0.01868
-0.139186
0.288835
-0.435679
0.00165845
0.721022
0.120586
-0.0816179
0.0889111
-0.0158286
0.0847167
0.361478
-0.0665887
0.0826463
0.489905
-0.0944116
-0.151263
0.0490514
-0.0810084
-0.00158229
0.415625
-0.21686
-6.72403e-06
0.368917
-0.0781988
-0.00137099
0.399281
-0.0604196
-0.00770321
0.356275
-0.0988314
-0.203722
0.0552115
-0.0291794
0.152078
0.362891
-0.0803268
-0.00160132
0.411844
-0.0776703
-0.00118682
0.396066
-0.00155497
0.0373044
0.358824
-0.123337
-0.0207796
0.0302025
-0.142636
-0.212506
0.0542841
-0.00239016
0.115781
-0.57501
-0.251884
0.159797
0.366131
-0.00383402
0.0901359
-0.441078
-0.105608
-0.0814864
0.0380222
-0.178466
0.00466527
0.828339
-0.066243
0.0839423
0.496906
-0.214755
-0.00859464
0.0159322
-0.100111
-0.000474096
0.504586
-0.115127
-0.00199454
0.0105145
-0.166048
0.00500597
0.769133
-0.0617229
0.0957409
0.371584
-0.141404
-0.00693607
0.0183928
-0.0758547
-0.00723542
0.429725
-0.0718389
0.00793085
0.346234
-0.179923
0.00487002
0.834563
0.00463427
0.0532042
0.362151
-0.00670252
-0.2385
0.395423
-0.0555799
-0.0662341
0.0900933
-0.0290984
0.0373876
0.353136
-0.135597
-0.0100033
0.0184536
-0.012017
-0.179674
0.325751
-0.184754
0.0994622
0.380443
-0.12869
-0.0207816
0.0325409
-0.00499702
-0.201248
0.474689
-0.0750557
-0.0158602
0.496516
-0.0162416
-0.213364
0.40322
-0.00217083
-0.0670021
0.530006
-0.00227111
-0.0666459
0.527599
-0.00249477
-0.063202
0.501686
-0.117745
-0.149985
0.0485759
-0.0846641
-0.00155145
0.434669
-0.0612487
0.0961545
0.370021
0.00138886
-0.214512
0.477005
-0.0672031
0.0758529
0.395844
-0.180072
0.00462387
0.835039
-0.0898998
-0.00178457
0.462845
-0.0167863
-0.200244
0.38405
-0.0687552
0.0897218
0.3955
-0.0159944
-0.156809
0.30619
-0.101195
0.00156671
0.499426
-0.0511366
0.127025
-0.395513
-0.144422
-0.13354
0.042369
-0.0845189
-0.0135748
0.0354445
-0.0489991
0.176118
0.366893
-0.063411
0.0757972
0.438474
-0.180885
0.00479488
0.83972
-0.00241102
-0.193194
0.444907
-0.00245629
0.102965
-0.510647
-0.174112
0.00455313
0.807427
-0.00234931
0.122406
-0.608018
-0.0646834
0.000228881
0.319237
-0.159231
-0.0157495
0.0279893
-0.0196546
-0.134602
0.286779
-0.00237505
0.138563
-0.688582
-0.0908764
-0.00162874
0.467748
0.0518402
-0.18783
0.720681
-0.101727
-0.0660697
0.0370908
-0.176556
0.00476435
0.819873
-0.00522617
-0.168162
0.397995
-0.0510413
0.0488868
0.357239
-0.0859697
-0.00170498
0.441992
-0.13793
-0.145456
0.0462332
-0.103238
-0.0121647
0.0245844
-0.208034
-0.042053
0.0339966
-0.0991204
-0.0794622
0.0378006
-0.00243146
-0.0622688
0.494457
-0.0837565
-0.00170208
0.429582
-0.0589219
0.161008
0.376566
-0.0660577
0.0895292
0.4507
-0.0169156
0.0556656
0.358362
-0.181432
0.0049192
0.841033
-0.101294
0.0022079
0.499018
-0.0798812
-0.00147467
0.408658
-0.0316625
0.0131279
0.43025
-0.0800044
-0.0116111
0.485576
-0.17891
0.00459086
0.832051
-0.0345663
0.0153123
0.402906
-0.069565
-0.0155503
0.475755
-0.164621
-0.117834
0.0384043
-0.00279735
-0.179377
0.415114
-0.0387599
0.215924
0.36287
-0.0846443
-0.00164511
0.433917
-0.00499541
-0.238858
0.387361
-0.0521585
0.060426
0.359177
-0.0822508
0.126635
0.399683
-0.0911296
-0.00176683
0.470516
-0.0715548
0.135864
-0.320296
-0.0320312
0.0191136
0.443709
-0.00633212
-0.234034
0.386097
-0.0318987
0.0176113
0.435326
-0.177856
0.00457075
0.824786
0.00857873
0.00428832
0.354288
-0.0747459
-0.000896814
0.379082
-0.0215894
-0.175457
0.364722
-0.111113
-0.0701516
0.0354246
-0.145141
-0.00731022
0.0188518
-0.095724
-1.95678e-05
0.47986
-0.102107
0.0032634
0.506626
-0.0809178
-0.013985
0.510364
-0.0683565
0.176578
0.380995
-0.0455957
0.11986
-0.386401
-0.0155192
0.042072
0.356689
-0.166678
-0.00217983
0.00764761
0.000202012
0.0357273
0.358953
-0.0790852
-0.0103934
0.471383
-0.045443
0.0930477
0.357842
-0.162634
-0.00777004
0.0164259
-0.137198
-0.0308583
0.0329849
-0.0175511
-0.144782
0.293975
-0.0624605
0.0664052
0.420286
-0.148408
-0.150748
0.0486271
-0.00207243
-0.0682007
0.538358
-0.107532
-0.0206743
0.037939
-0.0427781
0.0818516
0.356714
-0.141329
-0.109444
0.0356845
-0.099705
0.00279632
0.489503
-0.0999706
0.00282442
0.490353
-0.0160133
-0.156691
0.305801
0.00469225
0.00387177
0.351519
0.000636936
0.0304304
0.358179
-0.00177485
-0.057032
0.446517
-0.442344
0.00160724
0.733093
-0.0672825
0.093694
0.429903
-0.00342833
-0.236758
0.375299
-0.0947686
-0.00164453
0.486617
-0.0812302
0.118684
0.416815
-0.180582
-0.154374
0.0485386
-0.0967138
-0.00172835
0.497636
-0.0210304
0.131737
0.363462
-0.0969428
-0.00305642
0.507661
-0.113198
-0.159027
0.0512237
-0.158436
-0.0933821
0.0352903
-0.181101
0.00460442
0.840594
-0.0024522
0.124276
-0.617197
-0.00210846
-0.0714718
0.563202
-0.171753
-0.0698625
0.0317107
-0.0022026
-0.0682164
0.537812
-0.0648755
0.0828796
0.438148
-0.0820705
-0.00181592
0.421469
-0.27898
0.151472
0.0395211
-0.225557
0.140653
0.354182
-0.101539
-0.045957
0.0372316
-0.0513336
0.0551224
0.35843
-0.0809859
-0.0016309
0.415323
-0.164972
-0.0819137
0.0351296
-0.089583
0.151676
0.315302
-0.0710857
-0.0156767
0.475698
-0.0522594
0.0728156
0.360482
-0.066541
0.0612867
0.367543
-0.00226113
0.12494
-0.62064
-0.0643116
0.0836588
0.483058
-0.0714474
-0.0055905
0.507996
-0.0986309
-0.000230982
0.495543
-0.0935719
-0.121294
0.0479386
-0.27902
0.151141
0.0431269
-0.380923
0.0999724
0.55482
-0.201872
-0.0365828
0.031855
-0.0630713
0.0964145
0.377309
0.173727
-0.116017
0.126647
-0.155065
0.00475865
0.719424
-0.0903348
-0.000287843
0.453843
-0.0966928
-0.00170206
0.497078
-0.137209
-0.128128
0.0404733
-0.214679
-0.0049534
0.00634503
-0.176553
-0.0266643
0.0296932
-0.0092478
-0.2109
0.373374
-0.0667496
0.0748521
0.404904
-0.00254926
-0.064396
0.509234
-0.0985579
-0.000161394
0.495668
-0.0977383
0.00234373
0.479543
-0.0455577
0.0771867
0.358987
-0.080824
-0.00156682
0.414575
-0.19785
-0.00468485
0.0135899
-0.0750124
-0.020899
0.254076
-0.0634228
0.10026
0.378412
-0.101169
0.00253179
0.500188
-0.438505
8.16774e-05
0.737773
-0.0369331
0.0120757
0.394833
-0.00223353
-0.0656698
0.520018
0.00129411
-0.276037
0.41796
-0.0760705
-0.0139985
0.48526
-0.00175384
-0.0582044
0.461861
-0.00242095
0.123689
-0.614137
-0.0150103
-0.170227
0.322799
-0.0178567
-0.145987
0.296834
-0.101347
0.000337139
0.507066
-0.0150644
-0.168369
0.320856
-0.00250446
-0.200217
0.460276
-0.0799208
-0.0103926
0.475903
-0.0896967
-0.0018617
0.463488
-0.00848702
-0.237044
0.40097
-0.211357
0.00146305
-0.0146335
-0.0621917
0.124221
0.374574
-0.152811
-0.00416355
0.0101047
-0.227339
0.141731
0.356656
-0.0404074
0.0169648
0.426124
-0.222758
-0.0048417
0.014068
-0.0806618
-0.0134143
0.504455
-0.0877552
-0.18417
0.0516722
-0.00217735
-0.0687086
0.541324
-0.116033
-0.108178
0.0396275
-0.00240066
0.126403
-0.627834
-0.00207913
-0.0714654
0.562805
-0.0918898
-0.00186169
0.47393
-0.447495
-0.000148189
0.753184
0.00269018
0.00283696
0.354149
-0.0693731
0.102096
0.42131
-0.1163
-0.0990809
0.0397266
-0.108821
-0.0822803
0.0357786
0.000245404
0.0816434
0.364029
-0.0906362
-0.00162237
0.466311
-0.139722
-0.108482
0.0358977
-0.0811673
-0.00147767
0.414642
-0.0689108
0.0899016
0.399695
-0.00362506
-0.231535
0.36857
-0.137856
0.00510297
0.637731
-0.0671737
0.0599173
0.388277
-0.0863375
-0.0017932
0.443809
-0.0169723
0.0350003
0.355171
-0.148673
-0.0303949
0.0309562
-0.00971251
-0.0192149
0.0274229
-0.0160915
-0.160683
0.312867
-0.0752669
0.0906526
0.450387
-0.160898
-0.113382
0.0380516
-0.0741415
-0.0145772
0.481056
-0.126967
-0.0207459
0.031469
0.0615957
0.108732
0.375175
-0.0667363
0.089775
0.413883
-0.174639
-0.0267194
0.0292803
-0.124029
-0.00697901
0.0185492
-0.00224726
-0.0640018
0.506592
-0.0930029
-0.0420484
0.0432393
-0.177869
0.00458842
0.824523
-0.00171816
-0.201277
0.459178
-0.000453431
0.118569
0.366255
-0.00237786
0.141076
-0.701291
-0.089892
-0.0679282
0.0433033
-0.00220547
-0.0680401
0.537924
-0.00533945
-0.188275
0.444552
-0.0172563
-0.199494
0.384208
-0.0197585
0.0832435
0.360682
-0.153467
0.00497409
0.711115
-0.153659
0.109832
-0.375288
-0.158165
-0.0174165
0.0276721
-0.17844
-0.00147711
-0.00354712
-0.116832
-0.0124391
0.0246038
-0.0406658
0.00884091
0.377159
-0.175504
-0.00376542
0.00908415
-0.120579
-0.109779
0.0389758
-0.041393
0.0265645
0.348163
-0.00221153
-0.0688666
0.544476
-0.0711139
-0.014197
0.462976
-0.157624
-0.0221162
0.029603
-0.0618749
0.0732261
0.46776
-0.101422
-0.115416
0.0452359
-0.00561852
-0.129071
0.306126
-0.124199
-0.123705
0.0409589
-0.0668415
0.0843343
0.385786
-0.0095989
0.0870592
0.362743
-0.0143497
0.210175
0.367158
-0.136375
-0.0207289
0.0307402
-0.0857027
-0.00209337
0.444208
-0.0947152
-0.00257667
0.494915
-0.134989
-0.154346
0.0509108
-0.0889204
-0.0592758
0.391595
-0.0405884
0.0172477
0.422537
0.0115154
0.0756749
0.365519
-0.0641505
0.000235082
0.365649
-0.128205
-0.0778916
0.0327616
-0.0635206
0.0969641
0.378498
-0.0641285
0.0753358
0.419376
0.00638929
0.0932545
0.365917
-0.180478
0.00499717
0.836362
-0.00226546
0.12304
-0.611135
-0.088531
-0.128003
0.0505976
-0.0981695
-3.00787e-05
0.493919
-0.0639778
0.0725987
0.362642
-0.0884857
0.020693
0.430797
-0.0924072
-0.112063
0.0479833
-0.0655837
0.0658671
0.363356
-0.0354866
0.132376
0.361015
-0.0941439
0.100118
-0.102789
-0.0555256
0.123048
0.366213
-0.00144343
0.0291987
0.357502
-0.135978
0.0047651
0.630303
-0.0178902
-0.149217
0.302986
-0.00205318
-0.194736
0.44692
-0.153997
-0.0854599
0.035771
-0.00502172
-0.18955
0.448086
-0.00259922
-0.0606883
0.481927
-0.00246656
-0.0639361
0.506757
0.0357649
0.109863
0.371531
-0.00307461
-0.185448
0.430514
-0.000188451
-0.188871
0.423203
-0.0438168
0.0802268
0.356407
-0.00229245
0.138845
-0.690404
-0.185144
0.0706903
0.459797
-0.018516
0.0858246
0.361111
-0.00538911
-0.129836
0.308422
-0.295912
0.159779
0.0530753
-0.0712165
0.121506
0.387317
-0.0946845
-0.0916512
0.0437955
-0.00224094
0.122873
-0.610541
-0.000985124
0.0290808
0.357583
-0.0913991
-0.00199634
0.472671
-0.20535
-0.107058
0.0403829
-0.0817459
-0.0020311
0.421357
-0.179553
0.00496538
0.832513
-0.132251
-0.0890203
0.0349104
-0.067689
0.0979683
0.449729
-0.0391918
0.0521458
0.35387
-0.0782658
-0.00133012
0.399428
0.0121035
0.149625
0.369622
-0.0840965
-0.0102379
0.494329
-0.0690958
0.16984
0.381661
-0.00528314
-0.148635
0.350199
-0.0627383
0.000231725
0.309203
-0.00258812
-0.0611798
0.487039
-0.00276471
-0.184466
0.424861
-0.0132388
-0.172361
0.318795
-0.178136
-0.0265565
0.0307236
-0.0916326
-0.00196399
0.474536
-0.0982454
-0.000357746
0.49487
-0.0649863
0.0829067
0.434749
-0.025948
-0.183245
0.400014
-0.0893729
-0.00173561
0.459748
-0.0281009
0.0470561
0.355042
-0.0147189
0.116908
0.363791
-0.0687753
0.105335
0.463418
-0.00610431
0.0587715
0.360748
-0.170935
-0.0702144
0.0328841
-0.0636087
0.0781986
0.503663
-0.181033
0.00467575
0.840327
-0.167664
-0.110002
0.0387165
-0.0921488
-0.0611584
0.405475
-0.17663
0.100855
0.336334
-0.0772539
0.125406
0.374936
-0.0747553
0.146876
0.386414
-0.0621875
0.0924428
0.372798
-0.0593443
0.0679129
0.427051
-0.150122
-0.0177082
0.0264615
-0.045885
0.104748
0.361331
-0.149425
-0.0118093
0.0211698
-0.0800437
-0.0050861
0.437006
-0.0530728
0.0456142
0.35684
0.00293962
-0.218063
0.480066
-0.0660194
0.0769631
0.484399
-0.062352
-0.146311
0.0707656
-0.0841155
-0.00156304
0.43185
-0.237684
0.00031923
-0.0195351
-0.096335
-0.0840187
0.041523
-0.0693403
0.104628
0.440729
-0.0756651
-0.121399
0.0616842
-0.0676642
0.0726263
0.458063
0.000195838
-0.207056
0.463931
-0.305256
0.166545
0.0399463
-0.0926975
-0.0786533
0.0414019
-0.0906069
-0.00110133
0.461603
-0.0104718
-0.184959
0.325667
-0.101283
0.00272012
0.500186
-0.0260843
-0.182013
0.398939
-0.0458059
0.0318483
0.434902
-0.00247899
0.135257
-0.67222
-0.0363604
0.123476
0.360452
-0.14625
-0.0122003
0.0240195
-0.0634105
-0.00691885
0.365573
-0.142535
-0.0218264
0.0328167
-0.0696683
0.00931705
0.295765
-0.0989066
0.00104696
0.489825
-0.233663
0.146153
0.362047
-0.181184
-0.00434993
0.00914386
-0.134078
-0.101294
0.0367658
-0.0757618
-0.017329
0.0580491
-0.0144872
0.120202
0.364007
-0.0649141
0.0834587
0.444426
-0.0373469
0.117543
-0.412922
-0.0849629
-0.00167798
0.436653
-0.0761952
-0.0155647
0.500196
-0.0839145
-0.0695187
0.0482019
-0.00387734
-0.231807
0.369377
-0.0698969
0.112984
0.388739
-0.00236699
0.124878
-0.620161
-0.0915382
-0.0189181
0.040095
-0.10936
-0.0148021
0.0262938
-0.00521743
-0.170022
0.401056
-0.0700419
0.0894964
0.468956
-0.0278823
0.0946955
0.360185
-0.18218
0.0051272
0.844623
-0.00808985
-0.169667
0.414277
-0.0725185
0.106247
0.402068
-0.00384178
-0.232215
0.369934
-0.00229504
-0.0683797
0.540324
-0.0668342
0.0701482
0.393986
-0.132998
-0.0384608
0.0324836
-0.0790099
-0.00183774
0.405736
-0.0998462
-0.138173
0.0464463
-0.0984839
-0.00052393
0.497489
-0.0176296
-0.149941
0.301579
-0.0130981
-0.223933
0.430128
-0.176174
0.00455169
0.816857
-0.0922059
-0.00174778
0.475945
-0.109982
-0.0201047
0.032463
-0.00512936
-0.185631
0.438637
-0.0950595
-0.00154999
0.487622
-0.0677909
0.0978335
0.488792
-0.0860317
-0.00167665
0.442558
-0.148958
0.00490653
0.688089
-0.0150128
-0.161065
0.308613
-0.00959848
-0.192472
0.332379
-0.0900583
-0.0014246
0.46134
-0.00224037
-0.0668562
0.529219
-0.131138
-0.0129908
0.0258421
-0.00242034
-0.0661622
0.522287
-0.0660386
-0.00864475
0.390406
-0.00295096
0.0812191
0.363438
-0.273924
0.148237
0.0424919
-0.0663075
0.068486
0.36884
-0.0725495
-0.000827719
0.367064
-0.0841676
-0.00161195
0.432238
-0.0742187
-0.0155092
0.488581
-0.0656262
0.0800124
0.377072
-0.00520151
-0.172802
0.408107
-0.0801499
-0.0219112
0.0718522
-0.11788
-0.0108093
0.0232705
-0.099209
0.000968595
0.492067
-0.162446
-0.133419
0.0441092
-0.0625206
0.0735461
0.495021
-0.138833
-0.0818594
0.0320023
-0.101272
0.00268875
0.501086
-0.0278973
-0.138192
0.329133
-0.0753238
-0.016082
0.499452
-0.130672
-0.0889189
0.0351528
-0.177848
0.00493501
0.824506
-0.0913552
-0.0180418
0.0393443
-0.00243752
0.109704
-0.544213
-0.00378259
-0.173368
0.404341
-0.0432438
0.0325725
0.488708
-0.0890897
-0.00171352
0.45893
-0.100068
0.00134704
0.4953
-0.0179553
-0.153491
0.310478
-0.0708524
0.138177
-0.329573
-0.0882212
-0.00171533
0.453803
-0.00706843
0.145293
0.366385
-0.117431
-0.0204058
0.0335973
-0.0891672
-0.001555
0.458529
-0.0785559
-0.0145986
0.503094
-0.0573581
-0.0981222
0.0899695
-0.0577314
0.194543
0.374562
-0.0663782
0.0914319
0.381424
-0.0289255
0.140786
0.362495
-0.0538527
-0.0623133
0.0843258
-0.0181352
-0.142932
0.293377
-0.446579
8.04482e-05
0.751098
-0.0022173
-0.0668337
0.528444
-0.0110139
0.0915035
0.36283
-0.100181
-0.00658818
0.021797
-0.167704
0.00454473
0.777663
-0.00402675
-0.169541
0.398037
-0.0767067
-0.188305
0.0553754
-0.0560251
0.0626651
0.359625
-0.185067
-0.123609
0.0390036
-0.0800269
-0.00166515
0.410598
-0.0752199
0.107713
0.392889
-0.0602352
0.000506747
0.295107
-0.183657
-0.0326841
0.0321618
-0.0928586
-0.00184668
0.478862
-0.0124043
-0.216586
0.415828
-0.00231254
0.121891
-0.60542
-0.0603623
0.168362
0.378928
-0.0785438
-0.00144086
0.401677
-0.0839557
-0.00172829
0.431196
-0.00811459
0.0617377
0.360702
-0.0138666
0.0175075
0.35202
-0.144356
-0.0217068
0.0324001
0.126577
-0.0850688
0.0907347
0.00638935
-0.0246693
0.00894696
-0.067719
0.0978262
0.471472
-0.177057
0.00477835
0.821255
-0.226594
0.141068
0.356173
-0.0714814
0.115828
0.478653
-0.00443122
0.0957668
0.364247
-0.0831387
-0.00172972
0.426295
-0.0150626
-0.162185
0.309595
-0.097766
-0.000554539
0.493486
-0.121362
0.00477657
0.562552
-0.0663119
0.071026
0.381652
-0.00229852
-0.0650972
0.515822
-0.0147888
-0.166631
0.316236
-0.181224
0.00509936
0.839125
-0.00224289
-0.0681978
0.537963
0.109618
-0.078902
0.121747
-0.0447111
0.137556
0.359628
-0.0779469
-0.00543177
0.427404
-0.108566
-0.186464
0.0510096
-0.270053
0.17435
0.372462
-0.0798712
-0.00142622
0.408552
-0.0762914
-0.00121805
0.388113
-0.0203703
0.135531
-0.581616
-0.0467874
0.109517
0.364882
-0.0457755
0.181106
0.36166
-0.0916758
-0.0018124
0.472754
0.0624483
-0.0214721
0.312856
-0.0646477
0.0822412
0.371686
-0.00224344
-0.0582339
0.465607
-0.101929
0.172069
-0.331454
-0.0891856
0.149499
0.314145
0.0852086
-0.0618036
0.0590757
-0.0662787
0.0913579
0.480674
-0.133092
-0.102515
0.0368939
-0.0624107
-0.0069171
0.36035
-0.186172
-0.00624992
0.0139476
-0.0659305
0.0626285
0.398406
-0.13905
-0.00785331
0.0193346
-0.0749615
-0.000981946
0.380877
-0.091877
-0.0139677
0.0298192
-0.0455882
0.120943
0.359478
-0.00242022
0.102111
-0.506309
-0.0785237
0.0161718
0.380927
-0.137462
-0.122611
0.0388469
-0.0902798
0.0349701
0.345247
-0.16695
-0.00794355
0.0187965
-0.0937631
-0.00191411
0.483123
-0.0793601
-0.00152848
0.406118
-0.0860915
-0.00165504
0.44314
-0.0490894
0.138479
0.365954
-0.16839
0.00455404
0.781775
-0.128341
-0.0226792
0.0319476
-0.0197924
-0.138869
0.29488
-0.0706101
-0.0159776
0.482187
-0.114338
-0.0156531
0.0275319
-0.0684381
0.0919278
0.391629
-0.173772
-0.012946
0.0231756
-0.0026584
0.111009
-0.550486
-0.00577367
-0.243657
0.399364
-0.0749371
-0.0053154
0.410889
-0.0253803
0.117824
-0.477693
-0.0980586
-0.146874
0.0474984
-0.101879
0.00260342
0.504376
-0.0315601
0.105866
0.360296
-0.0922502
-0.15022
0.0496478
-0.0551352
0.0568288
0.358868
-0.177674
0.00495548
0.823544
-0.132242
-0.0426266
0.0322132
-0.194935
-3.29412e-05
0.331831
-0.0690575
-0.0152165
0.472574
-0.0919943
-0.00161455
0.47346
-0.00241235
0.134574
-0.668658
-0.153892
-0.0506456
0.0308823
-0.0670067
0.0722055
0.393972
-0.168968
-0.0269715
0.0279331
-0.0775595
-0.0146456
0.49941
0.00637563
0.0452798
0.36155
-0.0734701
-0.000673876
0.371511
-0.063935
0.101915
0.380491
-0.0437957
0.219676
0.361975
-0.0262305
-0.145224
0.333735
-0.0889787
-0.00164296
0.456904
-0.0310733
0.0183437
0.440969
-0.154424
-0.13287
0.041672
-0.204391
-0.126685
0.0391238
-0.118715
0.00454309
0.548983
-0.00189234
-0.0731225
0.574806
-0.101245
0.00261326
0.499803
-0.0606883
0.0752197
0.361782
-0.00210241
-0.0710368
0.559286
-0.0888999
-0.138914
0.0525719
-0.201929
-0.158096
0.0504205
-0.076293
0.136858
0.370494
-0.144807
-0.0953563
0.0331038
-0.0142315
0.0987129
0.362783
0.084012
-0.0640917
0.118415
-0.131885
-0.160691
0.0507045
-0.0774901
0.00968283
0.329162
-0.0657075
0.134788
0.383298
-0.0590531
0.198631
0.376566
-0.132853
0.00521086
0.613181
0.0418346
0.0730594
0.370432
-0.0638865
0.0743693
0.419713
-0.0614448
-0.117663
0.0807877
-0.00235256
0.141939
-0.705719
-0.0687509
0.143498
-0.373697
-0.00295923
-0.174416
0.403927
-0.0292815
0.0322253
0.352027
-0.0887133
0.0341688
0.358546
-0.00553727
0.0463396
0.359324
0.163735
-0.10941
0.120374
-0.147415
-0.0722883
0.0335763
-0.0853591
-0.00167704
0.438629
-0.164757
-0.00767539
0.0139161
-0.102157
0.00262828
0.506471
-0.0895468
-0.00176833
0.461105
-0.177257
0.00481736
0.822635
-0.067981
-0.190822
0.0582548
-0.0824629
-0.00150568
0.42159
-0.181017
0.00458202
0.839256
-0.212341
-0.00521169
0.0139992
-0.15711
-0.139555
0.0447434
-0.0614734
0.163082
0.380435
-0.0565208
-0.00902366
0.346161
-0.108858
-0.152465
0.0501796
-0.0703733
0.112003
0.478336
-0.100596
0.00109234
0.498335
0.101133
-0.0736577
0.116282
-0.0449329
0.138329
0.359619
-0.00235741
-0.0652469
0.515886
-0.093056
-0.00184527
0.480259
-0.09773
0.0118795
0.504166
-0.0772786
-0.00107178
0.393062
-0.190251
-0.00457222
0.0125367
-0.107425
-0.0774195
0.0360687
-0.0631112
0.074998
0.44041
-0.0528952
0.163279
0.367695
-0.0881201
-0.00175721
0.453204
-0.0545817
0.0890553
0.362261
-0.0667304
0.0912284
0.426671
-0.106876
-0.140457
0.0448511
-0.0638085
0.0750656
0.505228
-0.0229008
0.397207
0.393731
-0.0249858
-0.0516719
0.0385368
-0.257673
0.373594
0.106526
0.145013
0.1008
0.412867
-0.0339276
-0.0538916
-0.0979709
0.185922
1.73979
-0.0115195
0.451772
-0.000611127
-0.0758882
-0.0276712
0.406667
0.108899
0.130089
0.413452
0.503931
0.185864
0.312548
-0.0488628
0.0399114
0.21811
0.156216
0.379375
0.0274725
0.167846
0.0981434
0.103725
0.259
0.306454
-1.07579
-0.0846236
0.288822
0.112169
0.217929
0.129772
0.11878
-0.894868
-0.140356
0.0645687
0.0355437
0.390225
0.16979
-0.0337023
-0.118049
0.322862
0.112119
0.064942
0.375223
0.320009
0.118147
0.0495909
0.0114003
-0.137753
0.319956
0.0892113
0.434878
-0.279052
0.356792
0.24585
0.400627
0.347068
0.430465
0.128582
-0.949169
0.409885
0.117995
0.270478
0.12425
-0.136116
0.00650961
0.278327
0.0745358
0.383381
0.329605
0.111212
0.141412
0.11259
0.214556
-0.0218384
0.161563
0.382751
0.192234
-0.00662212
0.255793
-0.0594991
0.0325989
0.242333
-0.0183484
0.0701486
-0.116199
-0.0529384
0.164214
0.335988
0.0674054
-0.128523
0.420119
0.358912
-1.25911
0.331852
0.38051
-0.0530467
-0.618796
-0.0230701
0.135691
0.0495346
-0.0965074
-0.124408
-0.0568299
-0.0371223
-0.177421
0.201854
0.0362013
-0.0403835
0.393718
0.0680995
-0.725692
0.083219
-0.057571
0.147677
0.17079
0.136524
0.143374
0.0962866
-1.27629
0.112225
-0.0810544
-0.0483184
-1.28803
0.279935
0.159043
0.0214481
-0.0135297
0.368556
0.102494
0.150193
0.221562
0.0906707
0.341759
-0.0536601
0.0879647
0.0113411
-0.851166
0.322783
0.236987
0.378718
0.399741
0.224809
-0.365405
-0.0430155
0.022545
0.00240599
-0.633257
0.36288
-0.0298975
0.235375
-0.700299
-0.111179
-1.20687
-0.0104502
-1.09549
0.175306
-0.00074284
0.429572
0.0745918
0.104771
0.359404
0.573524
0.35662
-0.0906112
-0.10559
0.0413844
-0.0284463
0.0341574
0.0721659
0.134751
-0.275326
0.279259
0.148813
0.127244
0.0622395
0.283121
0.377462
0.385028
0.0361932
-0.00431809
0.00752998
0.109098
-0.401658
0.383356
-0.0975965
0.322299
0.30731
0.138356
-0.0620439
0.157263
0.383044
0.375706
0.107254
0.161725
0.385258
0.183516
0.119386
0.397613
0.39006
0.396616
0.218207
0.475738
0.177702
0.366214
0.14088
0.0901144
0.136499
0.393872
-0.0286689
0.433083
-0.551028
0.325344
0.271904
-0.0626885
0.379337
0.136098
0.117338
-0.133459
0.179443
-0.0761537
-0.139201
0.116768
0.356566
0.112696
0.202079
0.115923
0.359884
0.0175641
0.386732
0.131361
0.250858
-0.00153601
-0.0115218
0.171127
0.23427
0.416668
-0.818972
-1.18829
-1.2558
0.108817
0.108308
0.402966
0.184385
0.42174
-0.0751638
0.349307
0.0939089
0.545036
-0.0581408
0.140614
0.0996396
0.122394
-0.0322282
0.232157
1.0037
-0.0478969
0.15368
-0.0487235
0.033804
0.421802
0.347391
0.41793
0.158095
-0.0457911
0.241868
-0.0615241
0.235088
-0.060326
0.140171
0.283383
-0.0186906
0.432561
0.166911
0.245767
0.357477
0.387728
0.112359
-0.0085991
0.0656616
0.414749
0.074012
0.145911
-0.314533
0.144751
-0.0453563
0.414506
0.25569
0.219527
-0.0372471
-0.101207
0.39856
-1.12674
0.399167
0.100097
-0.845997
0.101346
0.222876
-1.19661
0.393058
0.149402
0.426389
-0.0673669
-0.0218068
0.108956
0.191099
-0.0843479
0.352506
0.435091
0.265336
0.154895
-0.816219
0.226663
0.115852
-0.039294
0.183732
0.155506
0.379795
0.419941
0.100275
0.27283
-0.00844919
-0.0241773
0.430573
0.103961
0.12109
-0.114162
0.294275
0.557109
0.111148
-0.145939
0.0503374
0.25073
0.122758
-0.123525
0.274685
-1.238
0.170267
-1.29539
0.330375
-1.21938
0.118542
0.370317
0.356141
-0.121868
0.13898
0.43827
0.38077
0.0253179
-0.271665
0.300906
0.2153
1.82576
0.0446757
0.128271
0.181481
-0.0145685
0.248104
0.855918
0.145341
0.0391471
-0.0317929
0.148462
0.266891
0.132925
0.0965383
-0.0356485
-0.0765957
-0.585882
-0.417679
-0.204011
-0.0265669
-1.28632
0.197005
-0.147044
0.393343
-0.00931217
-1.05486
0.117809
-0.0693088
0.271626
0.0664172
-1.29131
0.114038
0.382299
0.0295799
0.0859298
-0.0645927
0.22514
-0.292641
-0.0407253
0.448766
0.357419
0.375969
0.411017
0.416455
0.366535
-0.0383886
0.295366
0.118701
0.415779
0.113289
-1.2243
0.308672
0.351758
0.11193
0.223476
0.405295
-0.117727
-0.0667068
-0.00162653
0.142332
0.15108
-1.30658
0.41729
-0.427664
-1.26928
-0.865075
0.004718
-0.0887772
0.212276
-1.04392
0.366954
-0.818848
-0.017915
-1.28004
0.371132
0.0916313
0.21265
-0.0614107
-0.026118
-0.142339
-0.0184642
0.350847
0.193444
0.127069
0.146245
0.108138
-1.29882
0.429271
0.196464
0.0976908
0.38616
-1.2678
0.0935922
0.300553
-0.0944726
0.38801
0.155702
0.19567
0.376899
0.102364
0.0849329
0.305729
-0.0701316
0.140465
0.390751
0.124072
-1.24487
0.0587733
0.0799292
0.353632
-0.0315597
-0.0741398
0.39424
0.433903
0.402938
0.118007
-0.108402
0.0958852
-0.0829943
0.0956445
0.348627
0.125098
-0.0923644
-0.0450905
0.247134
0.138722
-0.072799
0.440435
-0.0146079
0.120072
-0.0617775
0.420067
0.420011
0.208961
0.0555893
0.0899812
0.262993
1.88761
0.125549
0.323805
0.347266
0.103428
-0.114447
0.380729
0.145735
0.442348
-0.0374225
-0.087169
-1.29683
-0.913961
0.404021
-0.0986028
0.441858
0.141959
0.274697
0.554608
-0.350215
-0.012021
0.0978199
0.258764
-0.0922011
0.0764154
0.305192
0.111538
0.101263
-0.906739
0.197522
0.355176
0.388734
-0.011862
0.576296
0.882802
-0.125638
0.116017
0.121135
-1.04914
0.159457
0.381539
-0.0571233
-0.138128
-0.0925173
0.326439
0.119627
0.386472
0.382897
0.391276
0.115899
0.247869
-0.125927
0.015833
0.116428
0.429491
1.95681
0.0751116
0.403597
0.378884
0.342556
0.269613
-0.857981
0.248774
0.222472
0.309299
0.226985
0.443731
0.356282
0.364283
0.374346
-0.0944818
0.122834
-0.0711058
-0.389689
0.116294
-0.152472
0.394044
-0.0187002
0.439488
-0.0334476
-0.906457
0.467467
0.261914
2.01873
0.0528181
0.116163
-0.0328264
-0.0307726
0.131955
0.349092
-0.0599115
0.162658
0.113144
0.319236
-0.929657
0.109427
0.247279
0.0875941
-0.0579644
-0.000213946
0.224992
0.115364
-0.0910762
0.337058
-0.0367359
0.173863
0.118808
-0.0904264
-0.0492351
0.382896
-0.00160673
-1.27182
0.441753
0.148541
-1.12326
-0.0049282
0.418861
0.439256
0.352134
0.126297
-1.0644
-0.779291
-0.0863343
-0.0762856
-0.0437188
0.0564076
-0.0965792
-0.0393719
0.0672855
0.445003
0.298083
-0.0771674
0.205066
-0.0179951
0.205221
-0.0425937
0.112418
0.131503
0.164511
-0.0568531
0.324543
0.427801
-0.0598477
-1.21581
0.112814
0.132834
0.0693805
-0.0458481
0.11572
0.130631
0.140416
-1.22206
-0.867244
-0.00807108
0.418252
0.109404
0.16318
-0.0116184
0.104765
0.141657
-0.0208626
0.130031
0.0875691
-0.873619
0.20368
0.412949
-0.0810664
0.443159
0.31587
0.37163
0.160821
0.386964
0.39056
0.118954
-1.02844
-0.269901
0.12807
0.271635
0.550766
0.111888
-0.0145669
-0.727687
0.0876492
0.383399
-0.14927
0.272845
-1.25613
-0.0515927
0.137134
0.0987699
0.143262
0.163464
0.404105
0.116801
0.26115
0.00347067
0.335612
0.398771
0.216074
-0.0968412
0.386011
0.387478
0.138551
0.366463
0.322027
0.0967571
0.142916
0.14185
0.114366
-0.0971353
0.258729
-1.20203
-0.0989954
-1.32712
-0.268643
0.0925286
0.109493
0.116272
0.170424
-0.0757372
0.128927
-0.0805216
0.263135
0.0873786
0.399191
0.178748
0.011223
0.239281
-0.120423
-0.0169832
0.125219
0.00625474
0.138386
0.380242
0.56926
-0.0100964
0.363891
0.221324
0.428839
0.367921
0.188327
-0.906612
0.138825
-0.0758979
0.0549105
-0.0587534
-0.0963238
0.409314
-0.40157
-0.103841
-0.0529996
0.0169448
0.144159
0.147604
-0.132699
0.259262
0.372325
0.0013533
0.314077
0.111886
-0.886562
-0.00238647
-0.0313714
0.394744
0.136339
0.129959
-1.23962
0.373076
0.110151
0.292574
0.416576
0.11299
-0.0435299
0.166891
-0.0184066
0.381867
0.227467
0.385241
-1.16253
0.300318
-0.0227717
0.4327
0.349104
0.172372
0.326072
-0.811249
0.233059
0.224799
0.373894
0.373774
-0.0588818
0.404592
0.168506
0.130557
0.568153
0.106006
0.0934161
0.2286
0.33832
0.111384
0.38295
0.0253863
-0.0457085
0.411926
-0.0865541
0.263486
-0.058212
0.427788
0.227297
0.361686
-0.0498774
-1.30549
-0.00246219
-0.415138
0.395363
0.256569
0.301976
0.42312
0.22275
-0.0784397
0.30755
0.154453
-0.0254815
0.355277
0.377958
0.02866
0.132505
0.113763
0.145793
0.0194218
0.219171
2.0131
0.379376
0.133324
-0.0157202
-1.03022
0.380154
-0.00759632
0.103405
-0.11987
0.257878
0.103803
0.0010459
-0.104652
0.324107
0.382168
-0.867033
0.124542
0.221745
0.301037
0.115938
0.0664271
-0.0612111
0.0532818
-0.000664778
0.15484
-1.2945
-0.391769
0.13928
0.13762
0.275003
0.270578
0.380711
-0.630876
0.109083
0.38291
0.211106
-1.33112
0.443429
0.0274975
0.14064
0.229138
-0.0410944
-0.400939
0.168341
0.107555
-0.34707
0.129079
0.148168
0.302475
0.0574036
0.112567
0.278827
-0.107378
0.0747381
0.00435877
0.174968
-0.0520593
0.0497081
-0.115286
0.11685
-0.067834
0.101102
-0.0121504
0.135548
-0.408091
0.0840876
-0.0567935
0.0934076
-0.0974571
0.31214
0.238493
0.262834
0.136032
-1.09792
-0.0359885
0.201104
0.314037
-0.0351647
0.112129
-0.106475
-0.396054
0.382736
0.220355
-0.212711
-0.0178965
0.418539
0.133854
-0.0118834
0.0985328
-1.24004
-0.0465145
0.634296
0.301838
0.332068
-0.938333
-0.0729097
0.112939
-0.083727
0.367636
0.10786
0.0692541
0.115966
0.154315
0.226959
0.228206
0.133205
-0.0779742
-0.141597
-0.549546
0.453181
0.419698
0.111563
0.469288
-0.00656824
-0.137024
0.0912491
-0.0663056
0.135725
0.00653893
-0.0587068
-0.202039
0.116953
0.129604
-0.844195
0.145354
0.131562
0.0197875
-1.06414
-0.112365
0.397011
0.0795489
0.0942494
0.103887
0.1047
-0.0715166
0.260364
-0.092703
0.426077
0.324865
-1.17589
-0.000951014
0.163133
-1.27454
-0.141899
-0.0810702
0.122231
0.0325177
-0.0289809
0.144864
0.394918
0.0204805
0.140775
0.391257
0.326944
0.426899
0.0984043
-0.116721
-0.0290984
0.154495
0.138076
0.244234
0.119892
0.125159
-0.0247753
0.282146
0.411235
