4
1
5
100
1
2
1
2
0.181996
0.130382
-0.55182
-0.0813806
0.491391
-0.0642185
0.20034
-0.0966616
-0.251316
0.422084
-0.300587
0.005244
-1.89956
0.24908
0.569845
-0.393451
-0.747734
-0.616793
-0.00705166
0.305212
0.127218
0.212306
-0.407353
-0.308722
0.516651
0.183237
-0.407518
0.350669
0.0698235
-0.093794
-0.160335
-0.0799859
-0.0576794
0.57338
-0.00497912
0.102936
0.2908
-0.430811
-0.248785
0.500661
-0.608258
0.26551
0.349071
0.679074
-0.00102474
0.278234
0.101851
-0.219587
-0.202392
0.370521
-0.942519
-0.851692
-0.917809
-0.428678
0.304401
0.171758
0.0727006
-0.417388
-0.327522
0.39372
-0.164597
-0.0360562
0.00924522
0.0247254
-0.101811
0.125882
0.172989
-0.177295
-0.204787
0.458836
-0.239056
0.527801
-0.136487
0.227774
0.0757492
0.0135374
0.246509
-0.55466
-0.166848
0.485819
0.137685
0.176246
-0.116949
-0.321504
0.456663
0.0782911
0.358102
-0.475729
-0.229393
0.473234
0.220864
0.199935
-0.621872
-0.0759773
0.477273
0.174782
0.0666355
-0.713804
0.0608635
0.410491
0.230044
0.156471
-0.316431
-0.285636
0.449892
0.0329289
0.218379
-0.663789
-0.292553
0.487558
0.0506032
0.295583
-0.523353
-0.133727
0.521873
-0.264266
-0.0539324
0.373356
-0.306541
-0.134722
0.246911
0.22164
-0.215835
-0.217145
0.362351
-0.750295
-0.0919138
0.483269
-0.0132057
0.0446618
-0.485487
-0.12223
-0.0440168
-0.0918597
0.0546746
0.15256
0.237289
-0.315701
-0.255156
0.441664
-0.296306
-0.172902
0.0333214
-0.139999
-0.166838
0.0433718
0.0573562
-0.338393
-0.473494
0.432814
0.231904
0.172881
-0.0896394
-0.229076
0.366924
-0.218247
-0.082055
0.518913
-0.481275
-0.131067
-0.196117
0.0261752
-1.07926
-0.119466
0.626786
-0.21716
-0.282726
-0.0544497
-0.231295
-0.188471
0.156961
0.203665
-0.508213
-0.143116
0.45662
0.204926
0.195672
-0.42322
-0.0797171
0.395735
-0.342759
0.231146
0.0701095
0.22389
-0.0358106
-0.192396
0.0367143
-0.0388531
-0.012185
-0.0789276
0.169149
0.248764
-0.499228
-0.121092
0.405374
0.23463
0.190129
-0.387056
-0.130205
0.373502
0.226998
0.268968
-0.312852
-0.272283
0.3626
0.149084
0.161788
-0.432897
-0.223633
0.441323
0.217382
0.195097
-0.741847
-0.0239482
0.486568
0.222672
0.128777
-0.323988
-0.173809
0.405748
0.207002
0.209307
-0.534198
-0.112362
0.476044
0.160552
0.178328
-0.406454
-0.236146
0.501442
-0.120211
0.0306776
-0.868205
0.207235
0.360398
0.194379
0.169026
-0.35849
-0.163645
0.468867
0.286569
0.0914639
-0.169828
-0.234268
0.380409
-0.324565
0.210621
-0.0131253
0.195314
-0.0534481
0.172505
0.213206
-0.460389
-0.286431
0.521323
-0.0115591
0.0120674
0.0546856
0.0132592
-0.0325837
-0.245665
0.0130117
-0.254447
-0.0757878
0.452654
0.207314
0.197641
-0.374334
-0.17818
0.383396
-0.851286
-0.424563
0.0608097
-0.130287
-0.026789
0.136071
0.105829
-0.420388
-0.404596
0.374344
-0.181316
0.0215132
0.0843035
-0.0866853
-0.11617
0.0400371
-0.226607
-0.110038
0.198402
0.00100567
0.166473
0.124164
-0.396905
-0.313457
0.390893
-0.246634
-0.0437947
-0.0991563
-0.0928662
0.0273103
-0.0978541
0.089339
-0.19009
-0.00566656
0.23855
-0.408161
0.211531
-0.0858123
0.188363
-0.0517652
0.162048
0.18265
-0.353278
-0.229888
0.487611
0.215073
0.218885
-0.359948
-0.242881
0.369868
0.149255
0.245325
-0.174685
-0.238638
0.40207
0.115303
0.207029
-0.246243
-0.187109
0.468437
0.259678
0.121881
-0.234715
-0.156083
0.374162
-0.642104
-0.144506
0.309051
-0.0506048
0.049427
-0.156114
0.0680686
-0.133939
-0.00193104
-0.100204
-0.0239545
-0.28395
-0.609447
0.246261
0.4229
-0.269223
-0.0760428
0.085993
-0.055707
0.0171333
0.267648
0.0696292
-0.289189
-0.260459
0.374798
0.156119
0.2236
-0.343813
-0.220624
0.441398
-0.14903
0.215935
-0.380284
0.628955
0.173131
0.203722
0.189562
-0.310875
-0.184823
0.435857
-0.378096
-1.01996
-0.438943
0.241689
0.362337
0.0886701
0.0884865
-0.676257
-0.247238
0.546641
-0.235473
-0.242212
-0.119358
-0.205189
-0.153207
0.169622
0.14821
-0.502536
-0.202552
0.469476
0.0902388
0.0501871
-0.527515
-0.417128
0.41493
-0.108151
-0.0355398
0.0566837
-0.0855711
-0.114504
-0.00180056
0.32456
-0.623447
-0.0925861
0.455079
-0.17959
-0.26901
0.0672208
-0.271429
-0.163668
0.132716
0.326547
-0.500536
-0.255174
0.443971
-0.27779
0.153739
-1.54812
-0.000830678
0.458388
0.258488
0.200429
-0.14581
-0.256847
0.36179
0.157313
0.136591
-0.310329
-0.289267
0.439506
0.186683
0.0997266
-0.206657
-0.338977
0.374162
0.298541
0.0845134
-0.530102
-0.200096
0.389216
-0.0353929
0.00188014
-0.914336
-0.0501685
0.604472
0.193085
0.195191
-0.392052
-0.143258
0.396483
0.189598
0.121769
-0.110715
-0.222838
0.404007
0.135626
0.234272
-0.413259
-0.295139
0.453907
0.208953
0.247831
-0.471648
-0.211588
0.363501
-0.0722791
0.0357085
-0.0884113
-0.0422776
0.0699664
0.0404827
0.308437
0.430899
0.36736
-0.02904
-0.696946
-0.303256
-0.604035
-0.393779
0.335438
0.156403
0.24948
-0.443012
-0.100557
0.422177
-0.0727943
0.0845774
-0.28057
-0.0829212
0.184137
0.153626
0.168613
-0.629045
-0.268223
0.470682
0.414428
0.132825
0.44709
0.283417
0.297088
-0.089705
0.105997
0.23053
0.279393
0.397855
0.413262
0.331444
0.0115472
0.326151
-0.192181
0.210686
0.268791
0.189047
0.419294
0.47353
0.338501
0.270502
0.260021
-0.406748
0.324533
0.21039
0.0705129
0.238826
-0.169121
0.295159
0.342032
-0.468713
0.495701
-0.384367
0.285253
0.323837
-0.101759
-0.00791381
0.259365
0.327204
0.288921
0.287504
0.423037
0.350904
0.407517
0.306866
0.209185
0.381917
0.405876
-0.0838974
0.315573
-0.00844917
0.272474
0.295766
0.28004
0.287507
-0.136356
0.00312363
0.294877
0.0113955
0.0621177
-0.119455
0.299668
0.29308
0.248628
0.292969
0.38661
0.0874726
0.0206117
0.40109
0.00388194
0.406161
0.251703
-0.344303
0.435997
0.343847
0.359323
-0.35128
0.335187
0.308552
-0.105688
0.186204
-0.366018
0.205091
0.477821
0.341296
0.296447
0.328329
0.445589
0.452424
0.29329
0.34338
0.23422
0.286974
0.0044191
-0.200452
0.280317
0.260555
0.0454648
0.277424
0.322565
1.0
0.0
-1.0
0.0
1.0
1.0
0.0
1.0
0.0
1.0
-20.0
1.0
-1.0
0.0
