2
1
5
50
1
2
1
2
-1.13642
-0.372077
0.474985
-0.184144
0.286178
0.0237767
-0.336651
-0.13953
0.131444
0.126135
0.716599
0.0734453
-1.30498
-1.12446
0.0295344
-0.560872
-0.243415
0.224335
-1.30103
-0.515288
0.496265
-1.32798
-0.398845
0.347217
-0.535982
-0.239062
0.241853
-0.383621
-0.160201
0.155872
-0.416128
-0.165948
0.176857
0.632086
0.776009
0.309219
-0.612847
-0.256728
0.238498
-0.516061
-0.217108
0.196692
-0.540022
-0.228676
0.210897
-0.589677
-0.228763
0.264006
-0.0965172
0.0163812
-0.0902924
-0.641118
-0.234297
0.300621
-1.32119
-0.482011
0.456451
-0.656404
-0.232979
0.314511
-0.600857
-0.247253
0.24451
-0.55358
-0.614158
0.13738
-0.530043
-0.222046
0.21011
-0.810915
-0.136018
0.220637
-0.0819976
-0.0231557
-0.0458127
-0.468194
-0.176826
0.213577
-0.449513
-0.202613
0.218594
-0.614798
-0.263879
0.236096
-1.11219
-0.339191
0.469369
-0.686755
-0.135551
0.166163
-0.374077
-0.154576
0.148187
-0.309624
-0.149751
0.201286
-0.61748
-0.222517
0.292836
-0.696253
-0.236726
0.328822
-0.112079
0.0233282
-0.111499
-0.459228
-0.166774
0.220487
-0.596002
-0.247113
0.240823
-0.599945
-0.219456
0.281848
-0.610065
-0.25682
0.23756
-0.413084
-0.166749
0.167226
-0.541534
-0.175702
0.110807
-0.397886
-0.176905
0.191306
-0.54653
-0.204424
0.253134
-0.773421
-0.192857
0.417004
-0.532904
-0.219601
0.215842
-0.249159
0.500769
0.0568038
-1.01312
-0.10839
0.341698
-0.118521
0.107603
0.0081771
-1.25647
-0.286452
0.239719
-1.14789
-0.129886
0.381208
0.773401
-0.230309
0.0533615
-0.84611
1.39793
0.124804
0.956445
1.08832
0.12956
0.0893166
0.112251
-1.11813
0.124934
0.118561
0.123594
0.179607
-0.0369677
0.234679
1.03623
0.260225
0.143242
0.362727
0.125247
0.317117
-0.0185565
0.15252
0.133535
0.134121
0.733436
0.212566
0.0800514
0.12689
0.230678
0.294145
-0.0574878
0.173082
0.143347
0.213617
0.134144
0.101905
0.0711426
0.122051
0.179739
0.493918
0.131559
-0.586398
0.557755
-0.0692417
1.0066
0.661694
0.253097
1.0
0.0
-1.0
0.0
1.0
1.0
0.0
1.0
0.0
1.0
-8.0
1.0
-1.0
0.0
