3
1
6
100
50.0
1
2
1
2
-0.045969
0.25161
-0.0859495
0.256542
-0.318586
0.136793
-0.152824
-0.0433248
0.0274082
-0.206037
-0.102123
0.293123
0.0712899
-0.0970151
-0.08058
0.221034
0.114744
0.0419197
-0.00124412
-0.0876788
0.0755119
0.0779106
0.0382913
-0.0754218
0.11195
0.0948225
-0.000142979
-0.062906
-0.0539186
0.45619
-0.0580562
0.20203
-0.307525
-0.135858
-0.0860985
-0.136703
0.0520876
-0.24053
-0.0779153
0.278834
0.17052
0.00378968
0.00462934
-0.116523
-0.0399944
0.188702
-0.0906244
0.245593
0.0612096
0.0141512
-0.0122839
-0.0551128
-0.052615
-0.0807936
-0.122605
0.106391
0.135172
0.154217
-0.00914137
-0.118316
-0.0162673
-0.138991
-0.18404
0.303093
-0.068507
-0.214824
-0.130971
0.302118
0.0923395
-0.17958
-0.101224
0.253035
-0.0268384
0.0228636
0.000472819
-0.0670061
0.103527
-0.0155873
0.0997932
0.0696807
0.246116
0.432985
0.146886
0.227476
-0.217784
0.316387
0.267807
0.169382
-0.10777
0.0799188
-0.00126865
-0.0897507
0.122082
-0.151051
-0.142678
-0.082472
0.43886
0.434074
-0.0296773
0.0897091
-0.339206
-0.135479
-0.137099
0.0832622
0.393027
0.328762
-0.0443412
-0.0866306
0.00227961
-0.435194
-0.0817472
0.389561
0.220512
-0.341522
-0.164661
0.041407
0.0297912
-0.0162698
-0.0401801
0.181348
0.00936101
0.334221
-0.0980655
0.308368
-0.402175
-0.149523
-0.127003
-0.13323
-0.0431358
0.408156
-0.0509436
0.20899
0.0396974
-0.150237
-0.0575079
0.220898
-0.110862
-0.256998
-0.154137
0.335175
-0.0233613
-0.336164
-0.113384
0.340273
0.104994
-0.066185
-0.045786
0.228573
-0.00369885
0.000140708
0.00426704
-0.0382655
-0.0505921
0.315153
0.00750233
0.104259
-0.114391
-0.349728
-0.154775
0.324261
0.0888994
0.0252513
0.00313491
-0.0540256
0.0118491
0.00476862
0.0039565
-0.021169
0.0555601
0.0150435
-0.0191405
-0.0553524
0.0284475
-0.198491
-0.0783105
0.263631
0.60561
-0.259822
-0.207863
-0.00280085
-0.108063
-0.030263
0.0118093
0.124604
0.016472
-0.0882274
-0.0978783
0.241791
-0.0494647
0.229928
-0.0770951
0.220596
-0.147375
-0.256619
-0.184695
0.36716
-0.00982178
0.268895
-0.0338223
0.151401
-0.00262429
0.0228284
-0.00287026
-0.0466239
-0.240913
-0.17128
-0.111988
-0.127301
-0.489603
-0.316265
-0.214109
0.142364
-0.0454715
0.424342
-0.0651961
0.198542
-0.134832
-0.0588277
0.0287976
0.0848306
0.235904
0.298324
-0.331686
-0.0216672
-0.0450855
0.418592
-0.068342
0.19601
0.0464619
-0.144675
-0.135858
0.189848
0.00374147
0.269935
-0.0603966
-0.126923
-0.0172645
0.0453483
-0.0295767
-0.0354962
0.260281
0.327282
0.167129
0.188416
-0.105812
0.168205
-0.0877536
0.207856
0.136002
0.0416083
0.0118509
-0.0270945
0.0345129
-0.113421
-0.0891853
0.24918
-0.050845
0.305433
-0.0413287
0.159693
0.053384
0.0562623
0.0382201
-0.0494173
-0.12436
-0.233165
-0.0691355
0.193551
0.0159776
0.0500017
-0.010832
-0.0271151
0.0112672
0.160885
-0.0745425
0.235327
-0.22315
0.495234
0.21053
0.230995
0.0543709
0.0336629
0.00207882
-0.0436728
0.121636
0.681159
-0.0121573
0.0110947
0.119148
-0.208475
-0.0546262
0.202668
0.0477084
0.2388
-0.0449637
0.21837
0.112206
-0.127199
-0.0574662
0.258763
-0.00745757
0.236188
-0.0787842
0.246419
0.336825
0.295317
-0.114789
-0.115906
0.00383523
-0.0142479
-0.0243222
-0.0373535
-0.0709464
-0.338796
-0.085527
0.206059
-0.0335907
-0.28078
-0.109605
0.286593
0.0730187
0.0370406
0.0873739
0.110458
-0.554096
-0.272564
-0.274485
0.18171
-0.0652414
-0.415686
-0.111341
0.342781
-0.0843431
-0.0585481
-0.0606114
0.115359
0.0593681
-0.334841
0.0140209
0.395027
-0.00328492
-0.144573
-0.117067
0.259214
-0.209738
0.168544
-0.0827283
-0.18137
0.133848
-0.0597622
-0.024751
0.21465
-0.177795
0.173631
-0.0722533
-0.126187
0.0147436
0.012426
-0.0295874
-0.0464044
-0.132092
-0.497386
-0.037289
-0.35497
0.284949
0.752603
-0.151433
0.0308494
0.0855414
-0.105111
-0.0791121
0.240319
0.0207172
-0.103958
-0.0372142
0.127038
-0.13272
-0.129703
-0.0965249
0.214768
-0.0583555
0.49905
0.109039
-0.142779
-0.0625663
-0.261712
-0.125966
0.302022
-0.0637454
-0.217212
-0.157179
0.342126
-0.039874
0.238782
-0.0861945
0.241138
-0.234239
0.517754
0.202986
0.238
-0.120505
0.0336519
0.0406257
-0.0591608
-0.0358451
-0.0486569
0.0161779
-0.0042663
-0.0516469
0.046706
-0.0528377
0.00302707
0.0441494
0.0256543
0.0714921
-0.141963
-0.0217542
-0.0313665
-0.174629
-0.143411
-0.0828101
0.0781904
-0.0662366
-0.0434546
0.0133
0.0397839
-0.0209431
-0.147871
-0.0972437
-0.102705
-0.00378793
-0.0545553
-0.0261808
-0.0251271
-0.198924
-0.0524907
-0.0469825
0.0848706
0.00654246
0.0960384
0.0840683
0.0710855
0.0214584
-0.186901
-0.00308271
-0.001022
-0.173608
-0.175188
-0.164203
0.00750607
0.0161489
-0.0352919
0.0287779
0.000968805
-0.0152811
0.146276
-0.0169353
-0.0190509
-0.0180464
0.0818467
-0.0831227
-0.0143086
0.0485134
-0.0538265
-0.00528592
0.112842
0.0307731
-0.0454079
0.00570384
-0.151957
0.119513
0.0489989
-0.104953
0.0508713
0.00413476
-0.0629399
0.00162952
-0.0810302
0.036558
-0.0958551
0.0503814
0.0567782
0.048657
-0.0260938
0.0281326
0.121406
-0.118871
-0.0453389
-0.0408354
-0.167349
0.0166291
0.027596
0.128952
0.161644
-0.0653898
-0.00462626
-0.0618754
-0.033644
0.130076
-0.0568919
0.0794147
-0.0357679
-0.069923
0.0704012
-0.0797918
-0.0754556
-0.0780277
-0.045973
0.00143124
0.0236977
-0.110705
-0.133238
0.11062
0.0625092
-0.112966
0.00837695
0.0761793
-0.0723726
-0.0898531
0.0388885
-0.00882413
0.0273479
0.0425021
0.0892307
-0.0397679
0.0729898
0.1007
-0.0142519
-0.11041
-0.0128876
-0.0395952
0.0372505
-0.138184
0.0721188
-0.0640184
-0.0530429
-0.0585396
-0.0732781
0.00812107
-0.0858554
0.0138311
0.0589278
0.130897
-0.0379161
-0.160537
-0.025565
0.0234258
0.107971
0.0959626
0.0169521
0.0370973
0.0264306
-0.0297301
-0.0597033
-0.0435357
-0.0137865
0.0496014
-0.118866
-0.0719208
-0.126765
-0.00114847
-0.0501944
-0.0061587
-0.114917
0.110799
-0.0117278
0.051864
0.129785
-0.0261031
0.102405
-0.0375313
-0.175163
-0.092643
0.0563422
-0.00499903
-0.0477663
-0.0021984
-0.0909432
0.0717339
0.0061532
-0.108012
-0.0504744
0.140227
-0.170365
0.104023
-0.125427
0.145934
0.00424956
-0.0447563
0.00738458
-0.052432
-0.0923528
-0.0484281
-0.142777
0.0359956
-0.136902
-0.0203404
0.0708498
-0.0776987
0.00877914
-0.113365
0.089724
0.112601
0.0289868
-0.0648628
0.0734035
0.0175101
-0.0946417
-0.0634494
0.100594
-0.179073
0.139085
-0.00415568
0.0167816
-0.00726409
-0.0346273
0.239722
0.163556
0.228045
-0.0316263
-0.0497067
0.0934336
-0.269226
0.148592
-0.144993
-0.0815114
-0.138794
0.0215997
0.169736
0.155709
0.118029
0.129121
0.0328244
-0.068486
0.0897064
0.0793721
0.185945
0.187855
0.144249
0.0121601
0.144638
0.224696
0.0120335
-0.0414657
-0.0285928
0.202641
-0.112374
-0.117378
0.0766285
-0.0673313
0.186145
0.135164
-0.0662046
-0.24987
0.162369
0.0812885
0.174914
-0.172249
0.228615
-0.0907791
0.0382289
-0.0349628
-0.0281264
-0.0684752
-0.0957534
-0.015184
0.0494873
0.0589324
0.0392947
0.178934
0.205532
0.254263
0.00660227
-0.0979189
0.0165152
0.018863
0.00229711
-0.0666965
0.0601468
0.176995
0.210731
0.274594
-0.0437457
0.199002
0.169833
-0.0441621
0.175567
0.00309095
0.27564
0.14325
0.239808
0.031742
0.322477
-0.137679
-0.00956546
0.1147
-0.03942
-0.0320065
0.158232
0.281658
-0.0807988
0.266129
0.25505
0.0497159
0.0800662
0.0239627
0.112821
0.0850736
0.0512892
0.0930361
0.0886271
-0.256477
0.224114
-0.00783383
0.132427
0.00356942
0.141222
-0.0386348
-0.0820324
0.0795949
-0.0315142
-0.0123118
-0.0338679
-0.0881267
0.187846
-0.0146738
0.0145774
-0.143849
-0.0297214
0.146146
0.229834
0.0304366
-0.0250779
0.0537491
-0.286347
0.0535191
0.150038
0.112784
0.136377
-0.046398
-0.0583223
-0.13883
0.326331
-0.0668049
0.0183872
0.0735197
-0.0200676
-0.0250424
-0.0596517
0.106705
0.0584312
0.282705
0.0813546
0.109247
-0.261488
0.0407715
-0.0923209
0.124396
-0.227486
0.215857
-0.0636057
0.108581
-0.161775
-0.180309
0.000109395
-0.0278553
0.0223608
-0.0284415
-0.0821965
0.00115095
-0.218843
-0.0864497
0.158567
-0.0192322
-0.122947
0.0207875
0.0801605
0.115981
-0.0310383
0.0355345
-0.0674125
0.0352805
0.119639
0.0693686
0.096445
0.264361
-0.207621
0.363781
-0.114777
0.0596507
0.0685769
-0.147867
0.0505738
0.136685
-0.0662199
0.0983002
0.0971219
0.194257
-0.150828
0.0956878
0.181854
0.00661498
0.11946
0.239633
0.139009
0.32851
0.10166
0.151326
0.11024
0.0163544
0.231348
0.0845226
-0.0795066
0.21233
-0.186364
0.138821
0.207756
-0.118768
0.0496309
0.0553705
0.299075
0.0670711
0.13859
-0.0670838
-0.118439
0.0671816
-0.0259804
-0.0927476
-0.115868
0.0201581
0.227875
0.246267
0.0888153
0.0103382
0.125247
-0.20597
0.0741912
0.161698
0.326504
0.335897
0.0655234
0.043758
0.187149
0.455337
0.159648
0.0108348
0.147808
0.317503
-0.0524884
0.0234728
0.154657
0.0488232
0.127068
0.17466
-0.128345
-0.0509391
0.140703
0.0788872
-0.0158723
-0.0181284
0.123611
-0.0811916
0.144508
0.0600926
-0.126024
0.0686624
0.157749
-0.11115
-0.00389628
-0.0457604
-0.0937513
0.112637
0.0558937
0.225206
0.047716
-0.117884
-0.0193754
0.13929
0.0850243
0.176188
0.290288
0.101095
0.329658
0.193758
-0.0950386
0.352458
0.305966
-0.0822259
0.108304
4.21509e-05
0.119836
0.139654
-0.0355662
-0.0644871
0.0293633
-0.124217
0.0925258
-0.0600735
-0.04923
0.024456
0.130912
0.299219
0.138807
0.264336
0.258016
0.0433053
0.129614
0.186583
0.179694
0.0356976
-0.0808613
-0.144496
0.275561
-0.0961581
0.146685
0.00582488
0.0332245
0.146498
0.0450553
-0.00146379
0.134259
0.416419
0.109458
0.0212093
0.097242
-0.201434
0.181132
0.12717
-0.0641917
-0.258556
-0.115096
0.0672671
0.386863
0.112182
-0.00148462
0.147772
-0.314215
0.094209
0.141834
0.346932
0.416021
-0.0594233
0.159051
0.0294272
0.628356
-0.016732
-0.0677286
0.0807513
0.197696
-0.174334
0.110949
-0.00217449
-0.0484302
0.197566
-0.041072
0.0139465
-0.252974
0.204074
0.279261
-0.00266965
0.0160642
-0.0474737
0.0972472
0.0574831
0.064911
-0.108143
-0.0526744
-0.0789089
-0.0361454
0.043143
0.0133914
0.0728012
-0.179689
-0.109249
0.189957
0.178493
-0.279915
0.0721822
0.0559256
0.110614
-0.0481798
0.0632339
-0.0926064
0.210434
0.0719392
0.03492
0.248811
0.20269
0.0969456
0.221019
0.18078
0.0616269
0.15297
-0.146555
-0.150227
0.16996
0.013468
0.0428402
-0.0154768
0.129906
-0.239969
0.366259
0.356577
0.0819373
0.343944
0.264729
0.183987
0.118754
0.252105
0.125579
0.222364
0.106646
0.160099
0.127739
-0.0522936
0.200443
0.0122362
0.0371711
0.135235
0.015788
0.110691
0.268905
0.10782
0.147726
-0.0101321
0.197876
-0.200198
0.0939573
0.0286914
0.203534
-0.0168833
0.0381746
0.233888
0.158955
0.090939
0.135433
0.0904544
-0.123296
0.12555
0.144383
0.0559949
0.309894
-0.0414903
-0.0679025
-0.108058
0.47199
0.0916403
-0.0724927
0.156129
0.127442
-0.182253
-0.00707399
0.047632
0.178394
0.136476
0.131887
-0.0839116
-0.182715
0.0860787
0.273501
-0.143624
-0.251338
-0.0223512
0.0552848
0.113304
0.137333
-0.247534
-0.0375706
0.127632
0.023805
-0.0364566
-0.117743
0.000834752
0.0401212
0.176768
0.160529
0.00780965
-0.0825764
-0.0095106
0.119619
0.071756
0.252052
0.219144
-0.042983
0.316752
-0.0532482
-0.0619305
0.177668
0.265603
-0.146638
0.165618
0.150179
0.0129837
0.204185
-0.0381069
0.0246912
0.17792
0.0226721
0.0963942
-0.054025
-0.0985316
-0.00777142
0.215679
0.225501
0.0578954
0.404756
0.259763
-0.0361495
0.0610806
-0.0617174
-0.25933
-0.270829
-0.0396209
-0.50715
0.0953575
-0.393259
0.0934059
-0.276748
0.0762699
-0.0966012
-0.24156
-0.432879
-0.441964
-0.0800696
-0.125758
-0.228295
-0.179519
-0.244537
0.177164
-0.273597
-0.0198951
-0.214397
-0.314228
-0.015202
0.0806848
-0.615892
-0.748555
0.104099
-0.136228
0.0336907
0.105156
-0.279795
-0.0130021
-0.480933
-0.946283
-0.0116976
0.0805533
-0.210177
-0.257028
-0.326325
0.057024
-0.0504216
0.0652692
-0.423832
0.053933
-0.184675
-0.0935891
-0.152918
-0.159522
0.0579507
0.0926166
-0.891301
-0.0531569
0.100096
-0.179878
0.105723
-0.238744
-0.159171
0.167895
-0.756613
-0.539674
-0.0107948
-0.110712
0.106739
0.0484728
-0.0367791
-0.122996
-0.356765
-0.425076
0.445511
-0.0386845
-0.624392
0.0836634
-0.0240432
-0.600612
0.065867
0.114059
-0.156923
0.197845
0.0953872
-0.017261
0.284358
-0.378666
-0.267081
-0.479609
-0.367424
-0.571274
0.399079
0.0420674
-0.490925
0.0364929
-0.221414
0.141264
-0.03189
-0.245186
0.0144289
0.0828137
-0.119325
-0.0810633
-0.150175
0.0830756
0.177141
-0.149969
-0.22148
-0.0465958
0.158923
-0.0778265
-0.0182561
0.0769722
0.0538945
-0.0792596
-0.0807181
0.0291505
-0.0913028
0.0116435
0.157495
0.0752341
-0.0875842
0.0401829
-0.0590109
-0.0704574
-0.141695
0.0817653
-0.00704601
0.0256177
-0.0334457
0.0578102
0.0894218
-0.0309561
0.0730308
-0.0397214
-0.0707542
0.0472315
-0.199375
-0.000253291
-0.162421
-0.0393835
0.124462
0.0691765
-0.101636
-0.0257844
-0.0797626
-0.114219
0.156545
0.0294269
-0.0744474
0.00348184
-0.141197
0.125115
-0.0860509
0.0526744
-0.00401562
-0.0692219
-0.181875
-0.159745
-0.00566975
0.0943439
0.142275
-0.161182
-0.00735652
0.0407954
-0.0161288
-0.0454603
0.0361669
-0.0494812
-0.0720769
-0.0440819
0.0355173
0.0544835
0.0478747
-0.180512
-0.136281
-0.0249845
0.0185292
0.021774
-0.0352317
0.0961847
-0.131591
0.0717894
-0.0621747
-0.108171
0.0255061
0.0104265
-0.0132313
-0.077371
0.180435
0.0260486
-0.110151
0.0426491
0.00432044
-0.168337
0.164278
0.091166
0.0328209
-0.066009
-0.0370516
0.0323085
-0.154367
0.0800446
-0.2111
-0.404196
0.0752822
-0.0047893
-0.0234898
-0.129964
-0.0624516
-0.200658
0.364131
0.0469676
0.0707423
-0.0638006
-0.124245
0.00462049
0.197458
0.273744
0.106716
0.00785311
0.211867
-0.0730888
-0.0485934
-1.03052
0.210239
0.121682
0.232151
0.523588
-0.127404
-0.115861
0.329293
0.0352596
-0.333142
0.558374
-0.458204
-0.0513365
0.209988
0.217872
0.153073
0.074914
-0.453037
0.313244
-0.0106364
0.0618104
-0.0364837
0.0276804
0.173065
-0.00867669
0.181901
-0.0323587
0.216877
-0.254618
0.0780753
0.185403
0.552622
-0.258829
-0.0938054
0.388652
-0.407575
0.00806615
0.146758
0.115691
0.137475
0.0128048
-0.0376372
-0.0485355
-0.206165
-0.0333804
0.341321
0.0859353
-0.186145
-0.862453
-0.147535
0.149611
0.0881351
-0.30075
-0.0160424
-0.310888
0.251857
0.125896
0.0500521
0.120765
-0.341088
0.366492
0.0491014
0.189544
0.0391359
0.0587183
0.209004
-0.023588
0.150255
0.0343395
-0.150778
0.0726568
0.0667337
0.24234
0.180768
-0.172761
0.19794
0.28924
-0.130372
-0.628672
0.097466
0.125772
0.139556
0.0356201
0.0502059
0.103246
0.201373
0.0384231
0.204288
-0.159732
0.143014
0.115409
0.0620561
-0.11539
-0.0550367
-0.00700901
0.146574
0.0270508
0.151903
0.168837
0.0260985
-0.246231
0.2535
0.0515323
-0.137418
-0.00474184
0.0692136
0.255299
0.295764
0.195404
-0.00404937
0.184819
-0.147362
0.0633023
-0.0698498
0.196813
0.235965
-0.126961
0.0757017
0.0122726
0.325524
0.0116607
0.0499583
0.139921
0.0766587
-0.229525
-0.104742
0.0023587
0.203
0.311162
0.0466079
0.134913
-0.0553565
0.287697
0.0322653
0.171595
-0.131678
0.123049
0.125225
0.0194542
0.0937693
-0.215811
0.0149858
0.132306
0.0515046
0.0154076
0.103886
-0.0891534
0.0358754
0.212396
0.347208
-0.0589532
-0.203233
0.0647642
0.04774
0.0416217
0.134823
0.101248
0.0619278
0.102408
0.0629497
0.060571
0.335503
0.393869
-0.147634
0.238927
0.0233745
0.197259
0.140423
0.0688869
-0.0134573
0.140579
-0.0342902
-0.15171
-0.0831108
0.0120781
0.0534279
-0.00180526
0.239763
0.00286558
0.103607
0.255955
-0.126164
-0.102842
0.0842948
0.0995294
-0.060833
0.0124756
-0.0347376
-0.112384
-0.0995037
-0.125297
-0.0773003
0.0675008
0.0668842
-0.127811
-0.18644
-0.0536105
0.0389528
-0.12022
-0.164113
-0.133082
-0.160316
0.0216733
-0.00374787
-0.0921581
-0.100616
-0.0919157
-0.0774289
0.0276678
-0.138897
0.0990116
-0.227303
-0.030538
-0.182481
0.057362
-0.153881
-0.0229242
-0.170585
-0.0890955
0.039878
-0.0411994
0.0879216
0.017516
-0.0873663
0.0339573
0.0510132
0.054087
0.036569
0.0950454
-0.135618
-0.0195329
-0.177014
-0.18978
-0.128031
-0.084449
-0.00432263
0.0203339
-0.0434151
-0.0308549
-0.0682545
-0.1629
-0.109951
-0.134721
-0.0550137
-0.0203428
-0.138279
-0.0321436
-0.00068119
0.0503089
0.0894038
-0.0196391
-0.17159
0.0920701
-0.13963
0.0416248
-0.0490419
-0.218845
-0.174938
-0.0497869
0.00483871
-0.0151364
-0.165284
-0.143427
-0.116867
-0.023691
0.0372851
-0.0205459
-0.0340831
0.0514046
0.0862871
-0.187929
-0.108009
0.0171191
-0.151263
-0.116928
0.105835
0.105866
-0.0274287
-0.0239398
-0.156304
0.0435974
0.0533751
0.180258
0.346394
0.0431945
0.156077
0.13978
0.113306
-0.079478
0.100302
-0.0980966
0.181127
-0.133102
0.0536821
0.167061
-0.12807
0.0160666
0.210061
0.124963
0.12964
-0.0715804
0.152449
-0.128426
0.322351
0.0514364
0.151429
-0.223151
-0.0500432
0.184443
0.479613
0.149205
-0.0158454
0.304633
-0.119872
0.146629
0.10961
0.200778
0.210312
-0.113927
-0.0525947
-0.0306296
0.219436
-0.0117873
-0.130808
-0.146332
0.219326
-0.164851
0.13125
0.0431601
0.0914638
0.226494
-0.0652248
0.0438457
-0.049829
0.331616
0.0901847
0.0667854
0.0289765
0.120614
0.0659014
-0.0442419
0.0560978
-0.133209
0.0782175
0.138225
-0.0529351
0.0101853
-0.107868
0.0156831
-0.000560443
-0.0519436
0.288738
0.0633324
-0.0894794
0.0300473
0.0296131
0.222285
9.29555e-05
0.121906
0.0933158
0.184413
0.10154
0.208435
0.302916
0.454606
0.0592033
0.250779
0.107494
0.0594942
0.0741655
-0.0454305
0.0381358
0.0926627
-0.0854291
-0.0256773
0.0556326
0.155807
0.0495528
0.124762
0.350067
0.14097
0.362994
0.276239
0.0783407
0.234078
0.038542
0.0515925
-0.00638429
-0.0452506
0.20078
0.168268
0.0674281
0.109198
-0.140327
-0.106957
0.0887706
-0.0652324
-0.0271711
0.186525
0.337636
0.00809247
-0.146193
0.0684803
-0.306465
0.110369
-0.111988
0.0284496
-0.197717
-0.12245
0.262812
0.158889
0.00777273
-0.104464
0.0183497
-0.0764338
0.199346
-0.0245127
0.205147
0.342948
-0.192374
0.156546
0.0407421
0.354367
0.133926
-0.0443384
0.0482637
0.171849
-0.299135
-0.0682715
-0.0171237
0.124843
0.183698
-0.0763419
-0.0625799
-0.0870501
0.175021
0.234308
-0.0157616
-0.0330871
0.0112193
0.164014
-0.0287502
-0.0171245
-0.217802
0.0331772
0.0289322
0.0728005
0.0804726
0.187689
0.0673412
-0.054282
0.160532
0.354397
0.00604583
-0.160273
0.131727
-0.0274417
-0.119059
0.179585
0.240169
0.134789
0.165082
0.0975486
-0.0310616
0.35702
0.159708
-0.00806434
0.159309
0.123309
0.0303209
0.167959
-0.087227
-0.0454344
0.177945
-0.142236
0.175656
-0.0441217
0.0692964
0.0520084
0.216166
0.288028
-0.00406178
0.0997247
0.247159
-0.0465206
-0.0333252
-0.00443966
0.00342364
-0.121837
0.0149999
-0.0897878
-0.0103287
-0.0173063
-0.153683
-0.197898
-0.0659
0.0100708
-0.0511799
-0.0385781
-0.123618
-0.0663374
-0.0901323
-0.0362142
-0.0452663
-0.100278
-0.104587
-0.0437437
-0.0393466
-0.145882
0.0236216
-0.0270918
-0.151886
-0.0453235
-0.0580034
-0.0941114
-0.0283595
0.0588973
-0.195262
0.0183031
-0.201675
0.00566873
0.122703
0.0201089
0.0478911
-0.177596
-0.118802
-0.0253341
-0.143303
-0.00579779
0.0805687
-0.0160932
0.0660204
-0.0699322
0.105178
-0.000187005
0.0999529
-0.114522
-0.0243224
0.102255
-0.0342486
-0.106735
-0.212913
-0.0454951
-0.195387
-0.0141212
0.00921413
-0.089051
0.0412253
0.0773411
0.0183946
0.0164761
-0.0945712
-0.0643425
0.0170386
-0.0866604
-0.106124
-0.0695907
-0.0449608
-0.18389
-0.106483
-0.0451253
0.0890497
0.057416
-0.143825
-0.0571169
-0.0600952
-0.065803
-0.116791
0.086905
-0.137321
0.096792
0.0666333
-0.120123
-0.0832846
0.0150414
0.0968178
-0.0500625
0.0553968
0.0187904
-0.187322
0.0322011
-0.0382168
-0.065339
0.133574
0.0533652
0.0193763
0.060691
0.336249
0.190038
0.0187522
0.0245713
-0.0379065
0.121963
0.0175453
0.240412
0.122624
0.171491
0.0394143
0.0609707
0.0434605
0.112996
0.451105
0.143697
-0.112147
0.0849648
-0.274202
0.242166
-0.240814
0.162993
-0.325979
-0.0413699
0.101524
0.311061
0.269755
0.178707
0.227582
-0.259091
0.0199631
0.309261
0.405797
0.564949
2.78832e-05
0.119799
-0.0766939
0.572964
-0.0498132
0.0596587
-0.0250242
0.0236305
-0.155697
0.0997576
0.214478
0.0245638
0.279109
-0.0754328
0.0433876
-0.173828
0.115475
0.187315
0.0603444
-0.317478
0.137821
0.181588
-0.119914
0.0260438
-0.198382
0.066509
0.00345666
0.376918
-0.127153
-0.0766272
0.272416
0.00349332
0.0487295
0.114983
-0.0191839
-0.180781
0.225014
0.0643583
0.0697601
0.000470406
0.195238
0.398887
0.0732922
0.271237
-0.000768703
0.202084
0.527373
0.0596062
0.396695
0.335227
-0.164522
0.0329226
0.040147
0.0174138
0.0900266
-0.101854
0.266139
0.152258
0.151719
-0.0929664
0.467923
0.444675
-0.0581397
0.24073
0.365548
0.0598629
0.143198
0.167125
0.0208651
0.0558661
0.0214208
0.0232092
0.288063
-0.149406
0.274586
0.0206634
-0.0974329
0.162886
0.180869
-0.0188606
0.232652
0.609857
0.160703
-0.0442062
-0.034298
-0.151606
0.24791
-0.135159
0.108043
-0.335903
0.049927
0.117215
0.480927
0.115842
-0.032721
0.20629
-0.254641
0.281982
0.150313
0.453375
0.388581
0.236791
-0.116054
0.0532751
0.588307
0.0490254
0.0627052
0.0394634
0.0458737
-0.263218
0.0509092
0.317021
0.165383
0.0787633
0.0798734
0.0280075
-0.140358
0.141107
0.199554
0.0553816
-0.222438
0.147263
0.0327602
-0.11142
0.125186
-0.206768
-0.078949
0.0817664
0.334665
0.0236946
-0.0450052
0.233446
0.0681377
0.102056
0.217699
0.118307
-0.141949
0.149565
-0.0662863
0.06436
0.153118
0.184638
-0.00593687
0.221838
0.3385
0.184612
0.345276
0.395451
0.300051
0.197585
0.175811
0.0916907
0.090578
-0.087545
-0.0246777
0.0535165
0.0186681
0.0342405
0.219954
0.26206
-0.0835478
0.544418
0.444994
0.0210682
0.242695
0.336425
0.191083
0.153804
0.0250058
0.229547
0.0856018
-0.0574975
-0.140654
0.280141
-0.14631
0.159024
0.0355249
0.0349223
-0.00347459
0.0710285
-0.0400675
0.118939
0.247067
0.135633
0.0322482
-0.000612887
-0.236094
0.175598
0.00113696
0.15045
-0.260819
0.0480531
0.317979
0.333304
0.239665
0.129748
0.227428
-0.134908
0.216883
0.0856968
0.393495
0.277705
0.0967325
-0.0656526
0.0807521
0.52779
0.0736832
-0.184033
0.115733
0.325748
-0.172976
-0.00846908
0.00619347
0.0928419
0.231283
-0.0536176
0.152404
-0.026552
0.304472
-0.0119616
0.121126
-0.0388426
0.101232
0.0999359
0.180173
-0.123014
-0.144322
0.0178909
-0.0632998
0.0553863
0.113112
0.102627
0.155252
0.0844946
0.177839
0.253677
0.15697
-0.139069
0.0709084
0.12633
0.136649
0.133284
0.212084
-0.00210597
0.217844
0.217275
0.0518949
0.276741
0.287539
-0.0307671
0.395522
0.0335321
0.114821
0.0565417
0.0583729
0.0970749
0.40422
-0.0428571
0.142411
-0.0147313
0.250586
-0.168905
0.0788651
0.449295
0.0864571
0.168783
0.310345
-0.0939815
-0.0564757
-0.0817321
-0.0901076
-0.13985
0.0280139
-0.161061
0.0673613
0.0673125
-0.135711
-0.116751
-0.0459127
-0.126219
-0.000899812
-0.154641
-0.0950183
0.0647562
-0.130498
-0.14381
-0.0237649
-0.0626188
-0.0949416
0.0536553
0.0470218
0.0931565
-0.00664503
-0.0617083
-0.254571
-0.22352
-0.154379
-0.0812862
-0.0426617
0.119104
-0.0906796
-0.0519775
-0.0567669
-0.133651
-0.131022
-0.0852093
0.0381699
0.0150479
0.0539056
-0.309233
0.00216423
-0.0642029
-0.153421
-0.172981
-0.0757349
0.106774
0.0886674
-0.0764047
0.121963
0.0647228
-0.118845
0.0695016
0.00707048
0.0135624
-0.169829
0.0109816
-0.0854029
0.169032
-0.0286244
-0.147804
-0.0368566
-0.0952453
-0.250531
-0.0353036
-0.155611
-0.217387
0.11545
-0.166965
0.318578
-0.152064
-0.0969547
-0.220788
-0.115489
-0.128539
-0.192832
0.0305029
-0.0910079
-0.164726
-0.0295572
-0.100856
-0.158848
-0.0138291
0.0218007
-0.0258514
-0.0623568
0.172441
-0.102004
-0.0367221
-0.150895
-0.126228
-0.0418548
0.106108
-0.0839009
-0.16357
-0.0602296
0.0569453
0.00891843
0.0720183
0.201607
0.183074
0.0553235
0.201247
0.13119
0.203253
0.180216
0.0397765
-0.0806076
0.132141
0.0777435
0.0252996
0.0685745
-0.0803187
0.177534
0.108309
0.00899052
0.0739232
0.178835
0.197651
-0.293145
0.164028
-0.0044121
-0.0110278
-0.149022
0.0436217
0.227277
0.407806
0.0152595
0.0147763
0.14094
-0.0299984
0.273782
0.144219
0.0870457
0.390974
0.0391117
0.0392181
-0.0476816
0.460387
-0.0035917
-0.0290759
-0.0331719
0.250429
-0.164271
0.0870345
-0.00249947
0.0773162
0.179903
0.14916
0.0632118
-0.0582577
-0.0285279
0.084867
0.104714
-0.102675
0.0557753
0.0199466
0.0287742
0.0266187
-0.204275
0.0730551
0.0418288
0.182859
0.00693257
-0.0489721
0.130497
-0.124703
0.260963
0.285953
-0.113001
-0.165998
0.20288
0.223526
0.00900882
-0.0215945
0.30083
-0.0062828
0.162989
0.142581
-0.0164744
0.355284
0.339333
-0.135613
0.28264
0.0622757
0.11476
-0.0344521
-0.0798444
0.0237798
0.148907
-0.166255
0.0790252
0.0306847
-0.047048
-0.0338337
0.0480239
0.32292
0.0360826
0.231461
0.271269
0.040223
0.0352064
-0.0139417
0.273099
0.295211
0.35057
0.232741
0.303668
-0.429593
0.360794
0.355655
0.215882
0.158955
-0.106803
0.192167
-0.196157
-0.0346527
0.182663
0.000433661
0.328295
0.151056
0.471199
0.00472717
-0.155004
-0.0857781
-0.384711
-0.13308
0.118513
0.0359688
-0.0699183
0.242041
-0.348076
0.280248
0.210474
-0.306702
0.0827029
0.121535
-0.0723907
0.239379
-0.0899189
0.290019
-0.0159184
0.290314
0.225264
0.311294
0.172646
-0.0563835
0.127058
-0.31525
0.262757
0.0668353
-0.539159
-0.551389
0.179812
-0.0686986
0.260386
0.303481
0.146742
0.268142
0.123947
0.0449482
0.218877
0.250877
-0.270871
0.0914092
0.245253
-0.0263906
0.092684
0.270858
0.214344
0.220781
0.0528311
0.253427
0.428953
-0.00559678
0.134054
0.0638718
0.0315312
0.232385
0.0111516
0.40479
-0.676373
0.0209194
-0.0913981
0.354186
-0.220763
-0.131986
0.245171
-0.178524
0.135803
0.124611
0.30467
-0.00225613
0.292066
-0.235978
0.0107274
-0.06242
-0.170469
0.0280553
0.0545836
0.122354
0.0876848
0.026973
0.190452
0.0851486
0.197877
0.150099
-0.0146241
0.000928175
-0.0328459
0.214817
-0.131263
0.0747926
0.0442708
-0.00357803
0.0293013
0.116768
0.270267
0.0203539
0.0178039
0.0969478
-0.232585
0.133328
0.188737
0.0349947
-0.322924
-0.119286
0.215478
0.442425
0.0658466
-0.0929385
0.182673
-0.0584282
0.208583
0.0668742
0.274317
0.413624
0.165801
-0.0356685
0.129763
0.476519
0.208924
-0.0156493
-0.0574289
0.0826584
-0.316215
0.0472025
0.0669913
-0.00282057
0.0453315
0.125317
0.144866
0.013474
0.0424701
0.207516
0.0540542
-0.117121
0.224271
0.0866694
-0.086527
0.0771828
-0.179511
0.0186222
0.0277453
0.0646864
-0.0302993
0.147715
0.050137
0.120358
0.05549
0.0624282
-0.0438278
-0.0989187
-0.0126855
0.043184
0.0802368
0.101726
0.211231
-0.03352
0.270022
0.279419
-0.0816024
0.430121
0.368618
0.0998365
0.242879
0.233917
0.0278731
0.116286
0.168212
-0.0538231
0.381146
0.0633808
0.15044
-0.0359131
0.0530775
-0.0545953
0.148524
0.293102
0.00242233
0.128916
0.283614
-0.130498
0.0397929
0.0471263
-0.183963
-0.0899627
0.150565
-0.0890739
-0.0304858
-0.157428
-0.0424973
0.00229539
-0.0165364
-0.0282286
-0.0194722
0.103349
0.0953226
-0.0779471
-0.0260016
-0.0864091
-0.0726905
0.067351
0.045652
0.155743
-0.074411
-0.128469
0.00818673
-0.0861827
-0.0108577
-0.0547206
-0.0411502
0.111115
-0.111493
-0.104464
-0.0154005
-0.188494
-0.0210941
0.0892672
0.0106354
-0.0671839
-0.171429
-0.0177261
0.00161779
-0.0102825
-0.102666
-0.0409387
0.125033
-0.00542808
-0.0830656
0.034664
0.0619082
0.0441002
-0.082356
-0.0336203
-0.103751
0.0255794
0.0202014
0.0398262
0.119201
-0.0906097
-0.020911
-0.0126241
-0.0560354
-0.0505261
-0.0377274
-0.0910019
0.0579159
-0.173088
0.0863947
0.0400211
-0.0911736
-0.00899849
-0.0900502
0.0678548
-0.0650693
0.063009
-0.164811
0.0783954
-0.0383742
-0.0586104
0.0475958
0.0190848
-0.085901
-0.0152065
-0.0821592
0.000396536
-0.0720459
0.00644099
0.0217411
-0.00498076
-0.0495773
-0.0117151
-0.0578344
-0.0663236
0.0219314
0.151894
-0.0530835
0.0243252
0.102801
0.0737972
-0.0460457
0.078432
0.0901357
0.168627
0.117668
0.064285
-0.0715665
0.0791214
0.0951773
0.228877
-0.244749
0.25125
-0.0306494
0.0701918
-0.131014
0.101479
0.176432
0.14381
0.192597
0.0493879
0.192902
0.219231
-0.171541
0.114905
0.133168
0.0394879
-0.207726
-0.0530638
0.18644
0.377748
0.0358869
0.0943543
0.018618
-0.148615
-0.0196595
-0.000430006
0.155785
0.226951
0.0801504
0.00782285
0.00599378
0.467734
0.0675216
0.0272105
0.170094
0.266769
-0.0947215
0.0447026
0.0486965
0.027059
0.338471
-0.0688852
0.0722158
-0.0356583
0.174837
0.126712
0.155917
-0.296548
0.110224
0.193359
-0.125276
-0.0837013
-0.0662107
-0.067502
-0.058343
0.0720812
0.0792484
-0.0735931
-0.0583907
-0.025227
0.0654822
0.296993
-0.0388556
-0.0749567
0.180525
0.0826181
0.0542161
0.106473
0.175015
0.0320888
0.199595
0.0220552
-0.0707231
0.146742
0.414809
-0.00389653
0.361253
0.152266
0.0711906
0.124953
-0.0832148
-0.18089
0.145993
0.137203
-0.0615855
-0.0460063
0.157012
0.0535847
0.0911357
0.244693
0.101595
0.225993
0.248572
-0.118332
0.125536
-0.0582557
-0.0772366
0.0368203
-0.0519775
-0.0437942
-0.0271147
0.017062
0.0813996
-0.165207
-0.0191883
-0.0789034
0.134771
0.0211471
-0.0253663
0.065432
-0.124445
-0.0056788
0.167799
-0.0435941
0.109224
-0.196554
-0.110609
0.0736533
-0.0275145
0.0274818
-0.111962
0.0365769
0.0310593
0.0752792
-0.0909964
0.0433914
-0.0966558
0.0158161
-0.0908832
0.103415
-0.107109
0.0600237
-0.0049816
0.142904
0.125891
0.0256268
-0.0330561
-0.0776558
-0.0722444
-0.189004
0.0995253
-0.10408
-0.10065
-0.0523939
0.0172478
-0.177347
-0.0943107
-0.204316
0.0814284
0.0402878
0.0372674
0.0357864
-0.129123
-0.0522944
0.0737804
-0.0762824
-0.0457823
-0.0901969
-0.0487257
0.030509
-0.0550417
-0.176173
-0.0659627
-0.0124395
0.0620972
-0.0646595
0.123765
-0.0167375
-0.0183473
-0.0299823
0.0808444
0.0737854
-0.118876
-0.0768978
-0.0504273
0.0313301
0.0892554
-0.00506668
0.0771207
0.0434792
-0.0667063
-0.00259174
0.0293105
0.0831365
0.112302
0.0197384
-0.098026
-0.127799
-0.141656
0.0311009
0.15672
0.063189
-0.00513037
0.0798701
-0.198017
-0.105439
-0.0537094
0.0510182
-0.0611831
-0.178676
-0.0794714
-0.179292
0.0471106
-0.0367769
-0.0946477
-0.0194213
-0.282052
-0.0620731
-0.0314477
0.0967824
0.113686
-0.19745
-0.043313
-0.158539
0.0535351
-0.15344
0.219818
0.0595049
0.0812212
0.12724
-0.00850555
-0.0312782
0.0234718
0.0402023
-0.195576
0.0153607
-0.115569
-0.156833
-0.0192211
-0.0616395
-0.0210219
-0.10281
-0.224974
-0.034633
-0.00962959
-0.147686
-0.256645
-0.0170937
-0.129899
-0.0998507
-0.079387
-0.17351
0.0427583
-0.130605
0.122388
0.143312
0.137897
-0.330254
-0.183038
-0.0308098
-0.350951
0.0437021
-0.101079
-0.0491618
0.174181
0.040577
0.0392732
0.157826
-0.305529
0.0286464
-0.0328936
-0.0593747
-0.097049
-0.198247
-0.278148
0.269103
0.0203291
-0.271064
-0.161135
-0.290764
0.0989082
-0.158547
0.00637636
0.149885
-0.316083
0.199101
-0.0824416
0.0848544
-0.0991461
-0.117208
0.0289112
-0.064848
0.211437
-0.0847915
-0.149782
-0.0122699
-0.0904257
0.0647203
0.107776
-0.038912
-0.0487407
-0.00943744
-0.0690361
-0.195709
0.0463649
0.0937297
0.136946
0.155616
0.159075
-0.0556073
-0.0183061
-0.121202
0.134848
-0.0725373
0.088638
0.147101
0.187875
-0.000934987
0.05878
0.00778336
0.265875
0.422039
-0.0497215
-0.128657
0.0783545
-0.251991
0.0998835
0.0701654
-0.0387224
-0.201549
-0.0755588
0.209612
0.308317
0.167821
-0.0163804
-0.0081147
-0.156871
0.186305
0.00313539
0.271109
0.425933
0.147629
-0.0921442
0.072264
0.544324
0.0559608
0.0945912
0.208488
0.110944
-0.184797
0.0472848
0.116655
0.0597971
0.280178
-0.080638
-0.0377601
-0.241808
-3.53676e-05
0.230586
0.0413399
-0.048715
0.20193
0.159627
-0.00319994
0.216194
-0.259713
-0.00833054
-0.0191889
0.0447264
0.0817167
-0.020983
0.16469
0.00818619
0.00912238
0.199027
0.134369
-0.00291075
0.0532874
0.162501
0.120349
0.246354
0.206619
-0.0821276
0.287664
0.245823
0.0381086
0.398447
0.453585
0.166121
0.225776
0.14486
0.0667687
-0.0586578
0.0372413
0.12629
0.210069
-0.0895358
0.216975
0.0152281
0.138602
-0.165184
0.252517
0.310576
0.0910539
0.257149
0.310856
-0.0367436
0.190552
-0.327338
-0.209052
-0.08646
-0.0613636
0.0600565
0.0100646
0.0546141
-0.118155
-0.12946
0.0321352
-0.00534389
-0.181558
0.193638
-0.0607733
-0.0343129
-0.14936
0.0262176
-0.123529
0.3584
0.0432871
0.015369
0.102459
0.390669
0.170219
0.0447981
-0.252611
-0.0479834
-0.151535
-0.0357881
0.054908
-0.103674
-0.278449
-0.259682
-0.109476
-0.0621506
0.00335945
-0.000344787
-0.195075
-0.0154536
0.0252462
0.0130593
-0.087319
-0.166476
-0.012587
-0.136356
0.0846845
0.046137
-0.0151296
-0.128532
0.188301
-0.0968929
-0.0232735
0.0882504
0.12624
-0.00561586
-0.168042
-0.0642392
-0.221849
0.54434
0.182782
0.0998206
-0.0363004
0.0092543
0.0192035
-0.40785
0.0145285
0.147029
-0.0650962
-0.00757632
0.370086
-0.235073
0.133475
-0.0396567
-0.0815562
-0.0405592
-0.128097
0.0328435
-0.130478
0.104307
-0.233055
-0.303843
-0.124762
-0.0468531
-0.100452
0.0146015
0.039316
0.105566
-0.00312409
0.0395123
-0.00201268
-0.0562314
-0.278372
-0.20543
0.213911
-0.110915
-0.0957724
-0.0751031
-0.227243
0.0710526
0.143701
0.131806
0.125595
0.123975
-0.0783572
0.0743477
0.145853
0.133978
-0.0691087
0.291631
0.109104
0.114206
-0.0697576
-0.0184375
-0.00364637
0.0943222
0.354964
-0.0319103
0.16307
-0.00124394
-0.178868
0.0524155
-0.06959
0.205832
-0.148729
0.147952
0.370808
0.275659
0.227881
0.0380705
0.205384
-0.105082
0.146912
-0.0069003
0.167077
0.336591
0.178972
0.0231182
0.087933
0.46971
0.091932
0.116198
0.0551943
0.275404
-0.25198
0.0544304
0.0951492
0.198223
0.233036
0.0228158
0.0266718
-0.156217
0.312238
0.136194
0.00170765
-0.18913
0.0270541
-0.00546169
0.135455
-0.0906826
-0.157396
0.0903705
0.0218149
0.0467771
-0.136856
0.0707208
0.117726
0.0841859
0.122382
0.361497
0.159842
-0.214146
0.0722333
-0.0428469
0.052143
0.204534
0.225362
-0.107766
0.297163
0.190393
-0.047131
0.405903
0.200221
0.0612652
0.39368
0.168856
0.00667752
0.0480794
0.0784145
0.0978318
0.209416
-0.119779
0.0140315
0.147193
0.133681
0.103563
0.0972049
0.369855
0.225613
0.231335
0.279075
0.226321
0.191915
0.157721
-0.0902563
-0.00698932
0.0513649
0.117736
0.0919011
-0.126966
0.203715
-0.0681675
0.200281
0.137559
-0.120587
-0.0187025
0.320601
0.113151
0.0871602
0.195799
0.192546
-0.180553
0.0907135
0.14026
0.113948
-0.216159
0.0567038
0.238581
0.244951
-0.00565658
-0.0921793
0.115161
-0.272988
0.142926
0.140489
0.341148
0.338737
0.0845098
0.119462
-0.0281184
0.277217
0.020831
-0.167706
-0.170592
0.0808862
-0.3523
0.0166735
-0.0339548
0.0682574
0.172256
0.138101
-0.185113
-0.0801493
0.112495
0.17776
0.045843
-0.0724524
0.201219
0.144471
0.0209621
0.114907
-0.180435
0.151052
0.0780863
0.161725
0.0672288
-0.0705078
0.0439131
0.0371415
0.144432
0.159911
-0.0374008
0.0477345
0.177937
0.110228
0.0754903
0.0172643
0.174366
0.0435713
0.106758
0.0677498
0.0217148
0.274821
0.327887
-0.157579
0.371579
0.106742
0.0119817
0.145379
0.0897917
0.111862
0.0143677
-0.0299816
0.0334887
0.0378336
0.12069
0.0956533
0.117127
0.347297
0.0168468
0.154688
0.274739
0.0748518
0.260233
0.266252
0.259429
0.135295
0.189779
-0.0679466
0.257389
0.0319788
0.261588
0.160329
0.15387
-0.138632
0.114425
0.0883679
0.103027
0.330618
0.0842719
0.0923176
0.0208023
-0.133518
0.0999873
-0.0731627
0.0619804
-0.215012
0.0795036
0.246767
0.170248
0.0517585
0.154964
0.0872311
-0.215358
0.0134655
0.0525391
0.284152
0.354617
-0.0417172
-0.0313912
-0.0159578
0.515322
0.232677
0.0347568
0.0567801
0.0434004
-0.358243
-0.00994592
-0.0029768
0.126886
0.0606291
-0.0339209
-0.0514396
-0.0139526
0.275169
0.212647
0.0215475
-0.163394
0.180235
0.193404
0.0810718
0.08442
-0.179829
0.0801407
-0.0453585
0.0908574
-0.174917
0.159091
0.0456495
-0.0725227
0.0747173
0.24603
0.0107222
-0.166828
-0.0373154
-0.0825764
0.0903246
0.157774
0.190295
0.104151
0.187567
0.154644
0.0442396
0.240787
0.435949
0.177909
0.195335
0.133961
-0.0119092
0.234372
-0.070126
-0.0371251
0.358525
-0.0684252
-0.0292751
-0.056269
0.055251
0.0599248
0.305646
0.251009
0.264612
0.215122
0.283709
-0.115395
-0.360826
0.0838417
0.0607449
-0.0508335
-0.0479714
-0.0618025
-0.0456579
0.316978
-0.108556
0.152856
0.0398983
0.0744596
0.0960514
0.0253311
0.116565
0.127424
0.120505
-0.00550967
0.0639573
0.275681
-0.358716
0.204976
0.112803
0.269105
0.493381
-0.0785863
0.0692916
-0.134892
-0.0406801
-0.217831
0.388079
0.0786847
0.174318
0.0966159
0.0934832
-0.0381188
-0.00674182
0.119458
0.158936
0.0323243
-0.052226
0.0192849
-0.108455
0.296798
-0.103941
0.118716
0.0466959
0.0785769
-0.0321131
0.218706
0.347595
0.217834
-0.26136
0.0723511
0.160591
-0.0830287
-0.102722
-0.00749882
0.0537584
0.137597
-0.051258
0.0725712
0.0617588
0.0239825
-0.005244
0.153984
0.0818608
-0.00543043
-0.402286
0.0823788
0.390085
0.210737
-0.0318701
0.0566883
-0.120442
0.0176487
-0.0628161
-0.0561779
-0.0261917
-0.20363
0.320324
0.0816055
0.145851
-0.0862294
0.185144
0.146372
-0.0536154
0.209132
0.044847
0.0783898
0.140905
0.0395009
0.094722
0.169146
-0.0131285
-0.0215775
0.141756
-0.0552393
-0.0554379
0.143468
0.104307
0.0813133
0.254558
-0.0981079
0.155982
0.0706586
0.147316
0.266953
-0.072828
0.293157
0.0476151
0.155377
0.0393442
0.0279969
0.0645372
0.0920481
0.277411
0.101498
-0.104909
-0.0238852
-0.222971
0.108779
0.0674737
-0.0778791
-0.319159
-0.141132
0.2791
0.393179
0.197484
-0.0898774
0.151394
-0.256132
0.00298706
0.107522
0.431129
0.353281
-0.00787103
0.10807
0.219027
0.421633
-0.029566
0.0121199
0.0835189
0.338575
-0.199255
0.142544
0.0322612
0.0929841
0.0880596
0.00894236
0.0980558
-0.0107077
0.365183
0.0912175
-0.141523
-0.239617
0.149124
0.0388378
0.134816
0.0271981
-0.184376
0.178129
-0.0566178
0.124183
0.0971587
0.0367379
0.10253
0.0805541
0.139314
0.175395
-0.0354349
-0.103944
0.0025875
0.253634
0.136283
0.296685
0.0688705
-0.0567964
0.207576
0.157757
-0.00869343
0.234028
0.223013
0.112683
0.27821
0.0644825
0.236964
-0.0257348
0.0889129
0.00293219
0.044446
-0.119486
0.106276
0.160994
0.0303285
-0.18669
0.216571
0.256839
0.234729
0.192504
0.29188
-0.0199023
-0.000195554
-0.122703
-0.0764633
0.100265
-0.0570246
-0.0213635
-0.105801
-0.15079
-0.0700976
-0.0590368
-0.0854217
0.014044
0.0542315
-0.130532
-0.00503577
0.07994
-0.187292
-0.0973784
0.029602
-0.126841
0.26392
-0.154959
0.138112
-0.168447
-0.196731
-0.0653364
-0.0513631
0.150784
0.00689083
0.0699211
0.00167374
-0.00998786
-0.0480334
-0.27798
-0.00894823
-0.00510337
0.0454447
-0.0660027
-0.12249
0.0901529
0.0777431
-0.00752233
-0.0822948
-0.0641938
-0.053749
-0.124309
-0.0499368
-0.288961
0.0829733
-0.0895353
-0.189764
-0.344961
0.0274912
0.0297592
0.03885
-0.0705089
-0.0918481
0.125844
0.0425365
0.140893
0.108377
0.12008
-0.0254951
-0.0153418
0.107994
-0.159917
0.103514
0.114147
-0.0818864
-0.0549415
-0.134515
-0.0249803
0.0449045
-0.191099
0.062936
0.249957
0.154592
0.0200791
-0.0919798
-0.018698
-0.444613
-0.0104253
-0.148676
0.141036
0.162239
-0.055228
-0.11217
-0.0927672
-0.0510163
0.0333128
0.207352
0.0125469
0.0377085
-0.180693
-0.0187375
-0.23384
-0.177369
0.128203
-0.0845817
0.0358708
-0.087832
-0.0478683
-0.1036
-0.134954
-0.116433
0.170055
0.00689288
-0.0183882
0.0353969
0.0396755
0.0265023
0.0780367
0.0876479
-0.0225481
-0.0760695
0.0295395
-0.058807
0.0338454
-0.10018
0.115812
0.063418
-0.139196
-0.008666
0.0927423
-0.0704539
-0.12256
0.0970535
-0.0037358
-0.0354458
0.0833996
-0.01856
-0.161277
0.136365
-0.114563
-0.0847886
-0.145145
-0.0790065
-0.0213309
-0.122642
-0.111197
0.00351037
0.0230262
-0.00149768
-0.0616908
0.0328889
0.0849851
0.0932559
0.0597948
-0.00347133
-0.0827811
-0.0689236
0.00548882
0.0192526
-0.159302
-0.0868203
-0.0416314
-0.00402086
-0.207084
-0.178997
-0.10313
0.0706841
-0.121053
0.0303919
0.0819418
0.130082
0.0761391
0.154397
0.120055
0.0374163
-0.0955346
0.0371041
0.0217501
0.0331007
0.00524831
0.0263722
-0.105436
0.0548656
-0.0328698
0.157784
-0.0705185
0.0276112
-0.124656
-0.122672
0.106781
-0.0447716
-0.0736527
-0.139814
0.109651
-0.0753078
-0.0505714
-0.0681276
0.0126777
-0.142922
0.0213829
0.152202
-0.0201494
0.00617705
0.0964772
0.0239688
0.0191077
0.0765089
-0.104214
-0.00265952
-0.125315
-0.0432395
-0.0227144
-0.0480178
0.15478
-0.101126
0.00860725
-0.0524477
-0.0605465
-0.104003
-0.0622247
-0.124657
0.051087
0.122136
0.010711
-0.0771413
0.0570026
-0.192039
-0.0438556
-0.108862
0.0963429
-0.12018
0.142807
-0.0348023
-0.0064037
0.0337508
0.125537
0.0134726
0.00473833
-0.00583668
-0.0259639
0.0218049
-0.0468072
-0.00359635
-0.138192
0.0523118
-0.0670701
-0.144453
-0.0825069
-0.0379347
0.00631091
-0.0717499
0.0108389
-0.128151
0.00380948
0.15406
-0.0814918
-0.0719727
-0.0278619
-0.0242019
-0.165894
-0.00694835
0.12632
-0.10556
-0.11083
-0.0131722
0.0534661
-0.0259294
0.0179304
0.0126124
0.0995018
0.144179
-0.105702
0.00222259
-0.106749
0.0016574
0.0374758
0.0596059
0.0720533
0.0493719
0.0754574
-0.10963
-0.0518395
0.15212
0.0239309
0.0719498
-0.128422
0.0013212
0.0984219
-0.137423
-0.0272245
0.1096
-0.00817625
0.033075
-0.0470214
0.0601322
0.0871104
-0.176092
-0.0191401
-0.0181885
0.021638
-0.132499
0.0190361
0.0720333
-0.130732
-0.221858
-0.106284
-0.11124
0.0758289
0.187899
0.166047
0.125219
0.0477083
0.088386
-0.046166
-0.0725734
0.145758
-0.22758
0.19459
0.0854907
0.0522346
-0.0865528
0.144412
0.172747
0.0953128
0.0703233
-0.0590249
0.0490867
0.137208
0.00469441
0.139094
-0.0998922
-0.072586
-0.243724
-0.0498374
0.102772
0.347591
0.283679
-0.0219368
0.10863
-0.0388725
0.128696
0.0177523
0.173918
0.283867
0.0714439
0.0197818
0.0777036
0.292762
0.101752
-0.0513899
-0.130697
0.28388
-0.069155
0.144986
0.0994212
-0.0167042
0.225207
0.0966514
-0.156956
-0.118314
0.102268
0.0989111
0.228339
-0.1007
0.222039
0.168291
-0.0153986
-0.0118888
-0.134541
0.204769
0.0429033
0.172729
0.153038
0.10967
0.0701511
-0.00956082
-0.0284768
0.0640197
0.0745807
-0.0353352
0.0378517
0.0913541
0.136752
-0.0651717
0.0184144
0.0263587
0.196514
0.105204
-0.00631921
0.375426
0.457606
0.00447333
0.247418
0.12783
0.26976
0.0687776
-0.124228
0.0781851
0.209239
-0.155107
0.0232662
0.0979519
0.0786075
-0.136243
0.206649
0.250885
0.128357
0.254905
0.26893
0.302172
0.316021
0.190688
0.102467
-0.0303344
0.0724441
-0.00472572
0.107039
-0.200286
0.166196
0.0684829
0.090642
0.0447473
0.110765
0.0419368
0.149068
0.437903
0.193924
-0.0574954
0.100478
-0.153096
0.0883819
0.109267
0.116014
-0.147226
0.0620758
0.415964
0.263073
0.121115
-0.0658044
0.130509
-0.248807
0.147241
0.15916
0.31892
0.238826
0.272423
-0.0468245
0.18028
0.362895
-0.0853298
0.176481
-0.0600681
0.217117
-0.301324
0.0160579
0.0634686
-0.00710198
0.126138
0.0550435
-0.00305852
-0.0572974
0.0741963
0.168161
0.00214999
-0.18427
0.166222
0.124524
0.0814094
-0.0295414
-0.267918
0.0935547
0.079299
0.0279314
0.207756
0.0799384
0.189048
0.108914
0.145907
0.333576
0.0405112
-0.132549
0.074937
0.180967
0.0257227
0.0897972
0.0139441
0.117837
0.12663
0.30299
0.275132
0.257748
0.478714
0.0769863
0.262062
0.13698
0.128967
0.108535
0.152689
0.13852
0.38344
-0.10371
0.0874213
-0.00401383
0.154679
0.0688103
0.0608592
0.182099
0.130679
0.322661
0.332002
0.118501
0.169038
0.217359
0.0722555
0.112332
-0.033666
0.0553233
0.139859
0.045821
0.24985
0.0374084
0.0360798
0.125006
-0.0826496
0.0554086
0.133263
0.171377
0.104352
0.112541
0.0464453
-0.0108949
0.209097
-0.0357561
0.236476
-0.180741
0.12803
0.334683
0.336681
-0.0478147
0.119733
0.155843
-0.106237
0.0468652
0.0639886
0.304603
0.322604
-0.00856628
-0.0659593
-0.0813222
0.309365
-0.0705879
-0.0928337
0.0933186
0.207731
-0.121325
0.168672
0.209973
0.140643
0.188018
0.185912
0.0839602
-0.11804
0.0290282
0.201972
0.136527
-0.23408
0.0876817
-0.00783372
0.0609338
0.0631759
-0.119307
-0.00076435
0.147559
0.115167
0.0236742
0.0315765
-0.0196414
0.0294292
-0.0558581
0.232824
-0.030631
-0.184732
0.168504
-0.0812774
-0.147975
0.242085
0.0651295
-0.0788868
0.218659
0.00928395
-0.048393
0.409525
0.492019
-0.00754224
0.191514
0.176348
0.0531081
-0.00618488
0.113306
-0.0129247
0.158709
-0.137308
-0.0412712
-0.0387873
0.201458
-0.0395591
0.16408
0.244698
0.11286
0.104216
0.278522
-0.103716
0.0115247
-0.17227
0.071192
0.00317146
-0.0326963
-0.0290846
0.0271942
-0.0362771
0.103688
0.161416
-0.0245664
0.109281
0.117926
0.118095
-0.108694
-0.00587663
0.0488076
-0.0110153
-0.018502
-0.0909679
0.0898047
0.0769817
0.0526821
-0.05683
0.0793366
-0.243267
-0.0496507
0.0521806
0.144412
0.0231827
-0.299503
-0.114838
-0.0514503
-0.131256
-0.0806603
0.127015
0.0767629
0.164453
-0.315338
-0.125241
-0.0114089
0.0948435
-0.101107
0.401214
0.114907
0.0124796
-0.0878738
-0.298118
-0.0382322
0.0518438
-0.281139
-0.08202
0.0247305
0.107834
-0.00280696
0.00613963
0.0936482
0.197571
0.104312
-0.0980476
-0.121884
-0.0654293
0.00551296
-0.048864
0.00725172
-0.107438
0.0835572
0.136616
0.219115
-0.0905339
-0.0553174
0.0288566
-0.186869
0.0562596
-0.178544
-0.191894
-0.0131529
0.033423
0.0186
-0.0855053
-0.44486
-0.242891
0.276949
0.114954
-0.117442
-0.222465
-0.0478355
-0.101853
-0.00394861
-0.0267161
0.118722
0.0300703
-0.0636441
-0.102558
-0.00207952
0.0874667
-0.0608627
0.0657683
0.271315
-0.0519042
0.134075
0.116634
0.119816
0.0293591
0.171055
-0.00852843
0.104261
0.272805
0.0652506
0.166543
0.0670758
0.278749
0.124064
0.0805
0.0558128
0.0962974
0.205158
0.0697752
0.161566
0.173912
-0.249719
0.035725
-0.026844
0.00896019
-0.257776
0.00245913
0.247021
0.231704
0.119632
0.0512067
0.305466
-0.226714
0.0776971
0.0920556
0.314523
0.254355
-0.00319073
-0.0108361
0.0372004
0.226943
-0.0266332
-0.0211439
0.0169038
0.341104
-0.162445
-0.0142892
0.0586025
-0.00841353
0.0492235
0.199185
-0.104101
-0.203427
0.301122
0.114105
0.0325577
-0.0833754
0.176481
0.0161925
0.0637761
-0.0134584
-0.178521
0.0150064
-0.0381064
0.0650907
0.0222584
0.0216409
0.0588333
0.0245373
-0.0517736
0.0586527
-0.132786
0.0925524
0.116568
0.045665
-0.0576206
0.14509
0.121861
-0.0553528
0.35369
-0.0365782
0.119403
0.340451
0.391624
0.108256
0.151519
-0.0112087
0.056268
0.215786
0.0681388
0.111475
0.322049
-0.085527
-0.0499097
0.151348
-0.0262136
-0.164521
0.15742
0.313121
0.191068
0.255076
0.280981
0.128522
0.134627
0.044873
0.240068
0.0371334
-0.0780338
-0.0791903
0.231539
-0.116586
0.168283
0.0493062
0.164796
0.169642
0.0620909
0.047896
0.0357411
0.176511
0.117726
-0.0472208
0.151856
-0.222361
0.187224
0.0723528
0.0498449
-0.134143
-0.119307
0.283851
0.266639
0.132502
0.000473914
0.0939998
-0.128956
0.212943
0.102965
0.29855
0.429942
0.0840012
0.0295033
0.0741953
0.554509
-0.0241984
-0.000153556
-0.0864099
0.0884437
-0.208049
0.128356
0.0944399
0.127725
0.116215
0.105232
0.0449837
-0.159552
0.0402874
0.120181
0.165902
-0.0637869
0.102234
0.000731573
0.0256313
-0.0111644
-0.218969
0.0831582
-0.0288292
0.0568734
-0.0163005
0.0992649
0.190895
-0.103641
-0.0524134
0.38412
0.0833358
-0.230141
0.0403353
0.13957
0.0573271
0.0872638
0.128833
-0.0436092
0.134223
-0.0603916
0.0995823
0.140623
0.24532
0.0595865
0.13411
0.196319
0.131608
-0.00309019
-0.00395328
-0.135764
0.238022
-0.0396111
0.0662044
-0.0992001
0.102345
-0.146437
0.0946639
0.296965
0.181876
0.320329
0.270632
0.205199
0.343059
0.022813
0.0644387
0.0793238
-0.0701545
0.134728
0.109541
-0.111852
0.325042
-0.0282242
0.0737299
-0.107384
0.0325445
0.122059
0.198087
0.168204
0.124636
0.142388
0.060365
-0.169812
0.238394
0.0691983
0.0439044
-0.237573
-0.0733646
0.0817258
0.337598
0.0427526
-0.0325043
0.285198
-0.158697
-0.0256548
0.00831085
0.284999
0.391734
0.0717157
0.00720576
0.088659
0.337633
0.0495617
-0.146061
-0.0174864
0.0943705
-0.151324
0.00823635
0.035893
0.14389
0.189147
0.072177
0.128253
-0.171433
0.213831
0.0527819
0.0382841
-0.218148
0.149604
-0.000339805
-0.0431266
0.0436543
-0.225821
-0.0288243
0.0527009
0.0487674
0.231549
-0.0802114
-0.0272464
0.013788
0.0613954
0.214769
0.0323298
0.0402979
0.0252557
0.112002
0.156133
0.0866181
0.244981
0.00632788
0.113587
-0.0376314
0.237802
0.333947
0.246639
0.0714507
0.269814
0.117067
0.177644
0.0780697
0.0816685
0.0446587
0.350717
-0.133512
0.18181
0.154395
-0.0530651
-0.191719
0.150266
0.352995
0.15665
0.264764
0.290354
-0.0832974
0.000913928
-0.0683381
-0.140217
0.038659
-0.00862348
-0.0512471
-0.229798
-0.175275
0.060711
0.0162082
-0.146147
-0.0983245
-0.11236
-0.0380936
-0.143239
-0.057839
-0.016789
-0.0442174
0.0548065
-0.053486
0.0446128
-0.0144877
0.0498029
0.154061
0.140862
0.0768717
0.0311782
0.0938596
-0.186322
0.000999977
0.113334
-0.015192
-0.0664526
0.113815
-0.067862
0.0770106
0.047921
-0.109211
-0.0751323
-0.0748897
-0.134407
-0.106102
-0.0362327
-0.0375129
0.148235
-0.0616677
-0.0476392
0.0527058
-0.100032
-0.117939
0.0595488
0.0172612
-0.0129491
0.00468936
0.0383613
0.0397598
0.0628693
0.115664
0.167989
-0.0795339
0.128872
-0.0629091
0.0829352
-0.101939
0.0161716
-0.0233587
-0.0459225
-0.118415
-0.120994
-0.0953507
0.215153
-0.205296
-0.121713
-0.0719135
-0.119722
0.0804171
0.0558893
0.0306296
-0.0108435
-0.0485736
0.13629
-0.0879458
-0.0278455
0.0469136
-0.0229268
-0.132104
-0.0421043
-0.0901596
0.106515
-0.0803626
0.0668286
0.00248965
-0.0293717
0.0878699
-0.146623
-0.0250303
0.0295289
-0.0694637
-0.0776582
0.0622707
0.215595
0.164047
0.241284
-0.00387969
0.0686837
-0.0535488
0.0645484
0.25403
-0.00407309
0.210909
0.0441235
0.155918
-0.0904269
0.100428
0.17386
0.312006
0.353716
0.165202
0.0595779
0.0395953
-0.166477
0.117298
-0.0657055
-0.0519441
-0.198918
0.0174055
0.25211
0.366879
0.221529
0.119481
0.269531
-0.00272502
0.0936633
0.0608571
0.403207
0.409623
0.00257153
0.0562752
0.138795
0.550423
0.0135168
0.128312
0.0982978
0.155151
-0.183771
0.276584
-0.00911485
0.206912
0.382122
0.0529536
-0.0699583
-0.23224
0.200454
0.188496
0.0286689
0.000345673
0.155997
0.137805
0.0450897
-0.135054
-0.0924087
0.0969036
0.0517474
0.0857723
0.0676425
0.149312
0.0117992
-0.0756381
0.26439
0.093027
0.0326444
-0.111148
0.102063
0.127189
0.0718936
0.19772
0.250901
-0.062411
0.205722
0.0926512
0.0197963
0.227483
0.362918
0.00455157
0.117369
0.107638
0.0175277
0.051852
-0.0892202
-0.0344028
0.16567
-0.122247
0.0760877
0.056187
0.042907
-0.0993304
0.14304
0.42793
0.116458
0.21567
0.312433
-0.112334
-0.084396
0.0275261
0.122569
-0.0191154
-0.122662
0.0273261
-0.0721811
-0.0179868
-0.205056
0.130754
-0.106987
0.036058
0.0919123
0.00774404
-0.0372703
-0.206266
-0.139822
-0.00551953
-0.0907432
-0.00594343
0.0487219
0.0492064
0.044293
-0.0603714
-0.149608
0.0720286
-0.225325
0.140552
-0.179933
-0.0777984
-0.0530481
0.0570564
0.0145305
0.0806297
-0.052603
0.0293206
0.099037
0.0342335
0.0309332
-0.0580854
-0.000415577
0.109862
-0.0561397
-0.0330572
-0.0399155
-0.151092
-0.0894797
-0.106781
0.00625227
0.103055
-0.142534
0.0431493
0.123886
-0.0456999
0.144329
0.0476961
-0.0830519
0.0108368
-0.0825102
0.0927813
-0.0871911
-0.0528779
0.0505118
-0.0195232
-0.0980583
0.0276108
0.0380204
0.106926
0.0168919
-0.100786
-0.0889622
0.00459702
0.0909726
-0.171563
-0.121784
0.0688133
-0.0298371
0.0319271
-0.0897322
-0.130169
0.0386497
0.021304
0.173163
-0.121081
-0.084436
-0.0242892
0.0484434
-0.141285
0.141175
-0.0892968
-0.0609547
-0.156916
0.0711723
-0.0404403
-0.170291
0.0941338
0.138542
0.0481074
0.00444555
0.0735058
0.0308709
-0.0276254
-0.050137
-0.213226
-0.127965
-0.0539139
-0.114362
-0.0199612
-0.205626
-0.0718309
-0.109905
-0.105123
-0.0874061
-0.174008
0.0321284
-0.0848737
-0.115056
-0.20567
0.0653612
-0.107826
-0.11845
0.163428
0.0226822
-0.153753
-0.135406
-0.175264
0.0702497
-0.100026
-0.276957
-0.161071
0.0241253
-0.118786
0.122246
-0.0819699
-0.16089
-0.0190725
-0.0912789
-0.121356
-0.0224896
0.0665544
-0.232921
0.149611
-0.132084
-0.173176
-0.0457305
0.0593741
-0.227186
0.0443541
-0.289976
-0.0466425
0.00544489
0.0891031
-0.269693
0.113585
0.0592312
-0.078572
-0.0685627
-0.269971
0.0391248
-0.0407493
0.110908
0.0662983
-0.054825
0.0833533
-0.154752
-0.162067
-0.210743
-0.116323
-0.0950709
0.0217383
0.017545
-0.141696
-0.105219
-0.0251211
-0.144543
-0.156705
-0.102708
-0.0338681
-0.0750897
-0.144617
-0.0941673
-0.0120676
-0.150488
-0.0259607
-0.113873
-0.11348
0.0420352
-0.228524
0.0751624
0.0410539
0.0388266
-0.0240031
-0.0186965
-0.133067
-0.129256
-0.140553
-0.135381
-0.0700763
-0.0290626
-0.114107
0.0503848
0.0764743
0.126882
0.232221
0.104229
0.125473
-0.0104442
-0.0044395
0.154386
-0.110516
0.264727
0.0722159
0.135286
-0.152435
-0.0361659
0.0889629
0.0561076
0.554884
0.145408
-0.0701583
-0.0382326
-0.100797
0.1141
-0.175245
-0.00360525
-0.232317
-0.0573337
0.193361
0.348206
0.179628
-0.0706168
0.369556
-0.307909
0.196782
0.0601016
0.419084
0.339495
0.12136
-0.14824
0.142945
0.467717
0.00546704
0.0179566
0.0975912
0.188648
-0.18629
0.106716
0.0573502
-0.0349401
0.17995
0.143116
0.132488
-0.125283
0.209341
0.126222
0.0190575
-0.0677059
0.0833401
0.0870494
-0.000942611
0.0662443
-0.2937
0.0422958
-0.0255878
0.298564
0.0345153
-0.122492
0.288586
-0.0877546
0.0781312
0.178344
0.096145
-0.145668
0.243989
0.205737
0.25195
0.137581
0.148629
0.0318461
0.0549183
0.301637
0.254688
0.210478
0.531983
0.0597609
0.240498
0.2335
0.0896564
-0.0910828
0.0127701
0.016802
0.397138
-0.131007
0.0637976
0.20842
0.33198
-0.0980264
0.35791
0.521719
0.129779
0.307562
0.317124
-0.0700169
0.00358342
-0.0201513
0.00226485
-0.216649
-0.0091259
-0.227825
-0.0758663
0.025289
0.0694253
-0.110674
-0.0310309
-0.179086
-0.163856
-0.0497057
-0.0157439
-0.144915
-0.0528149
-0.0262832
-0.00397096
0.032703
0.0686288
-0.214566
-0.0906968
-0.00460118
0.0824754
0.079786
0.0186397
-0.00261285
0.0185236
-0.0577515
-0.0363382
-0.149055
-0.171919
-0.0186902
0.130543
0.000899
0.0609404
0.00724032
0.110274
-0.0387736
0.104675
-0.0637491
-0.15963
-0.058363
0.0986857
-0.112479
-0.222552
-0.0189497
0.056272
0.125935
0.0971908
-0.107023
-0.0361239
-0.12149
-0.118597
-0.0730846
-0.172458
-0.00902082
-0.196159
0.0180279
0.0157707
-0.0215992
-0.000518044
-0.206619
-0.0109783
-0.126257
0.021402
-0.0261869
-0.0778389
-0.185696
-0.0292504
-0.0464304
0.0168357
-0.0719743
0.00459417
0.0264755
-0.111198
0.0253673
-0.195759
-0.0861511
-0.0591736
0.100382
-0.200761
-0.109019
0.0269945
-0.111447
0.133383
-0.081239
-0.212714
0.0956892
-0.172738
0.121135
0.0380889
0.0593827
0.0919078
-0.143704
-0.132933
-0.0644846
-0.0213072
0.0697876
-0.102915
-0.115143
0.00311725
0.1657
-0.0119529
0.130817
-0.107916
0.12265
-0.108301
0.0757087
0.0246307
0.00110277
-0.0213937
-0.111592
0.0998702
-0.0360849
0.06817
-0.0856227
-0.0374018
-0.14024
-0.179587
-0.0669826
-0.0197858
0.0884838
0.0120561
-0.0265807
-0.0883453
0.0534849
0.0357519
0.102949
-0.151687
-0.0764442
-0.0170335
0.0574123
-0.143042
0.0647216
-0.0927211
0.180235
-0.111922
-0.163258
-0.041442
-0.0536124
-0.0850498
0.00550563
0.114841
0.0811532
0.0130208
0.0279261
-0.0884374
-0.0406849
-0.126387
-0.175112
-0.047637
0.0772132
-0.0496036
-0.0936076
-0.00283717
0.10769
0.0753229
-0.0322926
-0.0634781
0.0139546
0.0141192
-0.0175419
-0.100921
0.101372
0.0159453
-0.0379786
0.02336
0.0875465
0.0764576
-0.0358229
-0.0773773
0.0681282
-0.00438172
0.147008
0.0534233
-0.00335375
-0.0677768
0.111103
-0.123911
0.156732
0.0228061
0.077434
-0.00130356
-0.0820551
-0.0457366
-0.159461
-0.00908964
-0.0605545
-0.0293206
0.0165253
0.0482159
-0.150612
-0.0959153
0.0129907
0.0428126
-0.0837111
-0.195509
-0.110222
0.0791147
-0.0889754
-0.0162178
0.0826218
0.0481994
0.109345
0.0685245
0.125607
0.34253
-0.0388227
-0.155732
0.0948922
-0.0925417
0.187904
0.0576619
0.0297128
0.236168
0.206594
0.28551
-0.0810461
0.161993
-0.480381
0.0967397
-0.0617818
0.0757299
-0.0791633
-0.201129
0.142321
-0.0916997
0.162182
0.200064
0.0864255
-0.0839514
0.137213
0.00591004
-0.0380235
-0.0493611
0.157553
0.433318
0.133316
-0.000704368
0.137496
0.123928
0.227867
-0.0132562
0.327207
-0.0658334
0.0244441
0.1579
-0.0124562
-0.0420575
0.292261
1.0
0.0
-1.0
0.0
1.0
1.0
0.0
1.0
0.0
1.0
-20.0
1.0
-1.0
0.0
