2
1
1
500
-0.601472
-0.118416
-0.0146055
-0.16802
-0.2369
-0.00207405
-0.168305
-0.162799
-0.0114772
-0.40256
-0.263072
-0.00446583
-0.205406
-0.192187
-0.0302083
-0.583398
0.0256587
4.43202
-0.510218
-0.430028
-0.00931901
-0.23148
-0.230649
-0.0110297
-0.873512
-0.740832
-0.0249051
-0.389048
-2.27387
0.00547898
-0.431711
-0.138111
-0.0348544
0.0246503
0.00848855
-0.397598
-0.197307
-0.0342615
-0.0126088
-0.0539556
-0.00920563
-0.031168
-0.180632
-0.157698
-0.0124782
-0.497536
-0.728313
-0.0359775
-0.512484
-0.876032
-0.00621305
-0.144858
-1.78675
-0.00735877
-0.202185
-0.214574
-0.011277
-0.113125
-0.228654
-0.00113596
-0.312482
-0.230846
-0.041912
-0.233917
-0.184496
-0.00469896
-0.387497
-0.341402
-0.00815236
-0.0211655
-0.655279
3.53143
-0.44278
-0.402809
-0.00832562
0.00886155
-5.98241
0.764561
-0.227609
-0.127537
-0.0250476
-0.125135
-0.201448
-0.0191446
-0.318814
-0.167776
-0.00131207
-0.253553
-0.0451016
-0.0251711
-0.200883
-0.0240669
-0.00214075
-0.322667
-3.2663
0.142774
0.0341548
-0.00230233
-0.340437
-0.175271
-0.121839
-0.00285674
-0.0964971
0.0645457
-0.643567
-0.704986
-0.301517
-0.000567206
-0.206685
-0.182478
-0.0381849
-0.553092
-0.18771
-0.00673336
-0.598862
-0.315479
-0.000480063
-0.226778
-0.0388814
-0.0210737
-0.221206
-0.209369
-0.0254414
-0.500973
-0.556624
-0.00632115
-0.278079
-0.0764725
-0.0157582
-0.0509154
-0.974962
-0.012632
-0.169166
-0.399046
-0.0413688
0.00156314
0.0143989
-0.341179
-0.0703026
0.0246007
-0.277043
-0.765143
-0.0146109
4.37149
-0.930326
-1.51835
-0.0275115
-0.305299
-0.209502
-0.0263962
-0.143485
-0.15217
-0.00399891
-0.263808
-0.357637
-0.00891816
-0.061274
-0.166782
-0.00166674
-0.435618
-0.289354
-0.0286376
-0.401407
-0.426861
-0.0218965
-1.61646
-0.34954
0.228919
-0.164064
-0.00178452
-0.00135053
-0.094852
0.00320259
-0.0360673
-0.712627
-0.241624
-0.000173726
-0.0605057
-7.32453
0.809991
-0.151104
-0.212804
-0.0139623
-0.588361
-0.106849
-0.00720569
-0.375619
-0.268023
-0.00692305
-0.168381
-0.251757
-0.0353322
-0.181439
-0.043812
-0.00821117
-0.226056
-0.198327
-0.0118428
-0.19307
-0.0147528
-0.0298277
-1.02438
-0.350013
-0.00609918
-0.211403
-0.0474626
-0.0124391
-0.0908005
-1.63379
-0.0125172
-0.555566
-0.461309
-0.0116679
-0.985326
-1.0562
-0.000133149
-0.22608
-0.136379
-0.016683
-0.454995
-0.110575
-0.00396584
-0.179988
-0.235385
-0.00293355
0.0268734
0.00142473
-0.307617
-0.0650901
0.00382864
-0.0525329
0.00501726
-0.781182
5.1417
-0.498801
-0.237373
-0.00810424
-0.127419
-0.274531
-0.0290916
-1.863
-0.00433253
3.52201
-0.781162
-1.48486
-0.010441
0.0379688
-0.00157156
-0.408019
-0.13194
-0.186235
-0.0353231
-0.173534
-0.190761
-0.011242
-0.212866
-0.142724
-0.0208627
-0.0900519
-0.424384
-0.0337927
-0.340397
-0.0665043
-0.0183036
-0.190089
-0.196733
-0.0183408
-0.258324
-0.167882
-0.0254405
-1.03917
-0.849438
-0.0134545
-0.0920682
-0.00191827
-0.0355323
-0.108654
-0.501101
-0.0321595
-0.360122
-0.184243
-0.0125621
-0.256573
-0.113562
-0.0084094
-0.0583265
-0.00953882
-0.0278382
-0.370397
-0.0114949
-0.00130815
-0.239566
-0.0394343
-0.01527
-0.755871
-0.441132
-0.0215911
-0.180257
0.000194588
-0.00882654
-0.920907
-0.743106
-0.000159278
-0.0362312
-0.383256
-0.00269144
-0.292066
-0.188673
-0.0278361
-0.390131
-0.178647
-0.0214237
-0.0514546
0.00132092
-0.0312961
-1.48825
-1.39621
0.589516
-0.0666083
0.034136
-0.342636
-0.210866
-0.0413485
-0.0298581
-0.171168
-0.0744246
-0.00206667
-0.105337
-0.194771
-0.00486619
-0.0246582
-0.347727
-0.0362162
-0.0979555
-0.186113
-0.00112238
-0.366339
-0.153684
-0.0232367
-0.185195
-0.183105
-0.0317258
0.0316427
-0.0170097
-0.354308
-0.0808324
0.0197053
-0.243751
-0.7925
-0.65163
-9.80009e-05
-0.0380513
-1.81099
2.37767
-0.238666
-0.0388948
-0.0126285
-0.0990931
-0.278176
-0.0312289
-0.173399
-0.0354643
-0.0110299
-0.140713
-0.12993
-0.00692813
-0.714551
-0.554531
-0.00148028
-0.467913
-0.796654
-0.0408706
-0.0938018
-0.0337309
-0.022399
-0.102924
0.0336213
-0.370537
-0.131897
-0.17338
-0.0238585
-0.269379
-0.22909
-0.0125011
-0.450387
-0.452313
-0.00249318
-0.446077
-0.0973082
-0.00654432
-0.122516
-0.0167939
-0.00223551
-0.925612
-0.767955
-0.0292742
-0.273421
-0.0675815
-0.00961728
-0.202979
-0.34004
-0.0280181
-0.00670028
-1.2013
3.16752
0.0113675
-1.0554
2.99196
-1.1629
-0.474952
-0.00909245
-0.678646
-0.554152
-0.000623485
-0.234109
-0.181171
-0.0309805
-0.750289
-0.117988
-0.0115583
-0.151604
-0.926167
-0.00693582
-0.482686
-0.00873027
-0.0308637
-0.253934
-0.099213
-0.00888393
-0.207866
-0.190566
-0.0344778
0.0258921
-1.85973
2.57405
-0.486095
-0.133855
-0.0139815
-0.566197
-0.732978
-0.0189972
-0.772935
-0.638564
-0.0130821
-3.06942
0.0850766
1.01212
-0.276281
-0.0462564
-0.0114045
-0.402453
-0.450859
-0.00732497
-0.47563
-0.185413
-0.00666816
-0.284688
-0.240608
-0.00580594
-0.423963
-0.0769427
-0.0270074
-0.170127
-0.292425
-0.0412647
-0.307335
-0.0306985
-0.0046027
-0.199738
-0.19544
-0.0102053
-0.406525
0.0003546
-0.0398483
-0.17581
-0.257512
-0.0271805
-0.00484832
-4.77607
1.62902
-0.563925
-0.128638
-0.00637973
-0.347033
-0.138451
-0.0320249
-0.195929
-0.255722
-0.0278151
-0.842785
-0.278088
-0.0120714
1.08161
0.169539
1.17157
-0.20953
-0.245146
-0.0225867
-0.0573964
0.0263283
-0.286384
-0.0480737
0.00139422
-0.0238413
-0.138764
-0.286307
-0.0100544
-1.17311
-1.00405
1.01713
0.0150824
-1.22097
2.90472
-0.106813
-0.192279
-0.00497816
0.043652
-5.35227
0.526776
-0.0855971
0.0411553
-0.450581
-0.12422
-0.103941
-0.0198546
-0.316891
-0.240684
-0.0164706
-0.0642193
0.00377334
-0.362055
-0.166346
-0.295965
-0.00462497
-0.206119
-0.363307
-0.0296618
-0.23283
-0.174065
-0.0137502
-1.00743
-0.435907
-0.0168062
-0.108521
-1.53356
-0.0033062
-0.149216
-0.202892
-0.0320337
-0.212131
-0.148345
-0.00765187
-0.680407
-0.560013
-0.00165697
-0.677104
-0.527697
-0.00862484
-0.322714
-2.43087
0.183119
-0.0866526
-0.235816
-0.00512468
-0.276273
-0.30341
-0.00827865
-0.136137
-0.100407
-0.0286109
-0.161552
-0.174317
-0.0198411
-0.118295
-0.0831428
-0.00043082
-0.107963
0.0613136
-0.641487
-0.104047
-0.34673
-0.000475878
-0.111987
-0.0072919
-0.000266167
-0.0983898
-0.371773
-0.00248061
-0.626866
-1.60446
-0.0297804
-1.01112
-0.395535
-0.0173406
-0.431841
-0.0522531
-0.0260961
-1.49869
-0.513714
-0.00080993
-0.139876
-0.281341
-0.0241217
-0.406443
-0.105854
-0.033643
-0.127331
-0.170494
-0.00494562
-0.54407
-0.125581
-0.0132816
-0.313201
-0.199832
-0.00154029
-0.18449
-0.274723
-0.0303949
-0.600346
-0.416655
-0.0126463
-0.707633
-0.663018
-0.00658406
-0.50087
-0.267163
-0.00261287
-0.262637
-0.0976472
-0.0206098
-0.0742314
0.0180332
-0.228585
-0.472586
-0.251845
-0.00128822
-0.178531
-0.217484
-0.00348122
-0.121464
-0.0114847
-0.0185085
-0.26358
-0.0354539
-0.00961433
-0.26533
-0.0208947
-0.00999827
-0.0856551
-0.133606
-0.00235714
-0.229808
-0.0585196
-0.0127933
-0.264617
-0.0956891
-0.0284261
-0.0934174
-0.83898
-0.0033181
-1.31601
-0.507186
-0.0148936
-0.101302
-0.221256
-0.0300437
-0.0442213
-0.0178385
-0.168614
-0.108481
-1.64541
-0.006031
-0.158686
-0.27296
-0.0175503
-0.167771
-0.669296
-0.0105415
0.0169178
-2.13224
2.28182
-0.18501
-0.0490493
-0.0209565
-0.173749
-0.263243
-0.0202948
-0.220711
-0.183246
-0.0128042
-0.464547
-0.211445
-0.0356244
-0.693802
-0.662764
-0.00535573
-0.743634
-0.725637
-0.00304198
-0.182895
-0.282116
-0.0169108
-0.126057
0.0246556
-0.302862
-0.188347
-0.290381
-0.0377018
-0.116443
-0.174455
-0.00768238
-0.578849
-0.866171
-0.00685936
-0.065488
-0.175386
-0.0375573
-0.285214
-0.165173
-0.0262723
0.0337729
-0.0144536
-0.375376
-1.15538
-0.117828
-0.0412932
-0.121796
-0.548305
-0.028969
-0.238546
-0.125137
-0.00408843
-0.599867
-0.73974
-0.000710266
-0.261571
-0.169585
-0.00861942
-0.706735
-0.0917944
-0.0192216
-0.612909
-0.276426
-0.0131777
-1.14143
-0.803678
-0.0445122
-0.622322
-0.0942489
-0.0312527
-0.131625
-0.111293
-0.0186301
-0.245704
-0.208379
-0.0291245
-0.387705
-0.10111
-0.0163364
-0.120758
-0.178474
-0.00594067
-0.169544
-0.118121
-0.0267296
-0.455324
-0.0945755
-0.0170957
-0.161625
-0.176042
-0.00776983
-0.300453
-0.0621077
-0.0013756
-0.59154
-0.187524
-0.0093609
-0.0733654
-0.202869
-0.000238543
-0.349358
-0.177858
-0.00452367
-0.196131
-0.0352053
-0.00570327
-0.082291
-0.133138
-0.0091723
-0.107367
-0.200027
-0.0358962
-0.135441
-1.15044
-0.0163799
-0.90612
-0.15831
-0.0175142
-0.453654
-0.0578066
-0.00486672
-0.0489456
0.00337108
-0.0653284
-0.175829
-0.141859
-0.010491
0.00395671
-0.670752
5.23443
-0.371264
-1.55145
-0.0262366
-0.107935
-0.198346
-0.00055854
-0.197064
-0.0289546
-0.00104478
-0.4726
-0.80411
-0.0300753
-0.206294
-0.110821
-0.00610582
-0.68773
-0.347281
-1.18951e-05
-0.00833991
-1.08953
2.78916
-0.219745
-0.200621
-0.0245966
-0.589863
-1.2836
-0.0172562
-0.0511496
-0.266406
-0.00061385
-0.204804
-0.193393
-0.0113529
-0.687521
-0.356869
-0.0106521
-0.191759
-0.12725
-0.0118283
-0.40488
-0.145225
-0.0385728
-1.44607
-0.434146
-0.00680338
-0.446268
-0.143684
-0.00364369
-0.237744
-0.0237731
-0.0239257
-0.344831
-0.164038
-0.015641
-0.478857
-0.68693
-0.0306545
-2.1913
-0.781484
0.593041
-0.335357
-0.138174
-0.0329753
-0.392231
-0.402296
-0.0108528
-0.154174
-0.212011
-0.00289453
-0.869713
-0.717351
-0.00525586
-1.4378
-0.835445
1.0027
-0.0196266
-0.189044
-0.0391353
-0.371532
-0.199785
-0.00544867
-0.511092
0.000755849
3.98968
-0.206045
-0.242162
-0.0300426
-0.489727
-0.508692
-0.00607037
-0.1901
-0.21066
-0.00989875
-0.224015
-0.272783
-0.0229702
-0.460107
-0.29954
-0.0365509
-0.00533925
-0.520531
-0.0297123
-0.136207
-0.11118
-0.0132922
-0.437115
-0.588162
-0.00411755
-0.162158
-0.0821611
-0.00839937
-0.243045
-0.0851626
-0.00600196
-0.439553
-0.401765
-0.0115159
-0.23439
-0.106139
-0.0109136
0.000939221
-0.939705
3.73307
-0.267791
-0.199631
-0.00102402
-0.713242
-0.520508
-0.00471713
-0.263441
-0.0264667
-0.00877356
-0.831105
-0.435765
-0.0212772
-0.186236
-0.0421907
-0.000733296
-0.207827
-0.206927
-0.031601
-0.561801
0.00584766
4.37567
0.00269371
-1.08079
2.77208
-0.562094
-0.340333
-0.0170378
-1.0563
-1.05255
-0.0391681
-0.519192
-0.000439989
-0.055137
-0.0330764
-0.143113
-0.0104814
-0.239173
-0.120895
-0.00278529
-0.221814
-0.30646
-0.0193751
-0.456625
-0.437935
-0.0043626
-0.235699
-0.139866
-0.0243215
-0.142137
-2.84734
-0.0201714
-0.908705
-0.139659
-0.0399735
-0.303527
-0.111676
-0.00843005
-0.0520005
0.00213449
-0.0215269
-0.213455
-0.172503
-0.000103941
-0.228633
-0.0564879
-0.00670283
-0.363975
-0.400809
-0.0198823
-0.0491522
0.00354212
-0.353672
-0.115308
-0.784895
-0.0233944
-0.0525955
-0.000217709
-0.0049841
-0.336484
-0.188426
-0.0396299
-0.22752
-0.0560167
-0.00593489
-0.245762
-0.123727
-0.0239639
-0.331372
-0.656501
-0.00260079
-0.511319
-0.333332
-0.0334842
-0.309092
-0.123911
-0.00934329
-0.139471
-0.317505
-0.0137547
-0.663032
-0.65892
-0.00803655
-0.88335
-0.648241
-0.0119945
-0.616745
-0.44061
-0.00646207
-0.271087
-0.211048
-0.025594
-0.208343
-0.147122
-0.0329616
-0.418282
-0.0143813
-0.0100675
-0.541684
-0.106296
-0.0130536
-0.276195
-0.118548
-0.0144952
-0.13819
-0.124304
-0.0122305
-0.916951
-0.431445
-0.0314798
-0.847408
-1.88563
0.0547601
-0.12041
-0.332747
-0.0264121
-0.133974
-0.904766
-0.00347591
-0.459968
-1.4368
0.77829
-0.533412
-0.106872
-0.0301104
-1.47673
-0.182553
-0.00412038
-0.160485
-0.230899
-0.00719811
-0.620383
-0.342674
-0.0152696
-0.226771
-0.0513044
-0.0145977
-0.139539
-0.153052
-0.000711116
-0.56446
-0.166429
-0.00351398
-0.0669405
0.0042902
-0.0454025
-0.673527
-0.0239297
4.0685
-0.495944
-0.249427
-0.00190379
-0.1009
-0.214267
-0.0255102
-0.194813
-0.0266124
-0.00912233
-0.14897
-0.740187
-0.0173705
-0.178693
0.00333757
-0.0623765
-0.0200044
-0.0469863
-0.000522437
-0.759689
-0.423904
-0.00106058
-0.334033
-0.215456
-0.0333146
-0.135483
-0.250327
-0.0217734
-0.0101453
-0.316461
-0.00801414
-0.331373
-0.0889636
-0.0277411
-0.770205
-0.433813
-0.0260165
-0.206515
-0.193177
-0.01477
-0.18942
-0.175603
-0.00859305
-0.783095
-0.948576
-0.0028344
-0.286125
-0.0375118
-0.021829
-0.0654075
-0.0200681
-0.147063
-0.830273
-0.596574
-0.0223508
-0.908666
-0.556504
-0.0218377
-0.790631
-0.454048
-0.0102727
-0.1506
-0.235602
-0.020591
-0.167461
-0.151587
-0.0222523
-0.102971
0.0415346
-0.463671
-0.0066783
-0.0951824
-0.00625303
-0.750112
-0.534694
-0.00504927
-0.959611
-0.811596
-0.0186295
-0.105571
-0.021265
-0.00271799
-0.102714
-0.208923
-0.00452422
-0.151528
-0.175589
-0.0156665
-0.400381
-0.0312645
-0.0174582
-1.01687
-0.15357
-0.00441554
-0.731915
-0.739898
-0.0248621
-0.104165
-0.346666
-0.000425861
-0.0672484
0.0115237
-0.182815
-0.754992
-1.73445
1.00818
-0.405421
-0.00773015
-0.00202202
-0.0449109
-0.0109088
-0.00216005
-0.256554
-0.0665876
-0.00250969
-0.242506
-0.110101
-0.0109749
-0.414082
-0.237601
-0.00626168
-0.586725
-0.474428
-0.0110212
0.0163933
-0.840051
4.36996
-0.0111781
-1.86988
0.23007
-0.80368
-0.682181
-0.00254843
-0.46997
-0.36364
-0.0327764
0.00935573
-0.555087
4.86494
-0.776031
-0.462618
-0.00207794
-0.116909
-0.223776
-0.0295044
-0.197084
-0.335314
-0.0383965
-0.253375
-0.200231
-0.00312837
-0.0763249
-0.362335
-0.0311348
-0.0181163
-1.65615
2.5455
-0.164446
-0.0756662
-0.0108503
-0.168595
-0.205272
-0.014737
-0.16101
0.000391069
-0.0180169
-0.192397
0.00242823
-0.0279876
-0.238941
-0.105966
-0.0180668
-0.736917
-0.59303
-0.00365841
-0.116302
-1.55002
-0.00411615
-0.129805
-0.407557
-0.00534183
-0.225497
-0.203617
-0.0180715
-0.302818
-0.278802
-0.0400651
-0.782234
-0.0344354
3.25613
-0.602441
-0.694974
-0.030608
-0.551564
-0.696032
-0.0163942
-1.0239
-0.561232
-0.0057174
-0.111044
-0.639024
-0.014606
-0.172024
-0.123284
-0.0151627
-0.191233
-0.17703
-0.020992
-0.0366493
-0.196306
-0.0209157
-0.190229
-0.117869
-0.0223253
-0.843575
-0.453413
-0.0211182
-0.146331
-1.74616
-0.0119179
-0.0469677
-4.30232
0.672161
-0.0659063
0.0204365
-0.234862
-0.754821
-0.605677
-0.0224392
-0.210199
-0.205102
-0.0134783
-0.277269
-0.232891
-0.0314426
-0.151036
-0.151502
-0.0362276
-0.49154
-0.13183
-0.00231095
-0.639809
-0.35726
-0.024147
-0.160994
-0.249141
-0.0143777
0.000929137
-0.955952
3.61943
-0.196841
-0.135358
-0.0134982
-0.0807057
-0.000522343
-0.00912806
-1.16066
-0.846072
-0.0176596
0.0243361
-0.0133512
-0.242146
-0.0990352
-0.0138812
-0.0106732
-0.770319
-0.421922
-0.0185425
-0.609939
-0.0100144
-0.0209537
-0.874299
-0.756231
-0.017381
-0.0606812
0.018319
-0.189123
-0.346201
-0.255083
-0.0326927
-0.151483
-0.118749
-0.00209861
-0.207659
-0.186425
-0.0296909
-0.31279
-0.160594
-0.00916028
-0.0852167
0.0228944
-0.28415
-0.588281
-0.45026
-0.0118454
-0.240445
-0.121578
-0.0174854
-0.177269
-0.0797529
-0.0194612
0.0330548
0.00371416
-0.38755
-0.194917
-0.0496319
-0.0143515
-0.184373
-0.146191
-0.00592644
-0.244096
-0.175179
-0.0319187
-0.156275
-1.17124
-0.0155567
-0.512799
-0.190932
-0.0168192
-0.000714194
-0.69515
3.62384
-1.08672
0.0143593
4.19088
-0.273134
-0.117865
-0.00524779
-0.123854
-0.276469
-0.0301897
-0.377331
-0.0600331
-0.00393623
-0.213161
-0.267542
-0.028476
-0.859523
-0.13819
-0.0251354
-0.236526
-0.177194
-0.0410268
-0.0856337
0.0223243
-0.284874
-0.238823
-0.112207
-0.0220427
-0.100402
-0.457934
-0.00656369
-0.644981
-0.85829
-0.00605106
-0.706329
-0.421093
-0.0193367
-0.0595741
0.0270926
-0.306598
-0.139599
-0.166331
-0.0248514
-0.81503
-0.704343
-0.00016989
-0.167977
-0.0309391
-0.00394264
-0.406317
-0.124594
-0.00398625
-0.282747
-0.0498854
-0.0282194
-0.0826777
-0.000884156
-0.015735
-0.115958
-0.250906
-0.00492962
-0.0824726
-1.23175
-0.000182277
-0.165914
-0.280285
-0.031256
-0.255038
-0.277005
-0.0178327
-0.256239
-0.176899
-0.0237674
-0.397914
-0.0891235
-0.00988942
-0.431467
-0.113669
-0.0012782
0.000678699
-0.00172252
0.0200258
0.0272624
0.00546901
0.746701
0.0183079
-0.0286535
0.0113708
-0.0087583
-0.00048535
-0.012119
-0.0478711
-0.0311955
-0.0242234
-0.0165401
-0.00570868
-0.00430736
-0.0232947
-0.00961629
-0.00622024
-0.00410626
0.0155798
-0.733766
0.00281585
-0.194229
-0.0374738
-0.0176989
-0.0269709
0.0140443
-0.0379465
-0.128366
-0.0236019
-0.00246061
-0.0622775
0.028257
-0.0191252
0.0386821
0.0488489
-0.0564525
-0.0296118
0.0133818
0.0152727
-0.0424881
-0.0386119
-0.0119877
-0.00814231
-0.93838
0.0353205
0.0170258
-0.00346304
0.016299
-0.00731921
0.0381533
0.0191689
0.316484
-0.0370417
-0.0116161
0.10371
-0.207787
-0.0146061
0.0217293
0.00574493
0.00843994
0.0216957
0.0229611
0.034119
0.0542231
-0.0288565
0.03881
0.0242571
0.0241333
-0.00574327
-0.0185993
0.0266469
-0.0161699
-0.0022773
4.29153
-0.0112807
-0.0644437
-0.67127
-0.0383731
-0.0334983
-0.0170534
-0.00957711
0.0290204
0.024886
0.0179357
-0.00659372
0.0294614
-0.00424875
0.0265662
-0.0981083
-0.0113592
-0.0030584
0.00432571
-0.0188089
0.0850084
0.0142934
-0.046606
0.0224928
-0.00157908
0.0269493
0.0205675
0.00168864
-0.110118
-0.00429762
-0.0138944
-0.00732834
-0.00233727
0.0135337
-0.00242287
0.0207062
0.0122521
-0.0146319
-0.0141652
0.0513634
0.422235
-0.0248367
-0.0438485
-0.0101843
0.000536833
0.103379
0.0181585
0.000943185
-0.0119904
-0.028849
-0.0418347
0.0168116
0.0127005
0.0268014
0.0745796
-0.0568097
0.0164283
-1.1057
-0.653108
0.222308
0.0845184
-0.0109117
0.00292102
0.0716583
-0.0478437
-0.060585
-0.0218089
0.624903
0.0403371
0.00461896
0.0467306
0.140789
-0.0932269
0.0304301
0.00369672
-0.00358872
-0.0141155
-0.00283236
0.0282003
-0.00573475
-0.00693562
0.00156388
-0.279475
-0.0207118
0.00967823
-0.0138279
-0.0163954
0.401841
0.0172755
-0.00288128
0.000754448
-0.0161282
0.313225
-0.786448
-0.0020019
-0.129354
-0.0225543
0.0143075
0.00027006
-0.000337975
-0.116579
-0.0860916
-0.0103494
0.0289826
0.00537848
-0.0214683
0.00252902
0.074188
0.0614844
-0.226793
-0.00513773
0.0235789
0.0316056
0.0282786
0.000101827
-0.0270507
-0.0383951
-0.0108858
-0.0437232
0.045125
-0.00604885
-0.02892
0.00939794
-0.0808126
0.0337288
0.00077415
-0.00616272
0.00131326
-0.0363234
0.057137
0.00748982
-0.00919519
-0.0410678
-0.0102367
-0.0212212
-0.0122321
-0.0131956
0.016893
0.000533705
-0.000553601
-0.038504
-0.0396478
-0.00802056
0.353738
0.0125819
0.0281213
0.0318428
0.0071005
0.0163892
0.52463
-0.0234816
0.0212078
-0.00919138
0.028654
0.0217286
0.0711475
-0.0177215
4.62986e-05
-0.020467
-0.000553396
-0.0222169
-0.0195248
-0.0186704
-0.0201632
0.0116523
-0.0324717
0.00931347
0.0271531
-0.00484718
-0.0028571
0.0124876
0.0271419
0.00897124
0.00357555
-0.0222516
0.0209631
0.000180151
-0.00728097
-0.0263282
-0.00328322
0.0381479
0.0223255
0.00566385
-0.0292844
-0.0384782
-0.0395969
-0.034136
0.0284166
0.00147917
-0.0297372
0.00191656
0.019288
-4.6493
0.00591671
-0.000938396
-0.024599
0.0169709
-0.00414565
0.112336
-0.498716
0.0274438
0.0132407
0.0133421
-0.0242817
0.0756156
0.0195728
0.029528
0.133227
0.0119668
-0.0721776
0.0171149
0.00976759
0.14256
-0.0339097
-0.0054093
-0.0116379
0.0613635
0.00779611
0.0172039
-0.0247679
0.30212
-0.0761127
0.0204156
-0.00263442
0.0127747
0.0253644
-0.00481871
-0.0036137
0.0165342
0.0178494
-0.0201034
-0.00126813
-0.0464516
2.10936
-0.0145244
0.046985
0.0300929
0.0921965
0.0307924
0.0196345
0.652177
-0.455393
0.0179938
-0.0275159
-0.00321408
0.0127291
0.0130653
-0.0492958
0.00946438
-0.0386936
0.00736832
0.00853245
0.00819507
-3.42762e-05
-0.00342065
0.00883934
0.0203453
-0.00204829
-0.111616
3.74768e-05
0.0185198
0.0111645
-0.0113445
0.00629459
0.0140414
0.0102991
-0.0151781
0.0305852
0.0658006
0.0513753
0.0172365
0.0302371
-0.0412016
0.00722582
-0.011675
0.000134602
0.0378364
0.00232711
0.00509696
-0.0619813
-0.280016
-0.0137454
-0.0333174
0.0302587
0.0672491
-0.0169618
-0.00266491
-0.0215625
-0.000186254
-0.528967
-0.0169355
0.0233577
-0.0328853
0.0384858
0.00306836
-0.000503201
0.0907983
0.035332
0.016895
0.0811054
-0.00632673
0.00397926
-0.00220897
0.0155963
0.0228278
-0.0226938
0.026163
0.136574
0.0202991
0.0282843
0.0100009
0.00869351
-0.0277747
-0.0052979
0.0199119
0.0300187
-0.00109261
-0.000479976
-0.0138683
0.00793262
0.177024
-0.0202521
-0.0381341
-0.000244697
-0.0571462
-0.0393974
0.00203847
-0.105623
-0.00823638
-0.00591516
0.00360704
-2.88475
-0.00720887
0.0437399
-0.0184295
2.62258
0.0804502
0.0255238
-0.0998921
-0.0214034
-0.00306738
0.465966
0.0135301
-0.0127049
-0.0355343
-0.052455
0.0036964
0.0367864
0.0172356
0.0321284
-0.0252241
0.024942
0.108711
0.0368836
-0.0103263
0.116435
-0.0276157
0.00560322
0.0124137
-0.0345913
-0.0115319
0.0270419
-0.0146453
-0.0939299
-0.0061311
0.0666573
-0.01155
0.0246103
-0.0251552
0.00454091
-0.0228748
-0.00156976
1.78653
0.0126004
0.000310711
0.013173
-0.00152145
-0.0076463
0.0411669
-0.0335745
-0.00646848
-0.00416612
0.0321136
-0.0143077
0.0137302
0.0145297
-0.00520718
0.01146
-0.000175371
0.0183928
-0.0215677
0.0100443
0.00689528
-0.0181739
-0.0548526
-0.0196121
-0.955451
0.959185
0.0220582
-0.04949
0.0194946
0.0187682
0.040125
0.0189406
-0.0087258
-0.00819774
0.0339738
0.0250847
0.0753203
-0.00320907
-0.0226067
0.0216498
0.0470324
0.0063707
0.0168047
0.000176244
0.0422579
0.0123208
0.0106384
0.0259336
0.00556134
-0.0143923
0.00860755
2.14912
