2
1
1
100
-0.283216
-0.219524
-0.00781048
-0.215841
-0.304988
1.09021
-1.65135
0.114078
0.761641
-0.605356
-0.387565
0.0974517
-0.297733
-0.446726
0.55582
-0.311427
-0.599734
0.449554
-1.11791
-0.0587783
1.17564
-0.170625
-0.0799437
2.4556
-0.273269
-0.0918629
-0.00438795
-0.16791
-0.0840506
2.46567
-2.04284
0.105592
-0.35508
-0.13388
-0.139274
1.39553
-0.150978
-0.0829487
2.28684
-0.0108054
-0.461647
1.95655
-0.00503975
-0.358779
2.52663
-0.446626
-0.202698
0.121761
0.00255996
-0.378915
2.06058
-0.367221
-0.31911
0.211201
-0.111612
-0.10243
2.0872
-0.782488
-0.548885
0.103326
-0.206372
-0.23065
-0.0031886
-0.646994
0.00249801
2.81939
-0.0874775
-0.617128
0.95985
-0.842067
-0.035178
1.67301
-0.119812
-0.103322
2.18122
-0.272486
-0.246913
0.0486918
-0.145901
-0.0963403
2.37012
-0.374212
-0.536144
0.581787
-0.330114
-0.182909
-0.0027064
0.0624361
-1.16359
1.26724
-0.265897
-0.524203
0.844079
-0.00245971
-0.402827
1.96462
-0.869525
-0.60333
0.145642
-0.165781
-0.0775022
2.4668
0.00338769
-0.379395
1.94477
-0.387137
-0.30147
0.158444
-0.0766381
-0.100027
-0.0166383
-0.155651
-0.0906463
2.41291
0.00416425
-0.430882
2.05818
-0.147055
-0.0999477
2.42097
0.00966894
-0.510521
2.02523
-0.0455549
-0.522679
1.28504
-0.377619
-0.139823
-0.00354326
0.000388054
-0.326701
2.50686
-0.567451
0.00988734
2.89445
-0.363573
-0.459471
0.165898
-0.361527
-0.397985
0.183736
0.417847
-0.369526
0.314936
-0.656219
-0.25919
0.0956688
-1.13292
-0.209622
0.0161914
-0.00264589
-0.321854
1.68322
-0.365205
-0.209428
-0.00531964
-0.772256
-0.382281
0.33937
-0.141883
-0.330488
0.745479
-0.0278767
-0.894718
1.30168
-0.832411
0.0274503
1.57429
-0.57552
-0.159823
-0.00536935
-0.168707
-0.0803363
2.43896
-0.125612
-0.105875
2.26501
-0.908654
-0.0634878
1.49874
0.402865
-0.424762
-0.534413
-0.541583
-0.310412
0.328394
-0.0292878
-0.373574
1.71345
-0.442685
0.00038388
3.196
-0.000325929
-0.339776
2.87251
-0.166697
-0.0845541
2.45875
-0.155089
-0.0924409
2.41498
0.0557687
-0.87739
1.5565
-0.500317
-0.265961
0.321763
-0.0313136
-0.582646
1.44951
-0.464122
-0.316251
0.725769
-0.524903
-0.432908
0.18712
-0.158243
-0.0863952
2.39618
-0.481356
-0.529238
0.0668174
-0.264469
-0.781783
0.418599
0.00807436
-0.531674
2.00818
0.0091871
-0.355089
1.94839
-0.397273
0.000806681
3.15746
-0.170759
-0.0770924
2.42419
-0.00302577
-0.305363
2.23606
-0.744597
-0.144132
0.125018
-0.455588
-0.585292
-0.0109785
-0.657223
-0.0145781
1.696
-0.433873
-0.243198
-0.0342149
-0.377825
-0.0033489
3.20082
-1.26949
0.0788885
1.3944
-0.177066
-0.0599851
2.31845
0.0206645
-0.383438
2.04445
-0.0772528
-0.660083
1.2352
0.0841071
-1.55469
0.788154
-0.0421708
-0.639318
1.28694
-0.168864
-0.0827301
2.4627
-0.0476109
-0.594784
1.46137
-0.00589217
-0.421116
2.04422
-0.141259
-0.0969566
2.32934
0.000323249
-0.360332
2.94474
-0.613866
-0.369276
0.387608
-0.441632
-0.452464
0.526054
-0.423051
-0.151593
-0.00449472
-0.14735
-0.0968702
2.38855
-0.00494621
-0.155722
-0.394493
-0.0917396
-0.126567
0.0353535
-0.326929
1.14799
0.0136608
1.15994
-0.118633
-0.147298
0.945508
0.880911
-1.83498
-0.000429178
0.831485
-0.0169823
0.680182
-0.016767
-0.0281737
2.38027
-0.0651518
-0.602226
0.796565
-0.00714733
1.14537
-0.046301
-0.00325739
-0.567598
0.0210301
0.664941
-0.00882733
1.13608
0.688007
0.0362386
-0.0333279
1.16523
1.00851
1.18764
1.06278
-0.341074
-0.0129371
-1.77003
2.5591
0.0509763
0.0591461
-0.132034
-0.0366606
-0.024251
0.184088
-0.000118424
-0.0449446
-0.0987709
-0.461162
-0.821954
-0.0120356
1.16268
0.897015
-0.592069
-0.13935
-0.127221
0.23184
-3.60388
-2.37697
1.16719
1.16764
-0.789838
-0.0151635
-0.518087
-0.0510466
0.0393394
1.14457
0.00520348
0.262597
0.916398
0.575744
-2.92142
1.14461
-1.39824
-0.119395
-0.0407185
-0.951145
-0.00612723
-3.58474
-0.628098
0.999207
0.764798
-0.222654
-0.507481
-0.288396
1.14769
-0.429228
0.954693
1.00568
-3.03931
-0.267446
0.00287522
-0.0198975
1.12798
2.43071
