3
3
7
103
4
5
4
5
4
300
1
0
0
6
0
1
0
6
0
0
1
6
-0.169235
-0.343033
-0.348674
0.266816
-0.178508
-0.262785
-0.000475892
0.164572
-0.190035
-0.17149
-0.13447
0.262433
-0.0521465
-0.0187303
0.0603135
-0.0369738
-0.202686
-0.26165
-0.151123
0.261567
0.0281503
-0.0236378
0.258013
-0.0018765
-0.224492
-0.260894
-0.254066
0.264528
0.0461408
0.078488
0.183065
-0.00215047
0.0260444
0.178717
-0.109911
-0.0183208
-0.0216059
-0.0326786
0.148155
0.0463947
-0.110226
0.133224
0.063976
-0.0220327
-0.110655
-0.197891
-0.193286
0.268482
0.48879
0.998514
-0.131452
0.0110569
0.0331315
0.152601
0.162281
-0.00213285
-0.0303298
-0.232868
-0.173832
0.271656
0.571724
0.54805
0.278807
0.000120263
-0.0349178
0.0660212
0.163215
0.00630639
-0.24756
-0.155423
-0.257
0.269379
0.10422
0.0490215
0.0489575
-0.00580329
-0.0735146
0.136127
0.118592
-0.0208887
0.259965
0.224718
0.115425
0.00672785
-0.123258
-0.239708
-0.138657
0.264993
0.305266
0.275743
0.235604
0.00254877
-0.183609
-0.178295
-0.0992285
0.260684
0.157608
0.0258041
0.0971441
0.00212155
-0.319466
-0.314392
-0.309192
0.162395
-0.223211
-0.242488
-0.0716697
0.0695538
-0.149717
-0.229176
-0.173305
0.264983
-0.392692
-0.406545
-0.165558
0.170443
-0.236372
-0.237128
-0.2758
0.265685
-0.254238
-0.387483
-0.384804
0.158854
-0.169724
-0.174934
-0.0997432
0.261468
-0.446156
-0.679392
-0.589272
0.0817713
0.0850703
0.0721095
0.0974313
-0.00108026
0.0905151
0.258463
0.288217
0.0510936
-0.0862954
-0.282978
-0.0599885
0.265828
-0.49522
-0.435321
-0.497884
0.166005
-0.441239
-0.365191
-0.212725
0.238105
0.154995
0.177875
0.1906
-0.00430133
-0.545945
-0.624574
-0.346307
0.0488064
-0.135229
-0.359851
-0.219039
0.265571
-0.0298951
0.0984302
-0.00051624
-0.00207981
-0.11629
-0.355279
-0.317495
0.268225
-0.0485804
0.205089
0.143616
0.00827577
-0.173026
-0.256763
-0.0731575
0.260368
0.298654
0.473433
-0.160661
0.000447588
-0.307094
-0.273593
-0.21369
0.145571
-0.0149799
-0.0487135
0.0464258
0.0901545
0.204198
0.228376
0.178976
-0.00519362
-0.581527
-0.688205
-0.872666
0.148311
-0.204175
-0.279936
-0.295433
0.265885
-0.0478691
0.119424
0.119256
-0.0213922
0.00826882
0.195883
0.162523
0.0150972
-0.0182721
-0.0998476
0.0958375
0.150883
-0.212508
-0.355913
-0.0753641
0.0866383
-0.518665
-0.402825
-0.453657
0.153026
-0.126981
-0.349992
-0.0839465
0.263687
0.218517
0.134101
0.207759
-0.00401537
-0.283608
-0.304771
-0.106531
0.0851161
-0.181082
-0.182881
-0.221195
0.267134
-0.348144
-0.263999
-0.25392
0.263322
0.258235
0.212868
0.227999
-0.00111898
0.00180836
0.08905
0.0536687
0.000867149
-0.0852083
-0.273785
-0.00172331
0.264133
0.106699
0.0931254
0.0531882
-0.00668271
-0.171939
-0.186191
-0.0656166
0.259803
-0.0331098
-0.063978
0.060665
0.115888
-0.171644
-0.1817
-0.14951
0.263869
-0.0283942
-0.194406
-0.309009
0.277947
-0.217876
-0.153038
-0.145297
0.227872
-0.0916866
-0.249206
-0.243071
0.269686
-0.172403
-0.124075
-0.0404459
0.156351
-0.536767
-0.620413
-0.737358
0.167926
0.612598
0.805565
0.273552
-0.00515314
-0.046877
0.0837846
-0.0948207
-0.0140638
-0.171528
-0.208188
-0.28961
0.269088
0.0447254
-0.0319732
0.072433
0.0696721
0.00785264
0.0291182
0.158057
-9.25505e-06
-0.0759522
-0.211372
-0.0949831
0.26634
-0.244068
-0.151705
-0.26013
0.265317
-0.00806553
0.11606
-0.0581288
0.0229751
-0.0259935
0.240687
0.197291
0.0344054
-0.374075
-0.589011
-0.547097
0.1987
0.677236
1.00465
0.199627
0.00647086
0.0182993
0.124556
0.0876334
0.0049361
-0.0806532
0.00733416
-0.0958197
0.00403595
-0.0441319
0.0252151
0.14373
-0.0363604
-0.173095
-0.313462
-0.0979438
0.261247
-0.120376
-0.178345
-0.248221
0.271484
-0.0330267
-0.226436
-0.102682
0.269157
-0.182195
-0.152229
-0.297109
0.273753
0.125645
0.100135
0.299828
-0.0046403
-0.280168
-0.471108
-0.354752
0.185099
-0.319765
-0.492885
-0.295619
0.181075
-0.225216
-0.243847
-0.204909
0.262852
-0.0367459
0.0979932
-0.0635867
-0.00056789
0.143118
0.179992
0.158852
0.0394632
-0.00494864
0.134143
-0.0673462
-0.00198613
-0.0156523
0.142234
0.0849513
-0.00539951
-0.14607
-0.272028
-0.180655
0.278992
1
0
0
0
0
0
0
0
0
0
0
0
0
0
0
0
0
0
0
0
0
0
0
0
0
0
0
0
0
0
0
0
0
0
0
0
0
0
0
0
0
0
0
0
0
0
0
0
0
0
0
0
0
0
0
0
0
0
0
0
0
0
0
0
0
0
0
0
0
0
0
0
0
0
0
0
0
0
0
0
0
0
0
0
0
0
0
0
0
0
0
0
0
0
0
0
0
0
0
0
0
0
0
0
0
1
0
0
0
0
0
0
0
0
0
0
0
0
0
0
0
0
0
0
0
0
0
0
0
0
0
0
0
0
0
0
0
0
0
0
0
0
0
0
0
0
0
0
0
0
0
0
0
0
0
0
0
0
0
0
0
0
0
0
0
0
0
0
0
0
0
0
0
0
0
0
0
0
0
0
0
0
0
0
0
0
0
0
0
0
0
0
0
0
0
0
0
0
0
0
0
0
0
0
0
0
0
0
0
0
1
0
0
0
0
0
0
0
0
0
0
0
0
0
0
0
0
0
0
0
0
0
0
0
0
0
0
0
0
0
0
0
0
0
0
0
0
0
0
0
0
0
0
0
0
0
0
0
0
0
0
0
0
0
0
0
0
0
0
0
0
0
0
0
0
0
0
0
0
0
0
0
0
0
0
0
0
0
0
0
0
0
0
0
0
0
0
0
0
0
0
0
0
0
0
0
0
0
0
0
0
0
0
0
0
0.25247
0.104014
0.196513
-0.0391013
0.186289
-0.015889
0.196766
-0.0468783
-0.0212293
0.00809668
-0.104894
0.292539
-1.39608
-0.113541
0.361396
-0.477603
-0.0582558
0.212187
-0.00723322
-0.158809
-0.0887568
0.252737
-0.299491
0.187217
-0.0105877
0.156322
0.120871
0.24058
0.199073
0.197977
0.271309
0.198739
0.248468
-0.0072812
-0.157983
0.263377
0.180046
0.202155
-0.171394
0.174922
0.256178
-0.00455521
0.293263
-0.153207
0.189271
-0.13182
0.173323
0.0291605
-0.275335
0.249581
0.220094
-0.12012
-0.142148
0.0771541
0.189396
0.170963
0.235287
-0.0743329
0.142554
0.239612
0.232435
-0.095374
-0.00245627
0.247263
-0.0171882
0.184461
0.0405376
0.218041
0.434657
0.168233
0.315881
0.0956651
0.223931
-1.08824
-0.0320487
0.264304
0.0189094
-0.0141346
0.283656
0.216975
-0.0318512
-0.187455
0.291838
-0.535047
-0.0353744
0.00585519
-0.0666475
0.197213
0.315531
0.329077
0.288117
-0.0960956
0.314205
0.244793
0.184989
-0.00309428
-0.0889701
-0.0211255
-0.0378824
0.355376
0.305908
1
0
0
0
0
0
1
0
0
0
0
0
1
0
0
0
0
0
1
0
0
0
0
-1
0
1
0
0
0
0
0
0
1
0
0
0
0
0
0
1
0
0
0
0
0
0
1
1
0
1
0
0
0
0
0
1
0
0
0
0
0
1
0
0
0
0
0
1
0
0
0
0
1
-6
1
0
0
0
0
0
0
1
0
0
0
0
0
0
1
0
0
0
0
0
0
1
-1
0
0.022444
0.149939
0.420246
0.0598144
-4.13411
0.0118743
0.0248022
0.288438
0.205051
-3.19264
0.0582987
0.102197
0.792178
0.170799
-7.05698
0.408711
0.1667
-0.0324682
-0.32358
-1.1414
0.350984
0.259639
-0.21633
-0.249783
-0.398489
-0.178924
0.0430541
0.443228
0.229457
-1.42678
0.033988
0.00722389
-0.203509
0.36265
1.0414
0.234854
0.0395825
0.0455062
0.403123
-2.0461
-0.259797
-0.0464631
0.0155017
0.346754
1.67258
-0.0195986
-0.213283
0.508846
-0.184249
0.397381
0.358575
0.00846475
-0.163218
-0.193049
0.695807
-0.145982
0.00924341
0.233291
0.0766427
-1.24517
0.382212
0.0298832
0.0424118
0.291487
-2.45016
-0.0355786
0.0989126
0.137142
0.245642
-0.776062
0.141644
0.00861999
-0.123879
0.156599
0.613003
0.00203941
0.0122463
0.114175
0.0362384
-1.02385
0.447279
0.0512936
-0.138632
-0.0966989
-0.701237
-0.209891
0.0339197
0.0682567
0.0180812
0.329639
0.33038
0.181805
-0.0210076
-0.329536
-0.686436
0.219333
0.011985
-0.13144
-0.233899
1.43897
0.660753
0.0114329
0.1277
0.121441
-5.88639
0.0414274
0.00935868
0.082499
-0.30283
1.37703
0.371955
-0.219642
-0.0423877
-0.16584
1.1563
0.134823
-0.0483472
0.741317
0.036843
-3.74361
0.339749
0.111213
-0.121587
-0.270638
0.184524
0.40364
0.2243
-0.0947219
-0.169184
-1.39827
0.45731
0.0675462
-0.020626
-0.106471
-1.55208
0.243358
0.104894
-0.16968
-0.213588
0.928042
0.402719
0.0402281
-0.0239985
-0.14484
-0.867092
-0.0746497
-0.086963
-0.232635
0.331121
2.55364
1.26947
0.137095
0.00655186
-0.000673951
-8.1025
-0.36757
-0.0825733
0.11718
-0.314759
4.54189
3.14218e-05
0.0687105
-0.151132
0.268364
0.923058
0.427145
0.21117
-0.147689
-0.134146
-1.29613
-0.0966753
-0.119967
-0.107968
0.356125
2.10818
-0.0683828
-0.050249
0.584393
0.0421713
-1.58927
-0.00309512
0.0282433
0.271754
0.359253
-1.81146
0.392459
0.163205
-0.113983
-0.148974
-0.966754
-0.0819341
-0.00707083
-0.265435
0.348355
2.28134
-0.817374
-0.025006
0.0479606
0.0297559
4.15121
-0.302876
0.0419767
0.347352
0.0824831
0.569425
-0.106707
0.0965502
-0.505615
-0.196396
5.28881
0.363165
0.195722
0.0202884
-0.176333
-1.71308
-0.1098
0.00106401
-0.019391
0.404918
0.727658
-0.125405
-0.0150525
0.392609
-0.264167
0.694362
0.0194093
0.0313276
0.285425
0.148837
-2.96949
0.390071
0.0920515
-0.157175
-0.107267
-0.451404
-0.0693901
0.029567
0.153674
0.0138041
-0.908969
0.0105584
0.0229707
0.334471
0.202749
-3.45122
0.350999
0.0140775
-0.196841
-0.179616
0.851895
-0.753432
-0.0584292
-0.00188728
0.0397335
4.25429
1.04603
0.115514
0.00458522
0.00150844
-7.29489
0.0281239
0.0632821
-0.0612362
0.293905
0.0532662
-0.0341244
0.0466654
-0.317086
-0.202511
4.0305
0.410601
0.036782
-0.0889026
-0.142961
-0.494199
-0.503931
-0.0266493
0.0966646
0.078166
1.78885
0.346328
-0.0609383
-0.191128
-0.305547
1.56216
0.321546
-0.0404023
-0.153983
-0.388332
1.67779
0.284486
-0.0516298
-0.0681247
-0.394805
1.4799
0.0461068
0.000524286
0.307116
0.265547
-3.83878
0.656271
-0.0192789
0.101968
0.0742016
-5.20777
0.241686
-0.252229
-0.0250757
-0.213729
2.29333
-0.18837
-0.141955
0.140468
0.173162
1.80498
-0.0965952
-0.0358815
0.0885173
0.277468
0.571782
0.342532
0.104205
-0.122764
-0.17083
-0.142248
0.41305
0.22294
-0.141916
-0.141214
-1.30229
-0.202204
0.154184
0.027923
0.0509013
-0.332153
0.233426
0.0164832
0.0179254
0.301603
-1.42201
0.175401
-0.0707248
0.494619
0.21823
-3.05275
0.812706
0.013848
0.240182
0.112499
-7.46064
-0.259231
0.0299283
0.17383
0.0388728
-0.135958
0.417946
0.247098
0.114806
-0.165231
-2.99264
0.395088
0.150721
-0.00886519
-0.180748
-1.40052
0.252226
-0.0880304
-0.0315284
-0.233003
1.25517
-0.284079
-0.11221
0.0406023
-0.122528
3.91058
0.404128
0.019249
-0.138581
-0.148622
-0.0087
0.0811484
0.299745
0.00405986
0.101562
-1.33763
0.35684
0.000803716
-0.134393
-0.161959
0.400003
0.265893
0.0689691
-0.0679872
-0.369906
0.795169
0.867227
0.0261933
0.0496461
0.103732
-6.62406
0.24401
0.144868
-0.0371078
-0.387048
0.372733
0.783639
-0.00589024
0.103579
0.0701137
-6.04225
-0.0188413
0.0368393
0.0773767
0.0272995
-0.794857
0.015572
-0.161019
0.0291703
-0.251319
2.74094
0.377847
-0.0547584
-0.119798
-0.205621
0.670119
-0.0744507
-0.0367213
-0.0373796
0.255826
1.1299
0.0351783
-0.0109559
0.13971
0.125484
-1.75755
0.426564
0.114816
-0.0286275
-0.139676
-1.44768
-0.182537
0.0632821
0.274791
0.221037
-2.43368
-0.023929
0.0516646
0.225027
0.115166
-2.27033
0.218447
0.100754
-0.182457
-0.228957
1.22207
0.406255
0.189598
-0.106658
-0.177554
-1.09362
0.317326
0.102332
-0.109236
-0.206874
0.11548
0.446294
0.192622
-0.0806444
-0.114372
-1.80705
0.308448
-0.0244351
-0.183735
-0.286705
1.57682
0.0275789
0.0243366
0.471501
0.285686
-4.8935
0.217759
0.0898735
-0.261991
-0.20058
1.68249
0.360023
0.117821
0.0169966
-0.208984
-1.01856
-0.0471133
-0.00173161
0.00102177
0.539048
-0.780195
0.439854
0.250291
0.140584
-0.12758
-3.41226
0.0552613
-0.102047
0.0968424
0.247382
0.107294
7.65424e-05
-1.21653
-0.114171
0.00255333
7.57927
-0.00827171
0.0183951
0.247553
0.237175
-2.95614
0.0123162
0.386902
-0.122792
-0.320026
0.505081
0.0233202
0.470622
-0.233715
-0.307629
0.564444
0.0101693
0.0476886
0.172868
0.25452
-1.04793
0.0462177
0.0221001
-0.222273
0.287129
1.26924
-0.0693098
0.0149096
0.00714313
0.304889
0.512515
-0.0226482
0.0465596
0.0108812
0.213055
-0.0552386
0.112108
-0.48292
0.376443
-0.148543
1.82185
-0.0373428
0.273144
-0.180517
-0.202209
1.5688
0.0238926
-0.00612993
-0.14014
0.227077
1.20718
-0.0289084
-0.0625357
-0.169659
0.271505
1.87657
0.0192938
0.319105
0.212822
0.185569
-4.57997
0.0935447
-0.0419816
0.340903
0.211682
-1.84773
-0.0048591
0.00505451
0.104545
0.0115324
-0.792129
0.0507079
0.325631
-0.197259
-0.141213
0.51398
-0.0163135
-0.0302799
-0.0454969
0.193802
0.676776
0.0160183
0.426701
-0.0651643
-0.307288
-0.089306
-0.0260744
0.324054
-0.18753
-0.156384
1.01498
-0.000815962
0.0141357
0.0795163
0.453541
-1.14415
-0.0215898
0.238935
-0.0122724
-0.181482
0.475829
0.0162217
0.407724
-0.0319258
-0.170716
-0.630891
0.0604994
-0.123324
1.65419
-0.0312473
-8.11319
-0.0229781
0.394259
-0.190153
-0.30008
1.08507
-0.0317348
0.545071
-0.103954
-0.150394
-0.729321
0.0585416
0.338476
-0.0805038
-0.154989
-0.278346
-0.0360891
0.380135
-0.211781
-0.153122
0.900767
0.0280039
0.306003
-0.066678
-0.182716
0.150915
0.00630551
0.0531995
0.435103
0.248175
-4.52551
0.0343939
0.0610693
0.273207
0.206697
-3.48766
-0.0993025
0.14465
-0.104768
-0.174608
2.12689
-0.0236222
-0.0320438
-0.546157
0.0445361
4.89591
-0.0409793
0.519573
-0.212581
-0.124174
0.0206158
-0.0535039
-0.179245
-0.29264
0.322727
3.39317
-0.0481099
0.0263114
1.19733
-0.00446179
-5.74168
0.0321847
0.0186688
0.00287212
0.243473
0.0906673
0.0226926
0.459103
-0.151176
-0.151257
-0.293367
-0.0912287
-0.0231433
-0.260495
0.310949
2.50545
-0.0262345
-0.0550178
-0.0238665
0.255643
0.728679
-0.00579555
0.0761487
0.256355
0.269257
-1.64391
-0.0619599
0.481151
-0.280365
-0.136543
0.849042
0.0340173
0.478398
-0.017313
-0.17311
-1.20555
-0.0191349
0.0209284
-0.209655
0.340793
1.40215
-0.0665788
-0.181829
0.668122
-0.0462587
-1.16214
0.0072237
0.0428635
0.405222
0.254717
-4.29393
0.070209
0.360832
-0.218996
-0.146719
0.356007
0.0090903
-0.609212
0.000665206
0.0257377
3.12811
-0.0015094
0.0474478
0.260347
0.296189
-3.0999
-0.0212072
0.279857
-0.221845
-0.195687
1.65053
-0.0300737
-0.107625
0.0718132
0.275481
0.68458
0.0396873
-0.145611
0.110588
-0.0054812
-0.202612
0.11472
0.23259
0.874474
0.068976
-6.31107
0.124276
0.438582
-0.134562
-0.106238
-1.04525
0.00811416
0.310255
-0.128341
-0.175869
0.601968
0.00753791
-0.253678
-0.0318029
0.171345
1.80567
-0.0189909
0.195513
-0.24014
-0.341785
2.60838
-0.0205245
0.225163
-0.175068
-0.409254
2.30664
-0.0654595
0.178399
-0.118117
-0.309103
2.16257
0.000633129
0.491683
0.0637755
0.263066
-3.83854
0.023003
0.343088
0.210469
0.193331
-4.72139
0.00184022
-0.583697
0.20646
-0.213292
4.36098
-0.0757019
-0.170502
0.135173
0.255073
0.939436
0.0307935
-0.0513823
0.0481886
0.310907
-0.0204798
0.010058
0.376867
-0.155727
-0.188949
0.448299
0.00333302
0.535828
-0.165182
-0.131601
-0.612001
0.0453151
-0.0863933
0.221925
0.0181483
-1.34697
0.00574075
-0.028949
-0.0599236
0.264785
0.805646
0.13985
-0.00931072
0.54827
0.24949
-3.67308
-0.0191576
0.135437
0.31801
0.164251
-3.74333
-0.0294279
0.00195862
0.0311429
0.22494
0.17004
0.0167073
0.518376
0.0352929
-0.294483
-1.38702
-0.0185932
0.472716
-0.0267136
-0.174416
-0.772637
-0.0466447
0.281692
-0.100744
-0.188806
0.998188
-0.0698665
-0.421508
0.530044
-0.143728
1.52476
-0.0167823
0.29847
-0.172769
-0.176206
1.1123
0.168031
0.483235
-0.13717
-0.0617285
-1.72824
0.0286857
0.290915
-0.212339
-0.290543
1.40464
-0.0255632
0.289797
-0.107603
-0.192834
0.883957
-0.116398
0.411437
0.84367
0.0556792
-5.7254
-0.012834
0.40861
-0.114199
-0.314386
0.460386
0.0101689
0.337439
0.0977259
0.162056
-3.81288
0.00107905
1.23082
0.124473
0.00401426
-8.49183
-0.0336231
0.0735304
-0.100942
-0.198303
2.11791
-0.00714605
0.210224
-0.148678
-0.210664
1.56781
-0.0391049
-0.153128
-0.499944
0.0247767
5.42917
0.00735875
-0.0917883
-0.0558014
0.266027
0.949554
0.0146303
0.434629
-0.0695067
-0.156401
-0.600023
0.00192447
0.0874588
0.356567
0.229408
-4.12031
0.0499514
0.337702
-0.0155915
0.114066
-3.01758
-0.0208404
0.369435
-0.225003
-0.154437
0.950701
-0.0455475
0.506
-0.11843
-0.158519
-0.293378
-0.0170141
0.404691
-0.169334
-0.244453
0.712502
0.0101205
0.519035
-0.120666
-0.126527
-0.869616
-0.0616731
0.228069
-0.227852
-0.197809
2.21053
-0.0275217
-0.0376875
0.409322
0.2941
-3.88962
-0.027083
0.394664
-0.311494
-0.130441
1.2656
-0.07228
0.424234
-0.0446386
-0.182332
-0.0214964
0.0358163
0.280594
0.168438
0.0815099
-3.59591
0.0222231
0.578782
0.0919029
-0.149408
-2.51256
-0.0140672
-0.0686288
0.0211162
0.29803
0.551589
0.0112728
0.184157
0.334015
0.0365792
-3.58672
-0.0109375
0.00926583
0.0399648
0.377149
-0.170656
0.0388346
0.0580232
-0.0157695
-0.293711
1.51362
0.00309902
0.093757
-0.165425
-0.26251
2.36281
-0.0264423
-0.0964707
-0.107082
0.30369
1.50099
0.0125969
-0.141682
-0.548971
0.149889
4.9965
0.0154203
-0.0554509
-0.470234
0.146387
3.97556
-0.0190939
0.0689117
0.239646
0.18469
-1.1173
0.114116
-0.00536604
0.82834
-0.0420981
-4.18534
-0.052002
-0.207572
-0.0438778
-0.173198
3.58445
0.00172269
-0.0540364
-0.124614
0.257941
1.45355
-0.0373044
-0.048585
-0.101125
0.283098
1.42973
-0.00998674
0.0227587
0.447914
0.272388
-2.43354
0.0330368
-0.0894154
-0.450508
0.1396
3.92264
0.0213036
0.00473151
0.178516
0.00825632
-1.49635
0.0557903
-0.165437
-0.0719064
-0.0948578
2.50623
0.00222923
0.0309995
0.326296
0.220902
-3.49763
-0.0345932
0.00457759
0.0413822
-0.29481
2.02292
-0.0271408
0.0929881
0.000969472
-0.110635
1.10557
0.0038483
0.0448108
0.391612
0.172984
-3.75524
-0.0143431
0.260533
0.211766
-0.137729
-1.22705
0.00569769
-0.106413
0.11552
-0.099894
1.40342
-0.00331917
-0.00683712
1.5853
0.0872343
-8.50507
-0.0573194
-0.0688479
-0.0469932
-0.274414
3.09129
-0.0347717
0.0647408
0.0390676
-0.137543
1.24638
0.0710521
-0.15045
0.0458771
-0.107398
1.64671
-0.0587222
0.0532093
-0.0649218
-0.154655
2.06185
0.0224884
-0.167463
0.0570532
-0.160337
2.16398
0.0113683
0.0441779
0.442617
0.259172
-4.6136
0.00734042
0.0156955
0.0834648
0.256625
-1.39736
-0.0322012
-0.0273297
0.063105
-0.0983649
1.45025
-0.0194406
-0.0902893
-0.4985
0.150558
4.55344
0.0442672
0.317109
0.332757
-0.0432779
-2.73332
0.000344776
-0.0463293
-0.207306
0.360026
1.63649
0.00194587
0.00819978
1.46791
0.12577
-8.09401
-0.00979081
0.0202992
0.0277122
0.297532
-0.0273395
-0.00176422
-0.000187956
-0.0324662
-0.159732
1.86479
-0.0016501
0.0126267
-0.164676
0.351051
1.0183
0.000292794
0.0489261
0.169924
0.0726236
-1.93831
-0.0744626
0.126283
0.366677
0.239133
-2.07824
0.017249
0.180569
0.431723
-0.0901548
-2.13954
0.0120203
0.0697764
0.0605133
-0.211836
0.955898
-0.0176953
0.00363415
0.0246081
0.355949
0.0473713
-0.0138724
0.259919
1.02207
0.0914941
-6.79543
0.0044132
0.0398804
0.423771
0.251257
-4.35449
0.0861772
-0.0404303
-0.144159
-0.185233
2.25308
0.0112363
0.135727
0.0768724
0.0312642
-1.60259
0.0239774
0.0201555
0.264004
0.174108
-2.91605
-0.0359306
-0.184257
-0.0874979
-0.175245
3.60263
0.0198487
-0.0153773
0.0984603
0.328023
-0.512219
-0.00643358
0.0130801
0.0269248
0.0170111
-0.387086
-0.0231912
0.059909
1.24054
0.1423
-6.97004
0.117101
0.275516
0.39512
-0.0082395
-3.4357
0.000349734
-0.188156
0.00292151
-0.13291
2.68331
0.0117769
0.108252
0.26685
0.0210239
-2.60093
0.0044402
-0.218336
-0.132907
-0.315291
4.16838
-0.00963107
-0.150625
-0.0754723
-0.394676
3.77186
-0.0636189
-0.21569
0.0579441
-0.195957
3.10712
-0.00365652
0.012837
0.132853
0.437924
-2.26299
-0.00513346
-0.00264832
-0.616077
-0.447971
5.55282
-0.0642245
-0.263805
-0.00655154
-0.103463
3.54848
0.00469676
-0.0124594
0.0449483
0.298292
-0.128738
-0.0273561
-0.111041
-0.51161
0.129403
4.82672
-0.00894384
-0.052772
-0.0375678
-0.193659
2.38419
-0.0128569
0.0567876
-0.0436043
-0.124528
1.57098
0.0164632
0.161527
0.142102
0.00663839
-2.12202
0.00558618
-0.00634163
0.0280186
0.326083
-0.0356779
-0.0226051
-0.0115025
0.133135
0.319502
-0.566687
0.00722409
0.00241013
0.830552
0.570967
-7.34879
-0.00744945
0.215344
0.0382399
0.0229625
-1.75702
0.0257865
0.100437
0.17475
-0.165739
-0.138744
-0.0384166
-0.015605
0.104567
-0.165238
1.41625
-0.0507184
-0.0512108
0.0860682
-0.118056
1.63604
-0.0180604
-0.00234213
0.140198
-0.0919641
0.731269
-0.02222
-0.209325
-0.0364911
-0.130682
3.20001
0.190885
0.269902
0.554071
0.0124417
-4.85063
0.0168969
-0.180311
-0.0596986
-0.188553
3.08256
-0.0494486
-0.0117581
0.0477412
-0.189168
1.82507
0.00666828
0.167148
1.34608
0.107245
-8.24969
-0.0713303
0.0594783
0.0270965
-0.269747
1.89157
0.0113001
0.0314458
0.340919
0.21789
-3.63436
-0.0142076
0.00180263
0.0322956
0.0282322
-0.367807
-0.017253
0.074642
0.117329
-0.118079
0.407439
-0.0125306
-0.248075
-0.0116588
-0.174946
3.37214
-0.0508271
0.173632
0.55193
0.0277471
-2.95843
0.00406764
0.0294358
0.325457
0.251827
-3.66685
0.00974449
-0.0560502
0.059571
-0.122845
1.46464
0.00143546
0.0254242
0.402943
0.28234
-4.27782
0.00182038
0.0339834
0.347452
0.227323
-3.68283
-0.0447766
0.0925649
-0.0735065
-0.161122
1.80296
-0.0493117
0.00983318
0.0273992
-0.13338
1.72684
-0.0508016
-0.048412
-0.0366568
-0.246969
2.78599
0.176798
0.132191
0.10755
-0.0463001
-1.17326
-0.0737232
-0.17192
-0.074995
-0.159629
3.59877
0.00677933
0.0443304
0.368698
0.308761
-4.35942
-0.0380115
0.12642
-0.152006
-0.114058
1.89135
-0.106781
-0.0804958
0.0951256
-0.161953
2.26942
-0.0251916
0.236548
0.400922
0.190507
-3.25246
0.177507
0.202154
0.316337
-0.0833713
-2.74271
0.40039
0.818034
0.71928
0.556749
0.547479
1.18547
1.30474
1.47777
1.06668
1.184
0.648919
0.471084
1.38056
1.13764
1.24491
-0.0571727
0.776487
-0.254009
0.547995
0.728428
0.759819
0.607988
0.880305
1.13399
0.549699
0.710913
0.77585
0.645097
0.703259
0.918832
0.71072
1.0858
1.21416
0.765244
0.934527
0.925871
1.41928
0.674847
1.06552
0.98373
1.18038
1.36599
0.614148
1.09915
0.884515
0.283038
0.6582
-0.0909593
0.736074
0.641786
0.826499
-0.670542
1.23087
1.38953
0.732531
0.625692
0.554504
0.506954
0.590522
0.894305
0.587515
0.933954
1.04064
1.2185
0.617715
0.714445
-0.307077
1.25727
1.31352
0.442899
-0.353135
0.682477
0.69132
0.760293
0.978193
0.735251
1.14173
0.636769
0.591257
0.446028
0.539591
0.547965
-0.0751183
0.66492
0.647939
0.800772
0.396877
0.742543
0.668795
0.300319
0.6272
0.714459
0.580046
0.792516
0.613798
0.973814
0.689069
0.686886
0.869837
0.762628
0
0
0
0
0
0
0
0
0
0
0
0
0
0
0
0
0
0
0
0
0
0
0
0
0
0
0
0
0
0
0
0
0
0
0
0
0
0
0
0
0
0
0
0
0
0
0
0
0
0
0
0
0
0
0
0
0
0
0
0
0
0
0
0
0
0
0
0
0
0
0
0
0
0
0
0
0
0
0
0
0
0
0
0
0
0
0
0
0
0
0
0
0
0
0
0
0
0
0
0
0
0
0
0
0
0
0
0
0
0
0
0
0
0
0
0
0
0
0
0
0
0
0
0
0
0
0
0
0
0
0
0
0
0
0
0
0
0
0
0
0
0
0
0
0
0
0
0
0
0
0
0
0
0
0
0
0
0
0
0
0
0
0
0
0
0
0
0
0
0
0
0
0
0
0
0
0
0
0
0
0
0
0
0
0
0
0
0
0
0
0
0
0
0
0
0
0
0
0
0
0.715454
0
0
0
0
0
0
0
0
0
0
0
0
0
0
0
0
0
0
0
0
0
0
0
0
0
0
0
0
0
0
0
0
0
0
0
0
0
0
0
0
0
0
0
0
0
0
0
0
0
0
0
0
0
0
0
0
0
0
0
0
0
0
0
0
0
0
0
0
0
0
0
0
0
0
0
0
0
0
0
0
0
0
0
0
0
0
0
0
0
0
0
0
0
0
0
0
0
0
0
0
1.11521
-0.876725
0.297346
0.634124
0.593148
1.14176
1.20527
1.47
0.795532
1.12733
0.683857
0.943191
1.1739
0.596778
1.21927
-0.0681993
0.808819
0.63003
0.592512
0.713524
1.24748
0.59905
0.792893
1.28888
0.591845
0.716473
0.814808
0.66501
0.746665
0.998702
0.547606
0.78166
1.14079
0.749557
0.929765
1.03152
1.00862
0.70782
1.00599
0.700879
1.09279
0.729548
0.661643
1.05375
0.740958
1.07409
0.718621
-1.14872
0.252624
0.676486
1.07124
-0.0936837
1.09842
0.832541
0.761029
0.447993
0.624367
0.573731
0.644352
0.263361
0.951295
0.987957
0.836259
1.03662
0.654761
0.728923
-0.10381
1.1645
1.2767
-0.00750545
0.858619
0.702633
0.710458
0.735447
0.900151
0.752157
0.883501
0.679403
0.6347
1.07042
0.568717
0.234259
0.710487
0.646359
0.696068
0.967468
0.912337
0.764011
0.690148
0.377651
0.645651
0.720095
0.609939
0.788283
0.666025
0.350481
0.682065
0.705491
0.329098
0.773155
0
0
0
0
0
0
0
0
0
0
0
0
0
0
0
0
0
0
0
0
0
0
0
0
0
0
0
0
0
0
0
0
0
0
0
0
0
0
0
0
0
0
0
0
0
0
0
0
0
0
0
0
0
0
0
0
0
0
0
0
0
0
0
0
0
0
0
0
0
0
0
0
0
0
0
0
0
0
0
0
0
0
0
0
0
0
0
0
0
0
0
0
0
0
0
0
0
0
0
0
0.765936
0
0
0
0
0
0
0
0
0
0
0
0
0
0
0
0
0
0
0
0
0
0
0
0
0
0
0
0
0
0
0
0
0
0
0
0
0
0
0
0
0
0
0
0
0
0
0
0
0
0
0
0
0
0
0
0
0
0
0
0
0
0
0
0
0
0
0
0
0
0
0
0
0
0
0
0
0
0
0
0
0
0
0
0
0
0
0
0
0
0
0
0
0
0
0
0
0
0
0
0
0
0
0
0
0
0
0
0
0
0
0
0
0
0
0
0
0
0
0
0
0
0
0
0
0
0
0
0
0
0
0
0
0
0
0
0
0
0
0
0
0
0
0
0
0
0
0
0
0
0
0
0
0
0
0
0
0
0
0
0
0
0
0
0
0
0
0
0
0
0
0
0
0
0
0
0
0
0
0
0
0
0
0
0
0
0
0
0
0
0
0
0
0
0
0
0
0
0
0
0
0.970339
0.245368
1.08282
0.660742
0.64239
0.937539
1.18706
1.31881
1.1085
1.11892
0.67755
0.979775
1.25661
1.0315
1.24271
-0.0964579
0.824667
0.704314
0.62027
0.725656
0.85316
0.608893
0.821231
1.43973
0.608176
0.756094
0.837071
0.684628
0.755564
0.85665
0.0540535
0.756175
1.11945
0.932375
0.935626
1.13305
1.13901
0.742805
1.04819
0.206721
1.15775
0.956489
0.696728
1.0766
0.754432
1.00889
0.739256
0.032371
0.372114
0.673695
1.08465
-0.0351184
1.19391
1.00751
0.768191
0.125223
0.611167
0.559361
0.627119
0.340988
-0.453743
0.769155
0.96182
1.04328
0.675948
0.774501
-0.113737
1.37722
1.26197
0.303138
-0.122791
0.764696
0.741246
0.748919
0.756449
0.752436
1.1511
0.683975
0.639943
1.10669
0.593091
0.661653
-0.0208292
0.61893
0.681741
0.846445
0.814817
0.796289
0.749167
0.644199
0.665003
0.755754
0.630144
0.87567
0.656643
0.571162
0.707968
0.724177
0.838327
0.853539
0.767352
