4
4
7
104
5
6
5
6
5
600
1
0
0
0
20
0
1
0
0
20
0
0
1
0
20
0
0
0
1
20
0.181996
0.130382
-0.55182
-0.0813806
0.491391
-0.0642185
0.20034
-0.0966616
-0.251316
0.422084
-0.300587
0.005244
-1.89956
0.24908
0.569845
-0.393451
-0.747734
-0.616793
-0.00705166
0.305212
0.127218
0.212306
-0.407353
-0.308722
0.516651
0.183237
-0.407518
0.350669
0.0698235
-0.093794
-0.160335
-0.0799859
-0.0576794
0.57338
-0.00497912
0.102936
0.2908
-0.430811
-0.248785
0.500661
-0.608258
0.26551
0.349071
0.679074
-0.00102474
0.278234
0.101851
-0.219587
-0.202392
0.370521
-0.942519
-0.851692
-0.917809
-0.428678
0.304401
0.171758
0.0727006
-0.417388
-0.327522
0.39372
-0.164597
-0.0360562
0.00924522
0.0247254
-0.101811
0.125882
0.172989
-0.177295
-0.204787
0.458836
-0.239056
0.527801
-0.136487
0.227774
0.0757492
0.0135374
0.246509
-0.55466
-0.166848
0.485819
0.137685
0.176246
-0.116949
-0.321504
0.456663
0.0782911
0.358102
-0.475729
-0.229393
0.473234
0.220864
0.199935
-0.621872
-0.0759773
0.477273
0.174782
0.0666355
-0.713804
0.0608635
0.410491
0.230044
0.156471
-0.316431
-0.285636
0.449892
0.0329289
0.218379
-0.663789
-0.292553
0.487558
0.0506032
0.295583
-0.523353
-0.133727
0.521873
-0.264266
-0.0539324
0.373356
-0.306541
-0.134722
0.246911
0.22164
-0.215835
-0.217145
0.362351
-0.750295
-0.0919138
0.483269
-0.0132057
0.0446618
-0.485487
-0.12223
-0.0440168
-0.0918597
0.0546746
0.15256
0.237289
-0.315701
-0.255156
0.441664
-0.296306
-0.172902
0.0333214
-0.139999
-0.166838
0.0433718
0.0573562
-0.338393
-0.473494
0.432814
0.231904
0.172881
-0.0896394
-0.229076
0.366924
-0.218247
-0.082055
0.518913
-0.481275
-0.131067
-0.196117
0.0261752
-1.07926
-0.119466
0.626786
-0.21716
-0.282726
-0.0544497
-0.231295
-0.188471
0.156961
0.203665
-0.508213
-0.143116
0.45662
0.204926
0.195672
-0.42322
-0.0797171
0.395735
-0.342759
0.231146
0.0701095
0.22389
-0.0358106
-0.192396
0.0367143
-0.0388531
-0.012185
-0.0789276
0.169149
0.248764
-0.499228
-0.121092
0.405374
0.23463
0.190129
-0.387056
-0.130205
0.373502
0.226998
0.268968
-0.312852
-0.272283
0.3626
0.149084
0.161788
-0.432897
-0.223633
0.441323
0.217382
0.195097
-0.741847
-0.0239482
0.486568
0.222672
0.128777
-0.323988
-0.173809
0.405748
0.207002
0.209307
-0.534198
-0.112362
0.476044
0.160552
0.178328
-0.406454
-0.236146
0.501442
-0.120211
0.0306776
-0.868205
0.207235
0.360398
0.194379
0.169026
-0.35849
-0.163645
0.468867
0.286569
0.0914639
-0.169828
-0.234268
0.380409
-0.324565
0.210621
-0.0131253
0.195314
-0.0534481
0.172505
0.213206
-0.460389
-0.286431
0.521323
-0.0115591
0.0120674
0.0546856
0.0132592
-0.0325837
-0.245665
0.0130117
-0.254447
-0.0757878
0.452654
0.207314
0.197641
-0.374334
-0.17818
0.383396
-0.851286
-0.424563
0.0608097
-0.130287
-0.026789
0.136071
0.105829
-0.420388
-0.404596
0.374344
-0.181316
0.0215132
0.0843035
-0.0866853
-0.11617
0.0400371
-0.226607
-0.110038
0.198402
0.00100567
0.166473
0.124164
-0.396905
-0.313457
0.390893
-0.246634
-0.0437947
-0.0991563
-0.0928662
0.0273103
-0.0978541
0.089339
-0.19009
-0.00566656
0.23855
-0.408161
0.211531
-0.0858123
0.188363
-0.0517652
0.162048
0.18265
-0.353278
-0.229888
0.487611
0.215073
0.218885
-0.359948
-0.242881
0.369868
0.149255
0.245325
-0.174685
-0.238638
0.40207
0.115303
0.207029
-0.246243
-0.187109
0.468437
0.259678
0.121881
-0.234715
-0.156083
0.374162
-0.642104
-0.144506
0.309051
-0.0506048
0.049427
-0.156114
0.0680686
-0.133939
-0.00193104
-0.100204
-0.0239545
-0.28395
-0.609447
0.246261
0.4229
-0.269223
-0.0760428
0.085993
-0.055707
0.0171333
0.267648
0.0696292
-0.289189
-0.260459
0.374798
0.156119
0.2236
-0.343813
-0.220624
0.441398
-0.14903
0.215935
-0.380284
0.628955
0.173131
0.203722
0.189562
-0.310875
-0.184823
0.435857
-0.378096
-1.01996
-0.438943
0.241689
0.362337
0.0886701
0.0884865
-0.676257
-0.247238
0.546641
-0.235473
-0.242212
-0.119358
-0.205189
-0.153207
0.169622
0.14821
-0.502536
-0.202552
0.469476
0.0902388
0.0501871
-0.527515
-0.417128
0.41493
-0.108151
-0.0355398
0.0566837
-0.0855711
-0.114504
-0.00180056
0.32456
-0.623447
-0.0925861
0.455079
-0.17959
-0.26901
0.0672208
-0.271429
-0.163668
0.132716
0.326547
-0.500536
-0.255174
0.443971
-0.27779
0.153739
-1.54812
-0.000830678
0.458388
0.258488
0.200429
-0.14581
-0.256847
0.36179
0.157313
0.136591
-0.310329
-0.289267
0.439506
0.186683
0.0997266
-0.206657
-0.338977
0.374162
0.298541
0.0845134
-0.530102
-0.200096
0.389216
-0.0353929
0.00188014
-0.914336
-0.0501685
0.604472
0.193085
0.195191
-0.392052
-0.143258
0.396483
0.189598
0.121769
-0.110715
-0.222838
0.404007
0.135626
0.234272
-0.413259
-0.295139
0.453907
0.208953
0.247831
-0.471648
-0.211588
0.363501
-0.0722791
0.0357085
-0.0884113
-0.0422776
0.0699664
0.0404827
0.308437
0.430899
0.36736
-0.02904
-0.696946
-0.303256
-0.604035
-0.393779
0.335438
0.156403
0.24948
-0.443012
-0.100557
0.422177
-0.0727943
0.0845774
-0.28057
-0.0829212
0.184137
0.153626
0.168613
-0.629045
-0.268223
0.470682
1
0
0
0
0
0
0
0
0
0
0
0
0
0
0
0
0
0
0
0
0
0
0
0
0
0
0
0
0
0
0
0
0
0
0
0
0
0
0
0
0
0
0
0
0
0
0
0
0
0
0
0
0
0
0
0
0
0
0
0
0
0
0
0
0
0
0
0
0
0
0
0
0
0
0
0
0
0
0
0
0
0
0
0
0
0
0
0
0
0
0
0
0
0
0
0
0
0
0
0
0
0
0
0
0
0
1
0
0
0
0
0
0
0
0
0
0
0
0
0
0
0
0
0
0
0
0
0
0
0
0
0
0
0
0
0
0
0
0
0
0
0
0
0
0
0
0
0
0
0
0
0
0
0
0
0
0
0
0
0
0
0
0
0
0
0
0
0
0
0
0
0
0
0
0
0
0
0
0
0
0
0
0
0
0
0
0
0
0
0
0
0
0
0
0
0
0
0
0
0
0
0
0
0
0
0
0
0
0
0
0
0
1
0
0
0
0
0
0
0
0
0
0
0
0
0
0
0
0
0
0
0
0
0
0
0
0
0
0
0
0
0
0
0
0
0
0
0
0
0
0
0
0
0
0
0
0
0
0
0
0
0
0
0
0
0
0
0
0
0
0
0
0
0
0
0
0
0
0
0
0
0
0
0
0
0
0
0
0
0
0
0
0
0
0
0
0
0
0
0
0
0
0
0
0
0
0
0
0
0
0
0
0
0
0
0
0
0
1
0
0
0
0
0
0
0
0
0
0
0
0
0
0
0
0
0
0
0
0
0
0
0
0
0
0
0
0
0
0
0
0
0
0
0
0
0
0
0
0
0
0
0
0
0
0
0
0
0
0
0
0
0
0
0
0
0
0
0
0
0
0
0
0
0
0
0
0
0
0
0
0
0
0
0
0
0
0
0
0
0
0
0
0
0
0
0
0
0
0
0
0
0
0
0
0
0
0
0
0
0
0
0
0
0
0.414428
0.132825
0.44709
0.283417
0.297088
-0.089705
0.105997
0.23053
0.279393
0.397855
0.413262
0.331444
0.0115472
0.326151
-0.192181
0.210686
0.268791
0.189047
0.419294
0.47353
0.338501
0.270502
0.260021
-0.406748
0.324533
0.21039
0.0705129
0.238826
-0.169121
0.295159
0.342032
-0.468713
0.495701
-0.384367
0.285253
0.323837
-0.101759
-0.00791381
0.259365
0.327204
0.288921
0.287504
0.423037
0.350904
0.407517
0.306866
0.209185
0.381917
0.405876
-0.0838974
0.315573
-0.00844917
0.272474
0.295766
0.28004
0.287507
-0.136356
0.00312363
0.294877
0.0113955
0.0621177
-0.119455
0.299668
0.29308
0.248628
0.292969
0.38661
0.0874726
0.0206117
0.40109
0.00388194
0.406161
0.251703
-0.344303
0.435997
0.343847
0.359323
-0.35128
0.335187
0.308552
-0.105688
0.186204
-0.366018
0.205091
0.477821
0.341296
0.296447
0.328329
0.445589
0.452424
0.29329
0.34338
0.23422
0.286974
0.0044191
-0.200452
0.280317
0.260555
0.0454648
0.277424
0.322565
1
0
0
0
0
0
0
1
0
0
0
0
0
0
1
0
0
0
0
0
0
1
0
0
0
0
0
0
1
0
0
0
0
0
-1
0
1
0
0
0
0
0
0
0
1
0
0
0
0
0
0
0
1
0
0
0
0
0
0
0
1
0
0
0
0
0
0
0
1
1
0
1
0
0
0
0
0
0
1
0
0
0
0
0
0
1
0
0
0
0
0
0
1
0
0
0
0
0
0
1
0
0
0
0
0
1
-20
1
0
0
0
0
0
0
0
1
0
0
0
0
0
0
0
1
0
0
0
0
0
0
0
1
0
0
0
0
0
0
0
1
-1
0
0.582496
0.293455
0.0703687
0.368233
0.0579474
-26.6066
-0.344243
-0.12853
0.0317636
0.62015
0.00463174
-3.78501
0.477658
0.103652
1.04724
0.871006
-0.0144727
-50.0261
0.824013
0.446621
-0.869754
-0.155578
-0.0267079
-3.79469
0.788455
0.252415
-0.846468
-0.133764
-0.0289634
-0.05968
0.223822
0.154911
0.359827
0.851011
0.00390981
-31.9854
-0.0930306
-0.226208
0.00529433
-0.162137
0.0467318
9.89644
-1.49973
-0.422396
0.830676
0.363856
0.104698
14.3011
-0.510405
-0.114781
0.132642
1.55918
0.0124635
-21.7031
0.722861
0.448662
-0.610648
-0.0417382
-0.0571494
-8.96549
0.526081
0.140839
-0.119587
1.63513
0.0205875
-44.1117
-0.0394218
-0.00784085
1.38648
0.0196947
-0.0394891
-26.5375
0.820289
0.249705
-0.573088
-0.235697
-0.0319539
-4.06448
0.545574
0.285937
-0.358375
-0.0225665
-0.238354
-6.23211
0.879821
0.409542
-0.612403
-0.0772887
-0.0289465
-10.8837
-1.21152
-0.187413
0.562893
0.0396089
0.10448
14.4975
0.327362
0.226363
0.0492078
0.196696
0.0885566
-16.7487
-0.446945
-0.0912229
0.0975889
1.03864
0.00143489
-12.1534
0.857816
0.363372
-0.932357
-0.228154
-0.0291686
-0.046138
0.646489
0.0798007
-0.123028
1.29799
0.00331262
-37.9747
0.573223
0.308971
-0.281519
0.0319185
-0.235829
-9.90584
0.899596
0.031022
-0.95827
1.39888
0.00263106
-27.7227
0.579413
0.0843528
-0.357941
1.13944
0.00320276
-29.1177
0.83102
0.354072
-0.639413
-0.160562
-0.0303956
-6.56126
0.854982
0.397945
-0.944088
-0.305909
-0.0283392
1.11118
0.562347
0.0433272
-0.0673195
1.54497
-0.00124065
-41.8065
0.172491
0.102192
-0.229117
-0.150565
0.0398195
2.48387
-1.75516
-0.604317
0.476674
0.016727
0.122964
37.0452
0.278076
0.171076
-0.059168
0.533158
-0.000376251
-18.5281
0.391762
0.302833
0.117854
0.514321
0.0115718
-26.3937
-0.568812
-0.102961
0.446311
0.0714669
0.17687
1.09148
0.638439
0.472417
-0.540831
0.224672
0.0308822
-15.5691
0.702593
0.427649
-0.62202
-0.294423
-0.0606041
-2.78322
0.813577
0.354885
-0.716692
-0.255674
-0.0288308
-2.76684
-0.310075
-0.230035
0.422969
0.530657
0.0269481
-7.89471
0.0434299
-0.00398379
-0.168308
-0.168587
0.0479373
6.28124
-0.415827
-0.0975263
0.10534
1.59766
0.00998655
-24.0096
0.832397
0.414649
-0.781507
-0.204233
-0.0282776
-4.09091
0.0530538
0.281181
0.47461
0.440539
0.0035445
-25.1306
-0.153271
0.0369655
0.231468
0.375292
0.090616
-10.9576
0.775949
0.529839
-0.67224
-0.0235695
0.00304596
-11.5061
0.814057
0.494815
-0.743261
-0.0101354
-0.0242045
-9.98409
0.818544
0.402463
-0.830756
-0.148306
-0.027175
-3.71481
-0.0538762
-0.00151431
0.44876
0.747919
0.0152891
-22.3877
0.188239
0.137372
0.222819
0.422451
0.00360121
-19.5455
0.717299
0.480201
-0.638915
0.0807004
0.00956013
-12.1502
0.336351
0.330525
0.00667258
0.254234
0.101678
-19.4256
-0.512363
0.000719665
0.339267
0.240012
-0.00542106
-1.44521
0.544204
0.361773
-0.128214
0.260104
0.0452706
-20.621
0.852356
0.606658
-0.854001
-0.199166
-0.0253671
-6.98553
-0.880165
-0.261874
-0.0476075
0.433011
0.0773974
14.6306
-0.217325
0.0389891
0.222345
0.359166
0.0857979
-9.16313
0.817621
0.402062
-0.672405
-0.0893568
-0.0275117
-8.03304
0.871503
0.378589
-0.670756
-0.100004
-0.0295549
-8.45778
0.159875
-0.0534147
-0.431304
-0.137421
-0.13729
11.3645
0.0704533
0.205911
0.250795
0.195261
0.00567241
-14.5912
0.185473
0.149954
0.18128
0.441682
0.0021263
-19.2789
0.866243
0.464964
-0.996753
-0.150908
-0.027648
-2.52375
0.977256
0.176583
-0.562593
1.83242
0.032997
-48.3931
-0.03639
0.265188
0.277193
0.244961
-0.0002111
-15.084
-0.335372
-0.0606327
0.0969018
0.944043
0.041907
-13.5024
0.0572464
-0.0637233
-0.169677
0.05143
0.0475874
2.82168
-0.169566
0.0260483
0.198716
0.717749
0.000180835
-15.5593
-0.00142302
0.333401
-0.200599
1.12308
-0.00390558
-25.1994
0.845277
0.410986
-0.851674
-0.216153
-0.0282853
-2.62426
-1.35386
-0.315347
0.507372
0.0478332
0.110169
22.0223
-0.503467
-0.343339
0.140411
0.265835
0.128527
7.34495
0.831492
0.287128
-0.618068
-0.117209
-0.0305194
-6.52439
0.161554
0.09636
-0.245607
0.0277086
-0.129613
1.23141
-0.649642
-0.132553
0.129646
1.30892
0.073889
-13.7376
-0.233013
-0.040325
0.307739
0.203154
0.139784
-6.36975
0.156827
0.188
0.16032
0.493976
0.00317041
-20.0983
0.725982
0.44639
-0.731945
-0.205521
-0.0558133
-3.27339
0.623937
0.0504296
-0.0340482
1.53005
-0.00167851
-43.5544
0.308567
0.242688
0.124735
0.802304
0.0115146
-29.4517
0.846383
0.447943
-0.763508
-0.158523
-0.0271131
-6.31479
-0.39202
-0.0677835
0.181906
0.823905
-0.000350616
-11.0486
0.208184
-0.0190786
0.224558
0.519237
0.00186121
-18.7566
-1.26217
-0.369951
-0.0221368
0.102395
0.092511
30.407
0.734259
0.146055
-0.463902
0.69771
0.0178834
-22.0532
0.622805
0.210313
-0.855335
-0.189683
-0.0221763
5.2129
0.63495
0.121249
-0.0687235
1.43678
-0.00742737
-42.2871
-1.04494
-0.356206
0.504261
0.259362
-0.0878482
13.2071
-0.220031
-0.100872
0.138849
0.8379
0.00759757
-13.3441
0.853629
0.365854
-0.846057
-0.0696809
-0.027993
-4.93201
-0.20898
0.0371166
0.213531
0.729126
-0.0441183
-14.7785
-0.207416
-0.151751
0.186995
0.295428
0.0227817
-2.90032
0.605577
0.208035
-0.655901
-0.135069
-0.0873693
1.25525
0.0342616
0.177025
0.433657
0.510999
-0.0041511
-23.202
-0.188414
-0.0289238
0.0553653
0.603038
0.0720003
-9.75307
-0.764689
-0.177306
0.122315
1.64877
-0.0258344
-16.2328
0.854807
0.353515
-0.797488
-0.182882
-0.0283425
-3.39254
0.803757
0.430775
-0.893162
-0.101414
-0.0235619
-3.67335
0.146895
0.28414
0.1326
0.287579
0.00535719
-17.1725
0.793399
0.076801
-0.818953
0.993833
0.0471993
-21.2318
0.385341
0.241226
-0.0104485
1.72977
0.00289908
-47.1581
0.601753
0.0688323
-0.203006
1.19622
0.0808174
-33.6098
0.809514
0.367963
-0.831252
-0.224701
-0.0187948
-1.39582
-0.168383
-0.0154477
0.249431
0.338533
0.0967618
-9.30381
0.834446
0.275393
-0.720959
-0.121776
-0.0299995
-4.20193
0.899335
0.222691
-0.237217
0.366002
0.125799
-25.6445
0.476406
0.177939
0.157071
1.06342
0.00255265
-37.7223
0.832768
0.43639
-0.683821
-0.240154
-0.029139
-5.76249
0.881739
0.377524
-0.588676
-0.0375534
-0.0292544
-11.5477
0.759444
0.2611
-0.576155
-0.264874
-0.0644083
-2.11617
0.67464
0.433979
-0.5184
0.0400345
0.0317958
-12.2383
-0.461219
-0.244559
0.51051
0.347282
-0.00344988
-3.19519
0.864225
0.418346
-0.832987
-0.175914
-0.0280423
-4.32283
0.712566
0.363873
-0.620642
-0.0911755
-0.0596305
-5.84369
-0.331504
-0.22005
0.105335
0.117314
0.10232
5.39368
-0.963863
-0.29373
0.849132
0.417252
-0.106946
0.390405
0.634233
0.156883
-0.0926379
1.70038
0.0358007
-48.5557
-0.434433
-0.0993729
0.00958439
1.06078
0.0396215
-11.315
0.0587501
-0.15898
-0.373245
-0.0232868
0.0480025
10.2704
0.311561
0.0751265
0.750939
0.679221
0.0056956
-36.5418
0.219695
0.204014
0.170546
0.239247
0.00458305
-16.8059
1.1007
0.197586
-0.0800436
0.580066
-0.0060589
-36.1276
0.842036
0.357902
-0.753011
-0.0896211
-0.0282622
-6.0254
1.14552
0.513257
-1.20585
0.50962
0.0226708
-18.7304
0.0435538
0.2924
0.368641
0.448804
0.00126691
-23.1775
0.802376
0.462528
-0.732368
-0.0218876
-0.0250679
-9.08802
0.178383
0.102926
-0.109763
-0.151771
0.0390063
-0.013035
0.247146
-0.0264874
1.77269
0.567832
0.0254515
-51.2695
0.602735
0.361968
-0.35634
0.137911
0.0457484
-14.6958
-1.46685
-0.346467
0.612827
0.199394
0.107303
19.81
0.841844
0.293061
-0.792546
-0.146926
-0.030344
-2.77337
-0.893298
-0.154904
0.152157
2.15203
0.0253256
-25.1466
0.755584
0.227893
-0.51553
-0.301087
-0.0619819
-1.89442
-0.574292
-0.0701844
0.126537
0.666406
0.00647589
-3.18566
0.147286
0.300651
0.280893
0.523661
0.00440289
-25.1879
0.856167
0.496953
-0.775838
-0.174094
-0.0268742
-6.91706
0.811866
0.464971
-0.749976
-0.133309
-0.00848377
-7.0118
0.851563
0.387746
-0.803733
-0.0885956
-0.0233044
-5.86078
0.31484
-0.0583698
-0.439825
-0.189154
0.0447222
7.77455
0.605083
0.231008
-0.0390679
1.55858
0.00877277
-47.4065
0.417538
0.0629695
-0.0493648
1.22789
0.00146776
-33.3373
1.43308
0.254836
-0.29383
0.0556846
-0.045297
-28.7674
0.865702
0.43722
-0.864884
-0.22644
-0.0298786
-3.09772
0.833626
0.393123
-0.983839
-0.0686071
-0.0243342
-2.35428
-0.174078
-0.0595295
0.103042
0.615643
0.013933
-10.0164
0.863908
0.27786
-0.568598
-0.113101
-0.0312657
-8.0639
0.0181702
0.288253
0.225629
0.523803
0.000930493
-21.1983
0.838396
0.302564
-0.804974
-0.15352
-0.0307382
-2.50956
0.321287
0.165632
-0.0333978
0.40578
0.10098
-17.5497
0.86794
0.345977
-0.672782
-0.145245
-0.0302027
-6.78426
-0.934902
-0.368171
0.310756
0.227909
-0.0730665
15.6885
0.852187
-0.252379
-1.00243
0.438964
0.0337509
-0.308598
0.292202
0.293734
0.0845451
0.0308009
0.0573946
-14.5254
0.444455
0.145049
-0.0576087
1.36251
0.00183913
-38.0781
1.23143
0.643842
-0.369106
-0.124476
0.096295
-28.9535
2.4452
0.962829
-2.64499
-0.390819
-0.00347816
-6.83894
-1.69977
-0.713081
1.31644
0.37189
0.18709
11.8764
1.71218
0.905037
-1.16082
-0.0113159
0.155572
-31.0545
1.35432
0.849146
-2.2403
-0.567587
-0.0589572
13.4569
1.31953
0.672012
-2.2669
-0.575229
-0.0715366
18.531
1.56123
0.282223
-1.22657
-1.03596
0.004711
8.70437
1.17816
0.520604
-2.68149
-0.410182
-0.0211982
28.586
1.23131
0.516391
-2.46019
-0.453555
-0.035292
24.2457
-1.69878
-0.588147
1.09557
0.0289498
0.182192
21.1664
0.900895
0.85524
-1.84006
-0.350474
-0.165414
10.9661
2.23678
0.467263
-1.87484
0.0864054
0.174025
-18.6111
1.62978
0.400098
-1.29139
0.276176
-0.0539688
-19.5266
1.29937
0.651708
-1.93817
-0.649095
-0.0664684
14.1532
1.39113
0.905858
-1.84008
-0.478812
-0.334496
4.07918
1.43958
0.84114
-2.02101
-0.485529
-0.0522418
5.74519
-1.05792
-0.572231
1.64332
0.0757409
0.280729
-4.9109
-3.77547
-1.42516
1.87059
0.889996
0.178489
48.1022
0.639851
0.429214
-0.942751
0.357584
0.00582854
-9.96677
1.44481
0.808374
-2.37725
-0.643829
-0.0564293
16.6844
2.50843
0.532734
-0.558867
-2.2841
0.043735
-3.98946
1.40768
0.917832
-1.72623
-0.433436
-0.326788
0.245652
1.37308
0.655715
-0.624174
1.3565
-0.0172078
-55.5518
-0.535423
0.757573
-1.12962
-0.324493
-0.0244267
24.9389
1.34779
0.767539
-2.01399
-0.57564
-0.0641176
10.8854
1.44523
0.840651
-2.39164
-0.71898
-0.0573652
17.8454
-3.25902
-0.810712
-0.154152
-0.835388
-0.0420457
102.207
1.13859
0.943355
-2.80595
-0.338725
-0.029953
22.1393
0.833274
0.544272
-2.96949
-0.586015
-0.0400361
44.5617
0.131914
0.104046
-2.42208
0.206343
0.0605763
39.025
1.90338
0.521437
-1.62232
-0.731947
0.125962
-2.36454
-1.07424
-0.635117
1.7151
-0.0200792
0.284158
-2.87227
2.35427
1.29499
-2.86893
-0.276764
-0.00734735
-9.39478
1.26478
1.02358
-1.79888
-0.439614
-0.30629
2.31418
1.34914
0.778784
-2.12209
-0.681754
-0.0660279
14.9608
1.12808
0.892423
-1.81791
0.570119
0.156405
-17.0276
1.22804
0.665998
-2.75704
-0.432303
-0.0284384
26.7744
1.13335
0.132113
-1.29225
0.791257
0.0300792
-16.031
1.38712
0.840555
-2.18305
-0.61409
-0.0595081
12.7468
0.448844
0.0467983
0.165651
0.0928204
0.23001
-17.7585
0.294736
-0.00365306
0.387632
0.0852414
0.234275
-18.0046
2.35846
1.34862
-2.82258
-0.43366
-0.00428655
-8.35373
1.39439
0.92522
-2.15699
-0.463598
-0.0659613
7.48438
1.36133
0.819387
-2.22222
-0.567507
-0.0626786
13.5837
-0.743463
-0.411205
1.57027
-0.179082
-0.0510278
-4.14909
0.679672
0.0547607
-0.109632
0.276148
0.155519
-19.9884
1.60136
0.927983
-2.08859
-0.393144
-0.0306431
-0.048855
0.365612
0.49246
-1.10967
0.546833
0.0639559
-6.5702
-0.0814158
0.102511
0.220054
0.216478
0.00433162
-9.27122
2.35072
1.17187
-2.57161
-0.319515
-0.00712735
-11.9826
1.46346
1.046
-2.2909
-0.610594
-0.0546727
9.15853
1.62042
0.517944
-0.450501
3.30129
0.102237
-101.375
-1.15569
-0.17713
0.74023
0.282485
0.14221
4.29691
1.35847
0.822702
-2.06653
-0.518164
-0.0636279
9.47763
1.44522
0.8177
-2.10905
-0.504187
-0.0501313
8.22415
1.35803
0.768374
-1.91184
-0.391934
-0.322365
7.05437
3.15521
1.28499
-0.261575
0.203494
-0.198328
-87.1377
-1.0997
0.307572
-1.47989
0.192513
0.0641713
40.9512
1.48879
0.919287
-2.47147
-0.560551
-0.0539253
13.7671
1.56327
0.47354
-1.2022
0.434345
0.0440801
-26.4346
-1.82792
-0.596621
0.581741
2.70579
0.0870938
-18.6605
-0.0436593
-0.121075
0.335365
0.498316
0.0387178
-14.0768
1.23608
0.605
-2.73393
-0.252452
-0.0336259
23.819
-1.69917
-0.57553
1.35883
0.722316
0.15819
1.86369
-0.634979
0.970925
-0.342601
0.743619
2.43207e-06
-14.9702
1.4216
0.848063
-2.27961
-0.62641
-0.0571425
14.0562
1.25117
0.646367
-2.68378
-0.416947
-0.0333675
24.9815
-2.24756
-0.724836
1.44927
0.576978
0.193274
16.1923
1.34738
0.705303
-1.99738
-0.535902
-0.064189
11.0071
1.3414
0.93913
-1.72503
-0.27215
-0.304781
-2.34939
-1.81076
-0.221841
-0.470138
-0.517784
-0.0330783
61.0319
-0.20372
-0.132956
0.691082
0.346805
0.155019
-15.9929
-0.0666508
0.342345
-1.62227
0.163664
0.0546439
23.09
0.681951
0.178215
-3.02557
0.282179
-0.126953
39.6708
1.8633
0.963362
-1.40944
0.0776815
0.172749
-32.2857
2.21973
0.989978
-2.81286
-0.337328
-0.000192161
-0.649786
1.42963
0.887311
-2.19034
-0.573075
-0.0562128
10.244
-0.833978
-0.171735
-1.65343
-0.506935
-0.02092
63.5934
-1.917
-0.783697
-0.891732
-0.125935
0.0557213
74.8779
1.91264
1.09176
-1.92705
0.211192
0.205105
-27.7985
3.59695
1.30014
-2.41953
0.0776425
0.141508
-52.0572
1.33101
0.824255
-2.0949
-0.350889
-0.260973
8.57969
1.38265
0.102465
-1.18873
0.722805
0.0229543
-21.0387
-1.93851
-0.601789
0.560001
3.8508
0.087215
-38.9622
1.02609
0.255967
-0.585665
-0.111304
-0.0136097
-11.35
1.44214
0.811167
-2.28281
-0.495602
-0.0563741
11.8143
0.54999
0.442438
-0.60987
0.500221
0.00296329
-17.8624
-2.72183
-0.941796
1.30129
0.557256
0.20674
35.592
1.33346
0.856844
-1.86937
-0.280461
-0.310184
2.56318
-1.53377
-0.668607
1.38104
0.090178
0.248037
11.7651
1.04452
0.744043
-0.484571
0.188046
-0.00407963
-30.0284
2.07714
1.04146
-1.78344
0.329303
0.204421
-35.3074
1.44515
0.804612
-2.24703
-0.608776
-0.0599161
13.4849
1.38899
0.860616
-2.3404
-0.550432
-0.0665211
14.3113
1.30708
0.497789
-0.713296
-1.30964
0.0811337
3.63423
1.01489
0.258922
-1.88145
0.923806
0.172909
-6.8833
0.137034
0.0565605
0.307543
0.254731
0.204205
-17.4812
2.04944
0.63246
-1.36822
0.03664
0.16971
-29.3462
1.39236
0.808184
-2.27397
-0.648522
-0.0539855
15.7196
0.374971
-0.0152797
0.328998
0.100789
0.235636
-18.5292
1.36353
0.699193
-2.10512
-0.538192
-0.063382
12.9965
1.90631
0.982795
-1.21569
0.00984978
0.158948
-35.8352
2.52577
0.885291
-2.42705
0.404334
-0.104473
-26.4027
1.38085
0.860793
-2.08031
-0.648852
-0.0592458
11.102
1.42223
0.800975
-1.96838
-0.459568
-0.0516795
5.32287
0.910504
0.56288
-1.83963
-0.468023
-0.167344
19.0221
2.31532
1.26051
-2.7866
-0.405371
-0.00400827
-7.03423
-1.4575
-0.203325
0.901414
0.188515
-0.000169905
11.1785
1.46201
0.86828
-2.27813
-0.598286
-0.0546222
12.2156
0.993389
0.709303
-1.67857
-0.537331
-0.189955
12.7945
-1.75334
-0.548783
1.1988
0.665329
0.203642
6.37413
-2.38072
-0.839211
1.41818
0.224041
0.21679
29.1108
4.13151
1.50491
-2.01265
-0.511455
0.183046
-63.0056
-1.61551
-0.596579
1.29598
0.00917426
0.241204
15.3553
1.19896
0.516683
-2.92045
-0.299743
-0.031824
30.9985
1.86026
0.741623
-1.08666
-0.0524929
0.154393
-31.3831
0.470928
0.365837
-0.578485
0.199983
0.00337683
-9.3703
0.237286
0.350958
-0.361206
0.467653
0.00303562
-14.0519
1.37928
0.775228
-2.13409
-0.500282
-0.0569307
10.9175
1.80666
1.21587
-3.18139
-0.235652
-0.0171769
8.681
0.419356
0.391974
-2.08952
-0.264755
0.0525572
30.2431
1.37894
0.888331
-2.15155
-0.468005
-0.0668583
8.51546
1.15384
0.949209
-2.69681
-0.347279
-0.02857
19.682
1.73408
0.59297
-0.847456
-1.18821
-0.044964
-5.25685
2.30232
1.21375
-2.73517
-0.332875
-0.00372956
-8.33459
1.25422
0.686372
-2.69146
-0.349128
-0.0333423
22.9115
1.34187
0.693824
-2.14861
-0.556089
-0.0637562
14.7801
1.61231
0.328698
-0.668586
0.465318
0.0100177
-35.149
1.27525
0.634046
-1.92733
-0.703507
-0.071635
15.929
3.47101
1.32424
-2.46974
-0.0632284
-0.101163
-44.2777
1.36687
0.842432
-0.54179
0.457575
0.000444055
-42.7286
1.45769
0.942432
-2.21735
-0.592853
-0.056113
9.52593
2.30442
1.27997
-2.80742
-0.534951
-0.00998447
-4.0918
1.48901
0.843291
-2.28473
-0.499731
-0.0461286
10.2169
1.23983
0.53327
-2.77988
-0.516296
-0.0344805
31.3933
0.827047
0.700236
-1.17022
0.451282
0.00377281
-16.4658
0.251782
0.524978
-0.786698
0.723204
0.00314407
-14.59
2.01458
0.706322
-1.49545
0.0931258
0.177927
-28.8213
1.4449
0.871555
-2.29868
-0.619844
-0.051147
13.2794
1.43114
0.832774
-2.41714
-0.508568
-0.0623234
14.653
-0.94611
-0.242704
0.802701
0.306521
0.134456
-0.198044
1.3902
0.703851
-1.95132
-0.53544
-0.0577906
9.15279
0.548081
-0.239746
-0.353383
-0.106597
0.0226183
2.75994
1.32734
0.694449
-2.15947
-0.567363
-0.0650252
15.5239
3.38986
1.17153
-2.36581
-0.158954
-0.0955003
-39.7856
1.41897
0.778745
-2.08067
-0.556658
-0.0542273
10.0539
-1.82538
-0.464348
1.15804
0.573407
0.006985
10.7032
1.21029
0.458394
-2.88233
-0.296367
-0.0377108
31.1627
1.00607
0.249832
-0.630823
0.225189
0.0276454
-17.4001
1.24784
0.908217
-1.00773
1.12679
-0.00498298
-45.8857
1.071
0.752878
0.000739112
-0.00476917
-0.00275371
-36.5553
0.0373406
-0.031444
0.641437
0.134072
0.0421156
-15.2862
0.0335731
0.0618713
-0.270929
0.453928
0.00213628
-5.66323
0.0317414
0.0199662
0.590473
0.940794
-0.0226619
-30.9663
0.0180336
0.108026
0.285442
-0.0672727
0.057879
-6.79575
-0.023075
-0.10628
0.321277
-0.0308756
0.0561049
-3.10211
0.00666597
0.024582
0.611573
1.1258
-0.0443447
-34.9709
0.00334942
-0.115889
0.479384
-0.0740674
0.0718142
-5.75672
0.00905347
-0.121115
0.315943
0.06378
0.0617152
-5.26514
0.00731511
0.0530848
0.428324
1.23269
0.00466901
-34.6068
0.00106138
0.143463
0.466629
0.0820264
0.0581593
-13.7654
0.0832719
0.214905
0.378445
0.617396
0.00536983
-26.0507
0.0510649
0.0724417
0.214493
0.763274
0.000254113
-22.1435
0.0100035
-0.0934655
0.58277
-0.153421
0.0538394
-6.78496
0.00658569
0.0232203
0.462467
-0.245187
-0.0507773
-3.94919
0.0521544
-0.0215446
0.294107
0.251833
0.0443662
-11.362
0.0400236
0.265244
0.378025
0.400093
0.0026173
-21.7786
0.0525127
0.0754984
0.262453
0.72739
0.103633
-23.2587
0.0418296
0.102036
0.365294
0.821732
0.000648005
-26.7181
-0.0567013
-0.0832798
0.185033
0.00846206
0.0369252
-0.801493
-0.033009
-0.0394173
0.182805
0.733036
0.00140548
-16.9578
0.0351572
0.0528104
0.524288
-0.17808
-0.0449437
-7.71636
0.0215264
0.266058
0.147852
0.934653
-0.00197953
-27.4905
0.0325303
0.141502
0.292955
0.846215
0.0541408
-26.7739
0.023575
0.0120486
0.516246
-0.0817309
0.0561019
-9.29575
-0.0140958
-0.0614152
0.125377
-0.0637049
0.110507
-0.467998
0.00649501
0.0425801
0.310485
0.889569
0.0116912
-25.2471
0.0838368
0.0974357
0.172277
-0.0742179
0.0701289
-5.48937
0.000555749
-0.0263636
0.295968
0.693334
-0.00118465
-19.3481
0.0304172
0.116229
0.231892
0.720636
0.0976453
-22.8408
0.199574
0.437633
0.687245
0.181276
0.0518474
-30.3878
0.00992296
0.244325
0.305391
0.181958
0.00141465
-14.9285
0.0229433
0.158767
0.66215
0.304699
0.0038041
-22.1309
-0.0547107
0.114227
0.548861
-0.160769
0.0538722
-8.79303
-0.0341218
-0.00392899
0.517505
-0.173282
0.0527625
-5.96762
0.0069346
0.0631211
0.135612
0.875196
-0.00499061
-21.6866
-0.0556357
0.000184588
0.216636
-0.0495419
0.0682441
-2.145
0.0848954
0.154783
0.11865
0.93925
0.00218605
-26.0526
-0.00891448
0.0167335
0.41764
-0.0922095
0.0596918
-6.58168
0.0158755
0.0739281
0.292594
1.40389
0.00656482
-35.9401
0.058546
0.274828
-0.0217801
-0.110012
0.114973
-5.21007
-0.00305517
0.193595
0.279384
0.0280865
0.0733465
-9.85727
-0.0496594
0.108884
0.522866
0.0842296
0.0565543
-13.1996
-0.00471695
0.0532974
0.355688
-0.0617426
0.0571332
-6.74868
0.0173276
0.000610017
0.264167
0.889806
0.0011645
-23.5614
0.0362643
0.135541
0.34728
0.756
0.0100293
-25.7564
0.0788492
0.250463
0.365104
0.313554
0.0931047
-20.7665
0.0675657
0.185363
0.154276
0.801163
0.102124
-25.0596
-0.0765991
0.186199
0.140431
0.193632
-0.000864746
-8.91698
0.0013972
0.0680118
0.758218
0.168946
0.052104
-19.5633
-0.011284
0.136381
0.14637
0.0354085
0.116102
-6.93115
0.0395063
0.143965
0.311766
1.21062
-0.076148
-33.3077
-0.0498746
0.0195877
0.460003
0.666221
0.00535402
-21.6584
-0.000582046
0.0543652
0.511645
-0.00571677
0.0561475
-11.0809
-0.0147562
-0.118532
0.216764
0.19169
0.0196041
-4.99491
-0.0117356
-0.159387
0.384523
-0.0868953
0.0444978
-2.29821
0.00659708
0.0815843
0.0749622
1.30133
-0.00268195
-28.9431
0.0552377
0.0821669
0.181712
0.754158
0.0442869
-21.8593
-0.0503682
0.0118679
0.017117
-0.00735359
0.0639754
0.661905
0.0280675
0.011392
0.110401
1.47302
0.00655078
-32.2475
0.0515179
0.307408
0.188358
-0.291726
0.152922
-6.63952
-0.00629897
0.023262
0.170443
1.53902
0.00500291
-34.349
-0.0379903
-0.0659339
0.172575
0.161801
0.0617299
-4.45608
0.0156893
0.0257738
0.29066
1.01282
0.00133528
-27.0075
-0.00842717
0.163318
0.414484
0.86442
0.0027284
-28.8113
-3.34911e-05
-0.048785
0.0897033
0.00683234
0.117349
-1.76384
-0.0853031
0.00849872
0.162526
0.0959689
0.0577314
-3.50156
-0.0230078
-0.00921686
0.141537
0.205694
0.00365437
-6.38347
0.0200655
-0.0629291
0.549607
-0.0347923
0.0553262
-9.325
0.0185521
0.0549719
0.500449
0.0406881
0.0554712
-12.1658
0.0174756
-0.143505
0.215188
1.24611
0.01462
-26.4956
0.00532288
0.0979007
0.0155205
-0.333
0.167419
2.64082
0.0345839
0.0771922
0.188978
0.847488
0.0709013
-23.6109
-0.0448574
0.0992494
0.429289
-0.0817348
0.055686
-7.90464
0.00581226
0.213007
0.0934944
1.44136
0.0181787
-34.8965
0.00757455
-0.0530184
0.503574
0.311577
0.0508848
-15.0398
0.00327519
-0.0161356
0.169686
0.0683649
0.118686
-5.32481
0.0668659
-0.0775593
0.482744
1.49594
-0.00254016
-38.6311
0.0833206
0.0508616
0.211489
0.830784
0.079117
-24.2341
0.0205978
0.0696911
0.298996
0.729675
0.00357209
-22.5072
-0.0312939
0.11331
0.413016
0.840693
0.00998738
-26.9614
0.132352
0.254707
0.507207
-0.0274905
0.0658013
-17.6506
0.0192113
-0.0778102
0.645545
0.944673
-0.0555905
-29.4626
-0.0131926
0.200387
-0.274641
-0.00389338
-0.115188
2.5748
0.0513581
0.0515669
0.35574
0.846911
0.00262036
-26.2462
-0.0038686
-0.0774741
0.103983
0.213867
0.115942
-5.52579
0.00334412
0.191039
-0.110737
0.534253
-0.0667284
-11.3768
0.052866
0.0925194
0.27919
0.179303
0.00498999
-12.2277
-0.00625688
-0.0374975
0.392087
0.0322734
0.0530054
-7.46073
0.0194364
0.0769376
-0.0170298
1.1719
-0.0191161
-24.8708
-0.0201277
-0.0483364
-0.0292879
0.356068
-0.125406
-3.2823
-0.0124628
-0.088034
0.515737
0.0111536
0.0645429
-8.22863
-0.0688364
-0.080005
0.257663
-0.00487341
0.0632268
-1.99359
-0.0665014
0.0204022
0.353909
0.0358492
0.0606179
-6.78286
0.048803
0.159943
0.321862
0.632649
0.0784188
-23.9686
-0.0130099
0.177812
0.209005
0.810154
-0.00294493
-23.7722
-0.000734334
0.181264
0.596844
1.07423
0.0120552
-36.7814
0.00275765
-0.0438086
0.124841
1.43237
0.00945189
-30.1139
0.200005
0.154019
0.349072
0.208951
-0.0249032
-18.0224
0.0567742
0.212475
-0.0968036
-0.0145938
0.0976272
-4.21053
0.00994822
-0.098295
0.45043
-0.0305685
0.0550957
-6.50844
-0.00902666
0.162745
0.274059
0.976475
0.0067497
-28.2877
-0.0165221
-0.0388651
0.618766
0.341812
-0.0427039
-16.801
-0.00552966
0.0369395
0.516508
-0.133178
0.0561426
-8.1708
-0.0158723
-0.0399442
0.306807
0.225411
0.0530517
-9.39494
0.0647515
-0.0272759
0.456993
-0.148426
0.055465
-6.80449
0.0165647
0.0881346
0.570152
0.0799102
0.0559346
-14.7665
-0.034017
0.0583323
-0.0921061
0.149451
-0.155332
-0.362327
-0.0512372
-0.00425701
0.164948
0.0509275
0.0563024
-3.05127
0.0083802
0.0786337
0.439645
0.0349546
0.0581717
-11.1325
0.00568886
0.0428712
0.00821851
0.735838
0.00573928
-15.992
0.00280243
0.0744976
-0.14057
0.0934261
-0.149193
0.503765
0.0521468
0.0410364
0.504188
1.26625
-0.00377348
-37.3851
0.00494694
-0.0677139
0.111693
0.382814
-0.100885
-7.15123
-0.0216983
-0.15056
-0.0389432
0.108341
0.0644967
2.18648
0.0540446
0.0460425
0.0581221
0.915919
0.00317123
-21.608
-0.0314647
-0.00584668
-0.02505
1.16298
-0.00484337
-21.6705
-0.0191885
0.114691
0.420433
1.00702
0.00679729
-30.278
0.0270244
-0.0679712
0.100305
0.12178
0.11676
-4.44615
-0.0317727
0.133551
0.0415336
0.258206
0.0566946
-7.89539
0.00929269
0.0486567
0.538468
0.354775
0.0750751
-18.8632
-0.0708961
0.0602568
0.355198
0.182317
0.0480111
-10.3136
0.0833354
0.0962059
0.292474
-0.0863448
0.070831
-7.62954
0.0406132
0.18896
0.291722
0.783116
0.0111108
-26.3575
-0.00445996
0.0330895
0.695892
0.128381
0.0568645
-16.7124
-0.0688947
0.055391
0.189696
0.0798333
0.0591291
-4.95749
0.0487807
-0.0389588
0.334988
-0.0626721
0.0580757
-5.56149
-0.0262876
0.0863704
0.296355
1.2006
0.0011102
-31.269
0.0304139
-0.107644
0.555019
-0.192985
0.0528905
-5.55306
-0.0129526
0.00216246
0.561321
0.253526
0.0416141
-15.7232
-0.00294334
0.0204246
-0.0355197
0.854287
-0.0573286
-16.0417
-0.0113098
0.0180701
0.237445
0.0592899
0.116508
-6.86235
-0.0423436
0.0924325
0.194826
-0.0646729
0.0584529
-3.39431
-0.0803493
-0.030474
0.243718
0.211697
0.0580613
-6.77941
0.0390095
-0.104223
-0.0511207
-0.0978515
0.0641405
4.37092
0.0208383
0.0749334
-0.0876749
0.291298
-0.0491036
-5.23793
0.0494659
0.0253351
0.294282
0.887055
0.0023301
-25.2558
0.0403306
-0.0140304
0.129597
1.39865
-0.00769451
-31.1907
0.00525531
0.0138373
0.0369253
-0.0943412
0.0607865
0.867876
-0.0624106
-0.00523824
0.352986
0.0404362
0.0563875
-6.39691
0.000608134
0.0834392
0.171029
0.873857
-0.000680028
-22.6683
0.0416424
-0.128182
0.283498
0.158209
0.120454
-7.96792
0.0328817
0.118651
0.275043
0.773832
0.0816682
-24.7318
0.0547508
-0.0228524
0.303207
-0.0612076
0.0570065
-5.38619
0.000574167
-0.0393284
0.461076
0.270841
0.0452418
-13.5149
-0.0456662
-0.0826438
0.240394
0.0616659
0.0562329
-3.35229
0.00321294
0.216777
-0.190702
0.00637736
-0.149926
0.52034
-0.033997
-0.202414
-0.00644943
0.132795
0.0625593
2.32193
0.0731646
0.167065
0.288635
0.500302
0.0710759
-21.2163
0.0450494
0.125577
0.273497
1.17877
0.00734863
-32.2266
0.00784148
0.180635
-0.122634
0.89739
0.00179698
-19.3731
0.139903
0.0634514
0.0208435
0.243467
0.12967
-8.98454
0.0361236
0.0667757
-0.0213697
-0.0390262
-0.535108
3.22535
-0.0869023
-0.375111
-0.0940294
0.417076
0.236728
1.21768
0.0194749
0.0789052
0.0104218
-0.0473108
-0.536506
2.86179
0.0967622
0.238695
0.392928
0.233638
-0.308999
-14.3905
-0.0171169
0.0768884
-0.0497542
0.208364
0.362914
-7.31189
0.0357369
0.0322265
0.0163598
0.106524
0.338695
-6.5512
0.0793619
0.407973
0.530493
1.21365
0.0610259
-44.4728
-0.0110522
0.219373
0.40014
0.713325
0.231329
-28.3871
0.0337163
0.100858
0.238058
0.206959
0.338178
-14.3499
0.0240118
0.0144586
-0.0969758
0.0403898
-0.0682883
2.90808
0.105949
0.216708
0.0381073
0.22305
0.130495
-11.3056
-0.0851583
-0.41242
0.22062
0.552446
0.183087
-6.31823
0.12975
0.0527818
-0.0301761
0.259998
0.0302021
-6.73589
0.00424402
0.236009
0.138803
0.60678
0.263166
-21.8955
0.00202633
-0.00283284
0.115341
0.199144
0.335809
-8.99847
0.029976
-0.0560933
0.220545
0.707389
0.0731234
-17.8318
0.0546732
0.0324341
-0.0519879
0.216879
0.378527
-8.17654
0.0375475
0.000667923
0.0312431
0.278941
0.327773
-9.6225
0.0081279
0.0862635
-0.154003
0.0215131
-0.0396383
3.05998
0.00626659
-0.0785656
0.150311
0.203258
0.314443
-8.18068
0.0348413
0.322097
0.305241
0.25976
0.108537
-17.8836
0.013621
-0.0837749
-0.0688863
0.55267
0.23297
-9.86959
0.0357973
0.0310598
-0.22099
0.14896
0.02343
1.72216
0.0557844
0.145438
0.311501
0.414226
0.272827
-20.7946
0.0254412
0.162477
0.0488584
0.152413
0.0949251
-7.09109
-0.0574219
0.10298
-0.11147
-0.0501372
-0.00626916
4.34963
-0.0463665
0.141968
-0.111701
-0.00906446
-0.0326853
2.74917
0.0504004
0.0970491
0.333805
0.310193
0.096042
-15.1535
-0.0156468
0.043109
-0.070627
0.196688
0.388209
-6.2718
0.0506462
0.101993
-0.0381017
0.0194436
0.0410026
-1.24782
0.0120019
-0.139156
-0.0706418
0.0519333
0.0613616
4.22114
-0.0776773
-0.202547
0.316302
0.878945
0.0673795
-18.3227
-0.0585548
-0.0871218
-0.1525
-0.136052
-0.0440529
11.0522
0.0239161
0.0576963
0.228976
0.34585
0.125103
-12.4848
0.0111394
0.0329504
-0.169067
0.137576
-0.0286126
1.8658
0.0681815
0.249175
0.103628
-0.142457
-0.552662
-1.27741
0.0884909
0.0707107
0.0360776
0.26191
0.124322
-8.71611
0.0490713
0.122363
0.120816
0.296447
0.124814
-11.4401
0.0663111
0.291193
-0.0439915
-0.128844
-0.538299
0.449298
0.0409578
0.0652122
0.239813
0.0733124
-0.0110645
-6.51096
0.0311473
-0.0121327
0.265697
0.436361
0.0919638
-13.6786
-0.0295828
-0.162719
-0.226581
0.144051
0.00306013
7.38792
-0.00997734
-0.0306378
-0.20693
0.185321
0.0304563
2.87529
-0.0547745
0.139441
-0.0810955
-0.0965835
-0.0544602
4.3851
0.0994932
0.160648
0.104521
0.412424
0.13374
-15.1202
0.0154717
-0.158161
-0.0613118
0.17836
0.0349024
2.05339
0.0567686
-0.110553
-0.1071
0.139117
0.343286
-2.36587
0.0485462
0.244226
0.154691
-0.178809
-0.548535
-1.07269
-0.0204943
0.133564
-0.162825
0.596366
0.242661
-12.6279
-0.039706
-0.0141229
-0.121229
0.0295917
-0.0374406
5.21111
0.0506358
-0.0225448
0.152632
0.774626
0.102916
-18.8319
0.016079
0.0186654
-0.0390606
0.196598
0.34536
-6.64097
0.00831414
-0.010002
0.0631749
0.120355
-0.0351382
-1.42962
0.0793382
0.241607
0.195937
0.927465
0.100537
-28.9268
-0.0288563
-0.065139
0.00323611
0.0415487
0.025933
2.64529
-0.015246
0.12715
0.0832555
0.195346
0.321678
-10.4226
-0.0263181
0.0738834
-0.183427
-0.0362284
-0.00177434
5.36937
-0.0555049
-0.0914461
-0.0823321
0.474881
0.28365
-6.93039
-0.124718
-0.301905
0.263473
0.488896
0.149064
-7.17055
0.0147596
-0.056347
0.124011
0.0752752
0.332511
-5.83961
0.146956
0.292353
0.238156
-0.128244
-0.130774
-10.3084
0.00590285
-0.0963727
-0.17201
0.485716
0.287256
-6.52035
-0.0199295
-0.27642
0.0210399
0.420759
0.262064
-4.73355
-0.0202933
-0.103445
-0.237408
0.0378591
0.0278946
8.09401
0.193258
0.421574
0.00894105
-0.634227
0.251616
-2.42562
0.0127016
-0.0395009
-0.0651449
0.0266698
0.0292042
2.90006
-0.0228808
0.0119099
-0.116147
-0.0349992
-0.0505622
5.60505
0.0587963
-0.209755
0.021544
0.0370708
0.0956987
2.80904
0.0282745
0.0432019
0.20012
0.40998
0.0909268
-12.8878
-0.0489688
-0.0983151
-0.150274
0.0889123
0.0183906
5.94231
-0.0846058
0.0567096
-0.263516
-0.18124
-0.0443783
11.8877
-0.0188999
-0.0070906
0.0710585
0.231404
0.321545
-8.13853
-0.0448737
0.0989006
-0.061856
0.0457948
-0.0839938
1.95899
-0.0146247
-0.0233767
0.0875507
0.0127267
0.365953
-4.22437
0.0311487
0.171697
0.628264
0.480367
0.248693
-28.315
-0.119497
-0.398182
-0.141501
0.339799
0.272355
4.52711
-0.0358502
0.020703
0.0554081
0.0355992
0.00283361
0.386742
0.0945018
0.12536
0.111569
0.22992
0.128947
-10.8378
-0.0224901
-0.0568154
0.213003
0.205436
-0.00131206
-6.82398
-0.0326686
-0.20748
-0.171069
0.0263148
-0.0685869
10.3726
-0.0303021
0.150574
0.0651942
0.196792
-0.00041622
-7.67466
-0.0117339
0.0811772
-0.0654231
0.00536317
-0.093889
2.65362
-0.0522822
-0.0901534
0.000468374
0.039029
-0.0111244
4.12055
-0.0284678
0.060313
-0.049511
0.20251
0.321399
-6.30088
0.0573473
0.0682868
-0.0399863
0.367474
0.337115
-11.8015
0.0234726
0.152587
0.124645
0.224692
0.0921989
-9.78522
-0.0886654
-0.121117
-0.259294
-0.108304
-0.00680592
13.6385
-0.0690838
-0.0428095
-0.00326628
0.118162
0.00848627
1.85507
-0.0348229
-0.0545827
0.0672856
0.242539
-0.00282263
-4.43704
-0.0171587
-0.0167815
0.16539
0.839156
0.0686118
-19.1824
-0.160198
-0.175622
-0.149982
-0.470128
0.152709
20.1709
-0.0559228
-0.359736
-0.203482
0.41068
0.294488
2.09104
-0.0257903
0.0661142
0.199233
0.17199
-0.00313673
-8.26429
0.0565907
0.10875
0.0327965
0.18156
0.124187
-7.14986
-0.0756683
-0.0849708
-0.136021
-0.168294
-0.0488494
11.7673
0.197457
0.540036
0.0796376
-0.620993
0.238093
-6.4388
-0.100937
-0.285979
0.350469
0.71538
0.14583
-14.3243
0.0210943
0.148776
-0.002436
0.272918
0.375358
-11.9148
0.0692746
0.0653226
0.0848699
0.228458
0.376549
-12.0788
0.0444289
0.0931549
-0.0665689
0.133635
0.00992453
-2.3642
0.0167371
0.0954941
-0.194801
0.0911484
-0.0202455
1.88462
0.0897026
0.111954
0.364688
0.528311
0.0453448
-20.5688
0.0676172
0.147634
0.0741413
0.224104
0.320651
-12.8838
-0.0271292
-0.00315281
-0.122012
-0.0368351
-0.074522
6.48439
0.100586
0.0562449
-0.0852577
0.106113
0.0438705
-2.1559
-0.0454918
-0.0251628
-0.0732929
-0.072088
-0.0379388
6.62039
0.0451583
0.176816
0.128364
0.202835
-0.0861707
-8.53383
0.0274983
0.0585756
0.0816031
0.257064
0.107474
-7.89113
0.0311337
0.0606566
0.047292
-0.0300877
-0.53791
1.91867
0.0794381
0.0789751
0.170992
0.423578
0.255232
-17.1374
-0.0854327
-0.105978
-0.0998187
-0.178579
-0.0298044
11.7083
-0.00438234
-0.0989246
-0.118714
0.13249
0.0547327
3.1722
0.0182683
0.0360618
0.173642
0.311395
0.0944907
-10.0761
0.052965
0.254659
0.156367
-0.181361
-0.543972
-1.41984
0.0315007
0.030784
0.193947
0.304906
0.0916469
-10.4986
-0.038214
-0.0794725
-0.1955
0.0433933
-0.00680865
7.39153
-0.0284981
-0.0297686
-0.133806
0.131735
-0.0738888
3.90964
-0.0671918
-0.0413799
-0.0291324
0.110371
-0.013435
2.65937
0.0605646
0.137464
0.35349
0.205329
0.250766
-17.2047
0.0426922
-0.102037
-0.0208625
0.352297
0.338586
-8.19292
-0.0513897
-0.0922817
0.0104926
0.596581
0.214786
-10.6939
0.0109968
-0.207555
-0.169453
-0.0292513
0.0269759
9.52256
-0.127983
-0.344495
-0.181461
0.260305
0.272037
6.00202
-0.0206181
-0.00288747
-0.187025
-0.109444
0.00270412
8.277
0.0792188
-0.12429
-0.0593355
0.118027
0.0766961
0.834853
0.00855588
0.0281471
-0.00797182
0.0519046
-0.0626389
0.936394
0.0836137
0.0643888
0.038207
-0.0383148
0.0433751
-1.56815
-0.0252
0.0485907
-0.208294
-0.110702
-0.0749008
8.66728
0.106483
0.0342809
-0.113412
-0.0301056
0.0708912
1.19471
-0.00974273
0.163773
0.00711674
-0.00869563
-0.0749705
-0.327843
-0.0731684
-0.372069
-0.0159065
0.281429
0.282387
1.61688
0.0738761
0.310356
0.0958541
-0.133993
-0.545788
-2.706
0.051815
0.12613
0.0850996
0.240203
0.118045
-9.56606
0.041238
0.282062
0.295994
0.400184
0.0949819
-19.6933
0.00230651
0.115122
0.154762
0.0899973
0.330507
-9.93174
-0.0519682
0.0024819
-0.168708
0.0218849
-0.0582902
6.49853
0.0413894
0.0162255
0.00734828
0.297852
0.11306
-6.7209
-0.0427242
0.108983
-0.245601
0.0837783
0.000856856
3.84679
-0.061055
0.0414452
-0.0416533
0.000867629
-0.0607899
3.76888
-0.0721752
0.0061068
-0.189424
-0.0560676
-0.00421273
8.26992
0.035461
-0.0740738
0.105588
0.236081
0.114001
-5.51494
0.0113146
0.101704
-0.0476048
0.0499547
0.394172
-5.58624
0.0990685
0.164838
0.827544
1.61457
-0.0229418
-53.9666
-0.0857024
-0.184074
0.222754
0.715776
0.1492
-14.1405
0.22013
0.384249
0.107272
-0.51187
0.217773
-6.34813
-0.0897026
0.0570879
-0.176387
0.092466
-0.0325396
4.66374
-0.0450497
-0.156306
-0.110483
0.0563645
-0.0232265
7.25951
0.146726
0.368802
1.00598
0.400921
0.0803217
-37.532
0.000210994
-0.0422821
0.216837
0.420021
0.134499
-11.5318
-0.0153463
-0.104488
-0.00468995
0.374397
0.304687
0.0053194
0.450736
0.511182
-0.159269
0.316542
0.122653
0.0977427
0.353996
0.186557
0.44615
-0.765071
0.0605972
-0.180385
0.338518
0.0251555
0.252807
-0.09116
-0.13072
0.374317
0.310056
0.0838565
0.497719
0.85835
-0.0108775
-0.000345783
-0.242088
0.11313
0.222752
0.3039
0.257429
0.348927
-0.0885703
0.352728
-0.00765288
-0.0574028
0.244224
0.278297
0.347632
0.284545
0.0447309
0.171873
0.0856034
-0.044358
0.0207651
0.332192
0.0965028
-0.056379
0.341226
0.410677
0.211524
-0.0382967
-0.00267822
0.363558
-0.192601
-0.0489945
-0.0907438
0.365735
-0.00313068
0.0416796
0.350604
0.429089
-0.115125
0.371801
0.252364
0.04898
-0.112461
-0.0125464
0.262108
0.170251
0.000314249
0.352325
-0.0274319
0.0129722
0.245129
-0.0568236
0.138706
0.0463058
-0.285555
-0.0623477
0.356316
0.0398137
-0.0297548
0.259103
-0.0165543
-0.0492813
-0.0903555
0.310188
0.267103
0.00945893
-0.051159
0.0385543
-0.209237
0.268039
-0.0706751
0.37375
-0.318849
0.00887622
0.351287
0.448908
0.383096
0.163584
-0.0505877
0.353656
0.309822
-0.0695402
-0.372248
0.177633
-0.227652
0.416829
0.000141344
0.0110185
0.0133206
0.389621
0.828658
0.00808628
0.287534
0.479158
-0.0762206
0.118861
0.459104
0.407236
0.173182
0.350157
-0.0594345
0.0697602
0.327757
0.276807
0.325507
0.39328
0.0232511
0.134688
0.0478208
0.416867
0.287156
-0.0365663
0.419139
0.0247215
0.408037
-0.238318
0.417066
-0.124672
0.482943
0.0579725
0.0257165
0.529932
0
0
0
0
0
0
0
0
0
0
0
0
0
0
0
0
0
0
0
0
0
0
0
0
0
0
0
0
0
0
0
0
0
0
0
0
0
0
0
0
0
0
0
0
0
0
0
0
0
0
0
0
0
0
0
0
0
0
0
0
0
0
0
0
0
0
0
0
0
0
0
0
0
0
0
0
0
0
0
0
0
0
0
0
0
0
0
0
0
0
0
0
0
0
0
0
0
0
0
0
0
0
0
0
0
0
0
0
0
0
0
0
0
0
0
0
0
0
0
0
0
0
0
0
0
0
0
0
0
0
0
0
0
0
0
0
0
0
0
0
0
0
0
0
0
0
0
0
0
0
0
0
0
0
0
0
0
0
0
0
0
0
0
0
0
0
0
0
0
0
0
0
0
0
0
0
0
0
0
0
0
0
0
0
0
0
0
0
0
0
0
0
0
0
0
0
0
0
0
0
0
0
0
0
0
0
0
0
0
0
0
0
0
0
0
0
0
0
0
0
0
0
0
0
0
0
0
0
0
0
0
0
0
0
0
0
0
0
0
0
0
0
0
0
0
0
0
0
0
0
0
0
0
0
0
0
0
0
0
0
0
0
0
0
0
0
0
0
0
0
0
0
0
0
0
0
0
0
0
0
0
0
0
0
0
0
0
0
0
0
0
0
0
0
0
0
0
0
0
0
0
0
0
0
0
0
0
0
0
0
0
0
0
0
0
0
0
0
0
0
0
0
0
0
0
0
0
0
0
0
0
0
0
0
0
0
0
0
0
0
0
0
0
0
0
0
0
0
0
0
0
0
0
0
0
0
0
0
0
0
0
0
0
0
0
0
0
0
0
0
0
0
0
0
0
0
0
0
0
0
0
0
0
0
0
0
0
0
0
0
0
0
0
0
0
0
0
0
0
0
0
0
0
0
0
0
0
0
0
0
0
0
0
0
0
0
0
0
0
0
0
0
0
0
0
0
0
0
0
0
0
0
0
0
0
0
0
0
0
0
0
0
0
0
0
0
0
0
0
0
0.696347
0
0
0
0
0
0
0
0
0
0
0
0
0
0
0
0
0
0
0
0
0
0
0
0
0
0
0
0
0
0
0
0
0
0
0
0
0
0
0
0
0
0
0
0
0
0
0
0
0
0
0
0
0
0
0
0
0
0
0
0
0
0
0
0
0
0
0
0
0
0
0
0
0
0
0
0
0
0
0
0
0
0
0
0
0
0
0
0
0
0
0
0
0
0
0
0
0
0
0
0
0
0
0
0
0
0
0
0
0
0
0
0
0
0
0
0
0
0
0
0
0
0
0
0
0
0
0
0
0
0
0
0
0
0
0
0
0
0
0
0
0
0
0
0
0
0
0
0
0
0
0.391615
-1.03934
0.57917
0.399008
0.331182
0.0828935
0.353677
0.430397
-0.359858
0.290761
-2.47225
0.0847735
0.355865
0.287743
0.430766
-0.468625
2.61473
0.204649
0.350391
0.599778
0.35037
0.629572
-0.0552749
0.38066
0.326989
1.12327
0.914741
0.833427
-0.260415
0.107653
-0.478521
0.513001
0.238236
0.315279
0.245662
0.395208
0.368539
0.364912
-0.269638
-0.29738
0.510838
0.294288
0.367741
-0.347368
-0.175578
0.19364
0.0592552
0.0133898
0.460119
0.347224
0.471152
-0.471101
0.350988
0.401422
0.294135
3.04503
0.0865261
0.380739
0.452214
-0.430836
-0.00358614
0.405234
-0.32972
-0.0481884
0.362133
0.435265
-1.37454
0.373053
0.324718
0.403286
-0.174802
-0.0151431
0.319759
0.870716
0.460974
0.357046
0.104382
1.3047
0.495129
-1.18194
0.183681
0.344112
-0.388215
0.0231309
0.360233
0.096498
2.60277
0.300872
-0.402115
0.245434
0.405595
0.314258
0.295226
0.205085
-1.53784
-0.261471
0.819892
0.284969
-0.296921
0.378422
0.718727
0.351626
0.357755
0.429522
0.378508
0.504325
-0.137896
0.355616
0.292579
-0.327662
-0.628261
-2.50173
-0.357382
0.477418
0.566919
0.0465155
0.0278382
0.39541
0.99742
0.225038
0.303039
0.875557
-0.160034
0.51152
0.398258
0.422432
0.396761
0.366149
0.573565
0.533315
0.332594
0.49451
0.327816
0.543232
0.23748
-0.0128793
0.907296
0.426467
0.310029
-0.277261
0.403435
-0.0254049
0.428246
0.535234
0.407267
-0.57472
0.435301
-0.00586566
0.375891
0.221548
0
0
0
0
0
0
0
0
0
0
0
0
0
0
0
0
0
0
0
0
0
0
0
0
0
0
0
0
0
0
0
0
0
0
0
0
0
0
0
0
0
0
0
0
0
0
0
0
0
0
0
0
0
0
0
0
0
0
0
0
0
0
0
0
0
0
0
0
0
0
0
0
0
0
0
0
0
0
0
0
0
0
0
0
0
0
0
0
0
0
0
0
0
0
0
0
0
0
0
0
0
0
0
0
0
0
0
0
0
0
0
0
0
0
0
0
0
0
0
0
0
0
0
0
0
0
0
0
0
0
0
0
0
0
0
0
0
0
0
0
0
0
0
0
0
0
0
0
0
0
0
0
0
0
0
0
0
0
0
0
0
0
0
0
0
0
0
0
0
0
0
0
0
0
0
0
0
0
0
0
0
0
0
0
0
0
0
0
0
0
0
0
0
0
0
0
0
0
0
0
0
0
0
0
0
0
0
0
0
0
0
0
0
0
0
0
0
0
0
0
0
0
0
0
0
0
0
0
0
0
0
0
0
0
0
0
0
0
0
0
0
0
0
0
0
0
0
0
0
0
0
0
0
0
0
0
0
0
0
0
0
0
0
0
0
0
0
0
0
0
0
0
0
0
0
0
0
0
0
0
0
0
0
0
0
0
0
0
0
0
0
0
0
0
0
0
0
0
0
0
0.447489
0
0
0
0
0
0
0
0
0
0
0
0
0
0
0
0
0
0
0
0
0
0
0
0
0
0
0
0
0
0
0
0
0
0
0
0
0
0
0
0
0
0
0
0
0
0
0
0
0
0
0
0
0
0
0
0
0
0
0
0
0
0
0
0
0
0
0
0
0
0
0
0
0
0
0
0
0
0
0
0
0
0
0
0
0
0
0
0
0
0
0
0
0
0
0
0
0
0
0
0
0
0
0
0
0
0
0
0
0
0
0
0
0
0
0
0
0
0
0
0
0
0
0
0
0
0
0
0
0
0
0
0
0
0
0
0
0
0
0
0
0
0
0
0
0
0
0
0
0
0
0
0
0
0
0
0
0
0
0
0
0
0
0
0
0
0
0
0
0
0
0
0
0
0
0
0
0
0
0
0
0
0
0
0
0
0
0
0
0
0
0
0
0
0
0
0
0
0
0
0
0
0
0
0
0
0
0
0
0
0
0
0
0
0
0
0
0
0
0
0
0
0
0
0
0
0
0
0
0
0
0
0
0
0
0
0
0
0
0
0
0
0
0
0
0
0
0
0
0
0
0
0
0
0
0
0
0
0
0
0
0
0
0
0
0
0
0
0
0
0
0
0
0
0
0
0
0
0
0
0
0
0
0
0
0
0
0
0
0
0
0
0
0
0
0
0
0
0
0
0
0.452783
0.0215718
0.170504
0.310286
0.245367
0.037208
0.473639
0.391616
-0.00268735
0.283686
-0.0105338
-0.00231616
0.307875
0.0793769
0.316486
-0.0125963
0.0820214
0.0035335
0.168379
-0.00320866
0.155196
0.025655
0.0145853
0.324834
0.042862
0.0238512
0.61294
-0.00670403
0.0467276
-0.0135837
-0.0095459
0.539622
0.185671
0.248164
0.00657935
0.356868
0.00717615
0.296936
0.218154
-0.0755755
0.581667
0.22762
0.285806
-0.00832161
0.0199064
0.0245212
0.105891
-0.0113635
0.663763
0.0600278
0.107542
0.0863077
0.290549
0.317145
0.199985
0.225319
0.00789584
0.318473
0.055643
-0.118655
0.23878
0.383138
0.00807687
0.0243661
0.0832941
0.340558
-0.0458808
0.321376
0.269762
0.124716
-0.134375
0.0401245
0.219098
0.139272
0.612483
0.0846431
0.594835
0.0279781
0.0126966
-0.0115731
-0.0304015
0.268208
-0.150858
0.00973495
0.0772401
0.107752
0.00720522
0.229058
0.00996087
0.281952
0.777853
0.248178
0.21334
0.0321109
0.0197487
0.154644
0.119614
-0.0011665
-0.065971
0.319123
-0.00352877
0.430495
0.305537
0.366737
0.344872
0.615666
-0.156492
0.279123
0.276292
0.0317718
-0.181792
-0.0195582
0.237745
0.427738
0.0108276
0.131414
0.0302608
0.126697
0.368301
0.977177
0.211394
0.603576
-0.0267541
0.704507
0.348963
0.346265
0.0209357
0.313328
0.500275
0.0663497
0.0592519
0.423255
0.257733
0.458785
0.0507669
0.0149233
0.00873487
0.377694
0.213323
0.0073325
0.147955
0.0271125
0.346678
0.507426
0.34679
-0.147139
0.366486
0.096867
0.0591609
0.0147505
0
0
0
0
0
0
0
0
0
0
0
0
0
0
0
0
0
0
0
0
0
0
0
0
0
0
0
0
0
0
0
0
0
0
0
0
0
0
0
0
0
0
0
0
0
0
0
0
0
0
0
0
0
0
0
0
0
0
0
0
0
0
0
0
0
0
0
0
0
0
0
0
0
0
0
0
0
0
0
0
0
0
0
0
0
0
0
0
0
0
0
0
0
0
0
0
0
0
0
0
0
0
0
0
0
0
0
0
0
0
0
0
0
0
0
0
0
0
0
0
0
0
0
0
0
0
0
0
0
0
0
0
0
0
0
0
0
0
0
0
0
0
0
0
0
0
0
0
0
0
0.62468
0
0
0
0
0
0
0
0
0
0
0
0
0
0
0
0
0
0
0
0
0
0
0
0
0
0
0
0
0
0
0
0
0
0
0
0
0
0
0
0
0
0
0
0
0
0
0
0
0
0
0
0
0
0
0
0
0
0
0
0
0
0
0
0
0
0
0
0
0
0
0
0
0
0
0
0
0
0
0
0
0
0
0
0
0
0
0
0
0
0
0
0
0
0
0
0
0
0
0
0
0
0
0
0
0
0
0
0
0
0
0
0
0
0
0
0
0
0
0
0
0
0
0
0
0
0
0
0
0
0
0
0
0
0
0
0
0
0
0
0
0
0
0
0
0
0
0
0
0
0
0
0
0
0
0
0
0
0
0
0
0
0
0
0
0
0
0
0
0
0
0
0
0
0
0
0
0
0
0
0
0
0
0
0
0
0
0
0
0
0
0
0
0
0
0
0
0
0
0
0
0
0
0
0
0
0
0
0
0
0
0
0
0
0
0
0
0
0
0
0
0
0
0
0
0
0
0
0
0
0
0
0
0
0
0
0
0
0
0
0
0
0
0
0
0
0
0
0
0
0
0
0
0
0
0
0
0
0
0
0
0
0
0
0
0
0
0
0
0
0
0
0
0
0
0
0
0
0
0
0
0
0
0
0
0
0
0
0
0
0
0
0
0
0
0
0
0
0
0
0
0
0
0
0
0
0
0
0
0
0
0
0
0
0
0
0
0
0
0
0
0
0
0
0
0
0
0
0
0
0
0
0
0
0
0
0
0
0
0
0
0
0
0
0
0
0
0
0
0
0
0
0
0
0
0
0
0
0
0
0
0
0
0
0
0
0
0
0
0
0
0
0
0
0
0
0
0
0
0
0
0
0
0
0
0
0
0
0
0
0
0
0
0
0
0
0
0
0
0
0
0
0
0
0
0
0
0
0
0
0
0
0
0
0
0
0
0
0
0
0
0
0
0
0
0
0
0
0
0
0
0
0
0
0
0
0
0
0
0
0
0
0
0
0
0
0
0
0
0
0
0.669807
-0.782361
0.427908
-0.812253
0.685251
0.268294
0.336289
0.032611
0.176435
0.253324
0.37766
0.644247
0.43944
0.567833
0.21859
0.283967
0.25857
0.345672
0.289597
0.498793
0.284357
0.461501
0.2479
0.509813
0.21579
0.430453
0.555093
0.471027
0.486079
0.257986
0.622168
0.763341
0.158479
0.465526
1.09109
0.459624
-0.762472
0.6032
0.253679
-0.791065
0.316721
0.449499
0.523135
0.658688
0.512216
0.918804
0.624594
0.300343
-0.789296
0.307072
0.446114
0.31145
0.28218
0.500025
0.205772
0.678558
0.286791
0.491543
0.327245
0.287452
0.348027
-0.127748
0.366844
0.368563
0.684168
-0.209091
0.543878
0.34768
0.928546
0.443354
0.704989
0.516714
0.285262
0.348198
0.254197
0.17367
0.319995
0.532844
0.634994
-0.0815303
0.526139
-0.102577
0.401424
0.526755
0.288414
0.358331
0.418672
0.643862
0.65829
-0.120182
0.28003
1.50883
0.312609
-0.0768859
0.5736
0.466549
-0.194167
0.225966
0.249286
0.361098
0.46466
0.438274
0.573371
0.241446
0.458936
0.58421
0.420466
0.281723
0.493759
-0.777134
0.211743
0.591045
0.772304
0.457542
-0.813793
0.443527
0.504745
0.477719
0.564815
0.223379
0.375746
0.272304
0.536179
0.311663
0.492565
0.772977
0.480608
0.626447
0.597942
0.729823
0.514768
0.290121
-0.766015
0.548255
0.445884
0.315519
0.518719
0.489935
0.544202
0.433373
0.608438
0.527986
0.288081
-0.0398418
0.235798
-0.161309
0.565338
0.47194
0.641181
0.706464
2.06028
