1.090732e+01
-4.792514e+00
2.612480e+00
2.358826e+00
1
1.114743e-01
1.050197e+01
-4.543830e+00
2.691490e+00
2.635884e+00
1
-3.172577e-01
1.001727e+01
-4.290123e+00
2.628038e+00
2.835884e+00
1
1.224664e-01
9.502319e+00
-4.008021e+00
2.652531e+00
3.035884e+00
1
3.270537e-02
8.947693e+00
-3.715207e+00
2.659072e+00
3.235884e+00
8.422847e-01
1.010501e-02
8.359170e+00
-3.407692e+00
2.661093e+00
3.404340e+00
-1
-3.013692e-02
7.850215e+00
-3.068898e+00
2.687777e+00
3.272548e+00
-1
-1.944077e-01
7.285421e+00
-2.779830e+00
2.648895e+00
3.072548e+00
-1
-4.367747e-02
6.762844e+00
-2.496366e+00
2.640160e+00
2.872548e+00
-1
-4.757052e-02
6.277857e+00
-2.227541e+00
2.630646e+00
2.672548e+00
-1
-8.765617e-02
5.831259e+00
-1.972074e+00
2.613114e+00
2.472548e+00
-1
-1.227668e-01
5.449915e+00
-1.646866e+00
2.654773e+00
2.333908e+00
-1
-4.554463e-01
5.064943e+00
-1.420432e+00
2.563684e+00
2.133908e+00
-1
-1.521007e-01
4.727595e+00
-1.193154e+00
2.533263e+00
1.933908e+00
-1
-2.406276e-01
4.431677e+00
-9.765090e-01
2.485138e+00
1.733908e+00
-1
-3.924092e-01
4.180733e+00
-7.673228e-01
2.406656e+00
1.533908e+00
-1
-5.081148e-01
4.033485e+00
-5.238063e-01
2.356017e+00
1.344032e+00
-1
-9.198221e-01
3.874242e+00
-3.330904e-01
2.172053e+00
1.144032e+00
-1
-1.011991e+00
3.773704e+00
-1.504870e-01
1.969654e+00
9.440324e-01
-1
-1.587340e+00
3.732701e+00
1.253749e-02
1.652186e+00
7.440324e-01
-1
-2.612739e+00
3.753783e+00
1.381382e-01
1.129638e+00
5.440324e-01
-1
-3.558066e+00
3.908120e+00
2.810971e-01
4.230938e-01
3.484267e-01
-1
-1.825816e+00
3.955819e+00
2.940448e-01
5.793067e-02
1.484267e-01
-1
-2.790460e-01
3.965493e+00
2.945214e-01
2.121464e-03
-5.157327e-02
-1
2.821108e-02
3.935179e+00
2.943528e-01
7.763680e-03
-2.515733e-01
-1
1.963548e-01
3.864899e+00
2.922958e-01
4.703465e-02
-4.515733e-01
-1
9.552755e-02
3.796180e+00
3.385336e-01
1.293768e-01
-6.240181e-01
-1
-3.030313e-01
3.652088e+00
3.244140e-01
6.877057e-02
-8.240181e-01
-1
-5.778870e-02
3.467650e+00
3.128191e-01
5.721283e-02
-1.024018e+00
-1
7.499824e-03
3.243224e+00
2.997912e-01
5.871280e-02
-1.224018e+00
-5.796288e-02
5.919034e-02
2.997776e+00
2.839030e-01
7.055086e-02
-1.235611e+00
3.948590e-01
-2.653015e-02
2.819624e+00
3.501243e-01
1.462431e-01
-1.093770e+00
9.081552e-02
-3.339420e-01
2.604109e+00
3.256795e-01
7.945467e-02
-1.075607e+00
3.118262e-01
-6.745159e-02
2.395778e+00
3.104911e-01
6.596435e-02
-1.013241e+00
3.422129e-01
-2.344471e-02
2.200371e+00
2.980372e-01
6.127541e-02
-9.447988e-01
3.422129e-01
-2.344471e-02
2.018572e+00
2.873058e-01
5.658647e-02
-8.763563e-01
3.422129e-01
-2.344471e-02
1.890393e+00
3.227691e-01
7.944105e-02
-7.196660e-01
-9.712889e-02
-7.882984e-02
1.744892e+00
3.123446e-01
6.367508e-02
-7.390918e-01
1.279076e-01
1.359781e-02
1.599938e+00
3.029054e-01
6.639464e-02
-7.135103e-01
2.306465e-01
-7.813600e-03
1.462146e+00
2.938502e-01
6.483192e-02
-6.673810e-01
2.306465e-01
-7.813600e-03
1.333548e+00
2.856009e-01
6.326920e-02
-6.212517e-01
2.306465e-01
-7.813600e-03
1.239868e+00
3.106823e-01
7.410667e-02
-5.732839e-01
2.306465e-01
-7.813600e-03
1.130120e+00
3.026193e-01
7.254395e-02
-5.271546e-01
2.306465e-01
-7.813600e-03
1.029562e+00
2.953894e-01
7.098123e-02
-4.810253e-01
1.950139e-01
-2.741736e-02
9.374722e-01
2.890919e-01
6.549776e-02
-4.420225e-01
1.882047e-01
-2.803927e-02
8.529984e-01
2.837854e-01
5.988991e-02
-4.043816e-01
1.407355e-01
-3.776414e-02
7.919120e-01
3.003727e-01
1.354421e-01
-3.236538e-01
-1.362936e-01
-3.244828e-01
7.248216e-01
2.934679e-01
7.054555e-02
-3.509126e-01
2.238648e-02
-1.453987e-01
6.551987e-01
2.895624e-01
4.146582e-02
-3.464353e-01
1.060629e-01
-4.415879e-02
5.880794e-01
2.870714e-01
3.263406e-02
-3.252227e-01
1.629543e-01
2.070519e-03
1.016730e+01
-4.309659e+00
2.210766e+00
2.114264e+00
1
2.710366e+00
9.879130e+00
-4.038146e+00
2.795707e+00
2.399544e+00
1
-9.997405e-01
9.429131e+00
-3.822327e+00
2.595759e+00
2.599544e+00
1
3.603482e-01
8.957860e+00
-3.559117e+00
2.667829e+00
2.799544e+00
1
-3.238031e-02
8.442694e+00
-3.292852e+00
2.661353e+00
2.999544e+00
8.056416e-01
2.691476e-02
7.895584e+00
-3.009740e+00
2.666736e+00
3.160672e+00
-1
-3.551263e-02
7.394369e+00
-2.704446e+00
2.724809e+00
2.967737e+00
-1
-4.773244e-01
6.881648e+00
-2.447885e+00
2.629345e+00
2.767737e+00
-1
4.286516e-02
6.415483e+00
-2.188344e+00
2.637918e+00
2.567737e+00
-1
-9.345374e-02
5.985447e+00
-1.946164e+00
2.619227e+00
2.367737e+00
-1
-1.382109e-01
5.595515e+00
-1.714550e+00
2.591585e+00
2.167737e+00
-1
-1.683726e-01
5.261427e+00
-1.491193e+00
2.601288e+00
2.052912e+00
-1
-3.885800e-01
4.934481e+00
-1.277689e+00
2.523572e+00
1.852912e+00
-1
-2.894755e-01
4.654669e+00
-1.066552e+00
2.465677e+00
1.652912e+00
-1
-3.145574e-01
4.418506e+00
-8.649162e-01
2.402765e+00
1.452912e+00
-1
-5.558608e-01
4.228742e+00
-6.722274e-01
2.291593e+00
1.252912e+00
-1
-8.081510e-01
4.149366e+00
-4.282205e-01
2.197203e+00
1.140601e+00
-1
-8.081466e-01
4.041024e+00
-2.507882e-01
2.035574e+00
9.406009e-01
-1
-1.478433e+00
3.987885e+00
-9.192900e-02
1.739887e+00
7.406009e-01
-1
-2.445793e+00
3.995835e+00
3.467864e-02
1.250729e+00
5.406009e-01
-1
-3.600690e+00
4.048222e+00
1.032102e-01
5.305906e-01
3.406009e-01
-1
-2.289034e+00
4.099848e+00
1.396897e-01
1.186085e-01
1.603989e-01
-1
-5.878263e-01
4.111876e+00
1.408025e-01
1.043227e-03
-3.960106e-02
-1
6.764443e-02
4.083957e+00
1.405395e-01
1.457211e-02
-2.396011e-01
-1
6.764443e-02
4.016054e+00
1.390453e-01
2.810100e-02
-4.396011e-01
-1
4.517612e-02
3.908193e+00
1.354956e-01
3.713622e-02
-6.396011e-01
-1
5.775737e-03
3.826427e+00
1.689172e-01
9.460190e-02
-7.857231e-01
-1
-2.686817e-01
3.649697e+00
1.571078e-01
4.086556e-02
-9.857231e-01
-1
-6.258998e-02
3.432683e+00
1.496364e-01
2.834756e-02
-1.185723e+00
-5.636485e-01
3.120116e-02
3.184389e+00
1.418089e-01
3.458780e-02
-1.298453e+00
3.943584e-01
-2.750662e-02
2.932714e+00
1.337863e-01
2.908647e-02
-1.219581e+00
4.294496e-01
-1.506092e-02
2.759254e+00
1.450772e-01
5.886373e-02
-1.131279e+00
3.982077e-01
-1.196924e-01
2.541209e+00
1.348128e-01
3.492525e-02
-1.051638e+00
3.797644e-01
-6.852773e-02
2.338559e+00
1.291050e-01
2.121971e-02
-9.756847e-01
3.624762e-01
-3.496602e-02
2.150701e+00
1.257668e-01
1.422650e-02
-9.031895e-01
3.428634e-01
-3.999622e-03
1.976937e+00
1.233632e-01
1.342658e-02
-8.346168e-01
3.202327e-01
1.754531e-02
1.910881e+00
1.886270e-01
4.746578e-02
-7.407945e-01
-1.008035e-02
-6.447001e-02
1.762646e+00
1.825436e-01
3.457178e-02
-7.428106e-01
1.421165e-01
-1.805896e-03
1.617012e+00
1.775330e-01
3.421060e-02
-7.143873e-01
2.303104e-01
1.810763e-02
1.478831e+00
1.725561e-01
3.783213e-02
-6.683252e-01
2.303104e-01
1.810763e-02
1.349873e+00
1.674439e-01
4.145366e-02
-6.222631e-01
2.477592e-01
-3.730950e-03
1.237639e+00
2.378129e-01
9.386739e-02
-5.418573e-01
1.324190e-01
-1.831810e-01
1.132224e+00
2.298175e-01
5.723119e-02
-5.153735e-01
1.455990e-01
-1.095882e-01
1.032171e+00
2.251739e-01
3.531355e-02
-4.862537e-01
1.700591e-01
-3.639487e-02
9.383691e-01
2.221977e-01
2.803458e-02
-4.522419e-01
1.700591e-01
-3.639487e-02
8.513481e-01
2.200702e-01
2.075560e-02
-4.182301e-01
1.604042e-01
-8.981115e-03
8.116100e-01
2.638515e-01
1.093355e-01
-3.592839e-01
-1.358120e-02
-2.569360e-01
7.397415e-01
2.578285e-01
5.794832e-02
-3.620002e-01
6.265293e-02
-1.326874e-01
6.686679e-01
2.546453e-01
3.141084e-02
-3.494696e-01
1.172483e-01
-4.063914e-02
6.011444e-01
2.527951e-01
2.328301e-02
-3.260199e-01
1.617333e-01
6.415394e-03
1.031955e+01
-4.351657e+00
2.789518e+00
2.385685e+00
1
-1.005721e+00
9.877137e+00
-4.063765e+00
2.660014e+00
2.596424e+00
1
-6.956893e-02
9.400963e+00
-3.810622e+00
2.646100e+00
2.796424e+00
1
6.621501e-02
8.889517e+00
-3.538614e+00
2.659343e+00
2.996424e+00
1
5.817541e-02
8.339183e+00
-3.254639e+00
2.670978e+00
3.196424e+00
-4.426530e-01
-3.960309e-02
7.778418e+00
-2.966568e+00
2.663057e+00
3.107893e+00
-1
-3.991340e-02
7.268979e+00
-2.631770e+00
2.691142e+00
2.958568e+00
-1
-2.288201e-01
6.760098e+00
-2.371310e+00
2.645378e+00
2.758568e+00
-1
-5.326323e-02
6.293853e+00
-2.115707e+00
2.634726e+00
2.558568e+00
-1
-8.526749e-02
5.865991e+00
-1.873404e+00
2.617672e+00
2.358568e+00
-1
-1.397836e-01
5.478030e+00
-1.642064e+00
2.589715e+00
2.158568e+00
-1
-1.758196e-01
5.141806e+00
-1.385600e+00
2.614886e+00
2.025788e+00
-1
-5.072523e-01
4.819049e+00
-1.175726e+00
2.513436e+00
1.825788e+00
-1
-2.587370e-01
4.545044e+00
-9.658954e-01
2.461688e+00
1.625788e+00
-1
-3.832392e-01
4.315157e+00
-7.653275e-01
2.385041e+00
1.425788e+00
-1
-5.901169e-01
4.133221e+00
-5.726446e-01
2.267017e+00
1.225788e+00
-1
-8.434109e-01
4.048544e+00
-3.335254e-01
2.146713e+00
1.027758e+00
-1
-1.282545e+00
3.967677e+00
-1.670855e-01
1.890204e+00
8.277576e-01
-1
-2.057197e+00
3.949924e+00
-2.364642e-02
1.478765e+00
6.277576e-01
-1
-3.171224e+00
3.989296e+00
7.241032e-02
8.445203e-01
4.277576e-01
-1
-3.171301e+00
4.043942e+00
1.066595e-01
2.102601e-01
2.277576e-01
-1
-9.885481e-01
4.095312e+00
1.413155e-01
1.047236e-01
5.529741e-02
-1
-5.659386e-01
4.086369e+00
1.412624e-01
-8.464098e-03
-1.447026e-01
-1
1.481563e-01
4.037432e+00
1.408528e-01
2.116715e-02
-3.447026e-01
-1
8.046392e-02
3.948532e+00
1.382013e-01
3.725994e-02
-5.447026e-01
-1
1.254719e-02
3.819687e+00
1.332281e-01
3.976937e-02
-7.447026e-01
-1
-2.047781e-02
3.726047e+00
1.931980e-01
8.340882e-02
-9.108683e-01
-1
-1.705095e-01
3.524321e+00
1.799061e-01
4.930692e-02
-1.110868e+00
-1
-5.230123e-02
3.282382e+00
1.692702e-01
3.884668e-02
-1.310868e+00
3.011614e-01
2.970133e-03
3.026428e+00
1.592466e-01
3.944070e-02
-1.250636e+00
4.345160e-01
-1.839590e-02
2.785162e+00
1.501652e-01
3.576152e-02
-1.163733e+00
4.345160e-01
-1.839590e-02
2.564499e+00
2.012943e-01
3.755680e-02
-1.053630e+00
3.704286e-01
1.494136e-02
2.361337e+00
1.933603e-01
4.054507e-02
-9.795447e-01
3.704286e-01
1.494136e-02
2.173003e+00
1.854419e-01
4.353334e-02
-9.054590e-01
3.416424e-01
-5.015703e-03
1.998905e+00
1.779444e-01
4.253020e-02
-8.371305e-01
3.121776e-01
-5.175785e-04
1.837868e+00
1.710995e-01
4.242669e-02
-7.746950e-01
2.778827e-01
-5.341758e-03
1.737564e+00
2.452057e-01
5.346103e-02
-6.561588e-01
-1.354311e-01
-3.450112e-02
1.603792e+00
2.385131e-01
4.656081e-02
-6.832450e-01
1.126921e-01
1.700534e-02
1.469553e+00
2.320309e-01
4.996188e-02
-6.607066e-01
2.074556e-01
-5.373595e-03
1.341717e+00
2.257067e-01
4.888716e-02
-6.192155e-01
2.074556e-01
-5.373595e-03
1.222163e+00
2.199211e-01
4.781244e-02
-5.777244e-01
2.074556e-01
-5.373595e-03
1.166212e+00
3.029192e-01
1.457689e-01
-5.327800e-01
1.586891e-01
-3.192594e-01
1.063520e+00
2.911437e-01
8.191706e-02
-5.010421e-01
1.812392e-01
-1.682087e-01
9.671471e-01
2.848409e-01
4.827532e-02
-4.647943e-01
1.867950e-01
-5.888890e-02
8.780051e-01
2.810529e-01
3.649753e-02
-4.274353e-01
1.722766e-01
-3.244903e-02
7.960092e-01
2.783216e-01
3.000773e-02
-3.929800e-01
1.556425e-01
-8.127801e-03
7.625656e-01
3.138899e-01
6.636840e-02
-3.038373e-01
-1.346159e-01
-9.766486e-02
6.992080e-01
3.103086e-01
4.683543e-02
-3.307605e-01
-1.790278e-02
-3.747404e-02
6.327597e-01
3.074442e-01
3.934062e-02
-3.343410e-01
8.691948e-02
-4.910336e-03
5.676790e-01
3.049143e-01
3.835855e-02
-3.169571e-01
8.691948e-02
-4.910336e-03
1.058006e+01
-4.013106e+00
2.761287e+00
1.785881e+00
1
-8.119877e-01
1.026770e+01
-3.747500e+00
2.601618e+00
2.030614e+00
1
3.919750e-01
9.893872e+00
-3.543196e+00
2.680013e+00
2.230614e+00
1
-9.323559e-03
9.476726e+00
-3.335208e+00
2.678148e+00
2.430614e+00
1
5.992654e-02
9.022627e+00
-3.111709e+00
2.690133e+00
2.630614e+00
1
5.992654e-02
8.529786e+00
-2.876434e+00
2.702119e+00
2.830614e+00
1
3.510776e-02
8.067133e+00
-2.584432e+00
2.778282e+00
3.045463e+00
-6.466858e-01
-4.654355e-01
7.520466e+00
-2.347147e+00
2.685195e+00
2.916126e+00
-1
7.479597e-02
7.013073e+00
-2.102670e+00
2.700154e+00
2.716126e+00
-1
-9.555220e-02
6.542142e+00
-1.874677e+00
2.681044e+00
2.516126e+00
-1
-1.069202e-01
6.111562e+00
-1.655364e+00
2.659660e+00
2.316126e+00
-1
-1.361268e-01
5.752832e+00
-1.432113e+00
2.698280e+00
2.201670e+00
-1
-4.996622e-01
5.382605e+00
-1.233454e+00
2.598347e+00
2.001670e+00
-1
-1.578984e-01
5.060128e+00
-1.031834e+00
2.566767e+00
1.801670e+00
-1
-2.763022e-01
4.779642e+00
-8.391546e-01
2.511507e+00
1.601670e+00
-1
-4.322871e-01
4.544747e+00
-6.521558e-01
2.425050e+00
1.401670e+00
-1
-5.717234e-01
4.415149e+00
-3.890737e-01
2.342825e+00
1.256107e+00
-1
-6.119462e-01
4.264070e+00
-2.142254e-01
2.220436e+00
1.056107e+00
-1
-1.193068e+00
4.166890e+00
-5.006307e-02
1.981822e+00
8.561074e-01
-1
-1.831830e+00
4.131738e+00
9.615282e-02
1.615456e+00
6.561074e-01
-1
-3.089788e+00
4.158365e+00
2.023446e-01
9.974986e-01
4.561074e-01
-1
-3.609886e+00
4.308226e+00
3.407559e-01
2.801464e-01
3.288929e-01
-1
-1.562867e+00
4.353341e+00
3.474199e-01
-3.242698e-02
1.288929e-01
-1
2.216285e-01
4.359117e+00
3.472129e-01
1.189871e-02
-7.110711e-02
-1
2.220257e-01
4.324923e+00
3.458983e-01
5.630386e-02
-2.711071e-01
-1
9.417030e-02
4.250867e+00
3.409613e-01
7.513792e-02
-4.711071e-01
-1
-1.643946e-02
4.163002e+00
4.267143e-01
1.342979e-01
-6.300574e-01
-1
-2.611713e-01
4.017842e+00
4.111243e-01
8.206366e-02
-8.300574e-01
-1
-5.802287e-02
3.832369e+00
3.969912e-01
7.045908e-02
-1.030057e+00
-1
9.727082e-03
3.606934e+00
3.808540e-01
7.240450e-02
-1.230057e+00
-6.845509e-01
5.120699e-02
3.348015e+00
3.607175e-01
8.264590e-02
-1.366968e+00
4.171035e-01
-2.994529e-02
3.114998e+00
3.855886e-01
1.498680e-01
-1.199254e+00
1.035729e-01
-3.451067e-01
2.878848e+00
3.582015e-01
8.084665e-02
-1.178539e+00
3.387156e-01
-5.035296e-02
2.650574e+00
3.408511e-01
7.077606e-02
-1.110796e+00
3.690055e-01
-1.436550e-02
2.436312e+00
3.259669e-01
6.790296e-02
-1.036995e+00
3.690055e-01
-1.436550e-02
2.236735e+00
3.126786e-01
6.502986e-02
-9.631937e-01
3.690055e-01
-1.436550e-02
2.067369e+00
3.634963e-01
1.226421e-01
-7.994964e-01
-4.264099e-02
-2.011287e-01
1.907471e+00
3.470502e-01
8.241636e-02
-8.080246e-01
1.684442e-01
-4.118115e-02
1.749721e+00
3.346687e-01
7.418013e-02
-7.743358e-01
2.676964e-01
-5.054976e-03
1.600613e+00
3.236624e-01
7.316913e-02
-7.207965e-01
2.676964e-01
-5.054976e-03
1.462174e+00
3.135843e-01
7.215814e-02
-6.672572e-01
2.676964e-01
-5.054976e-03
1.412486e+00
3.050801e-01
1.519948e-01
-6.050172e-01
1.182233e-01
-3.498899e-01
1.294685e+00
2.912058e-01
8.201680e-02
-5.813726e-01
1.682960e-01
-1.471245e-01
1.182038e+00
2.835961e-01
5.259191e-02
-5.477134e-01
2.011161e-01
-4.673080e-02
1.076639e+00
2.785354e-01
4.324575e-02
-5.074902e-01
2.006174e-01
-4.532762e-02
9.792269e-01
2.747563e-01
3.418022e-02
-4.673667e-01
1.873717e-01
-1.613642e-02
9.853435e-01
2.729310e-01
5.368048e-02
-3.756547e-01
-2.338105e-01
-3.530070e-02
9.056366e-01
2.689359e-01
4.662034e-02
-4.224168e-01
3.182247e-02
5.305485e-03
8.218829e-01
2.649840e-01
4.768144e-02
-4.160523e-01
1.311119e-01
-1.232354e-02
7.413817e-01
2.612410e-01
4.521673e-02
-3.898299e-01
1.311119e-01
-1.232354e-02
1.064729e+01
-4.807804e+00
2.626900e+00
2.037737e+00
1
-1.785537e-01
1.037392e+01
-4.568655e+00
2.627894e+00
2.276841e+00
1
-6.551479e-02
9.961472e+00
-4.332314e+00
2.614791e+00
2.476841e+00
1
8.078775e-02
9.513877e+00
-4.076859e+00
2.630948e+00
2.676841e+00
1
4.945884e-02
9.028007e+00
-3.807858e+00
2.640840e+00
2.876841e+00
1
3.764362e-02
8.504654e+00
-3.524021e+00
2.648369e+00
3.076841e+00
7.095522e-01
3.956964e-03
7.966471e+00
-3.179438e+00
2.691910e+00
3.271717e+00
-1
-2.620888e-01
7.402597e+00
-2.889014e+00
2.639492e+00
3.071717e+00
-1
-7.325096e-03
6.881819e+00
-2.602599e+00
2.638027e+00
2.871717e+00
-1
-4.312508e-02
6.397433e+00
-2.333034e+00
2.629402e+00
2.671717e+00
-1
-1.055024e-01
5.951751e+00
-2.076310e+00
2.608302e+00
2.471717e+00
-1
-1.202336e-01
5.598219e+00
-1.795852e+00
2.620181e+00
2.337975e+00
-1
-2.706804e-01
5.216230e+00
-1.562663e+00
2.566045e+00
2.137975e+00
-1
-1.941419e-01
4.878621e+00
-1.334337e+00
2.527216e+00
1.937975e+00
-1
-2.039070e-01
4.582570e+00
-1.116481e+00
2.486435e+00
1.737975e+00
-1
-3.771583e-01
4.330413e+00
-9.074725e-01
2.411003e+00
1.537975e+00
-1
-4.755505e-01
4.222143e+00
-6.645663e-01
2.403667e+00
1.363185e+00
-1
-9.960697e-01
4.052840e+00
-4.776127e-01
2.204453e+00
1.163185e+00
-1
-9.960697e-01
3.944211e+00
-2.952249e-01
2.005239e+00
9.631854e-01
-1
-1.276276e+00
3.891402e+00
-1.313529e-01
1.749984e+00
7.631854e-01
-1
-2.368184e+00
3.897403e+00
-7.983140e-05
1.276347e+00
5.631854e-01
-1
-3.461161e+00
4.048168e+00
1.392917e-01
6.056968e-01
3.847969e-01
-1
-2.497405e+00
4.100427e+00
1.604865e-01
1.062157e-01
1.847969e-01
-1
-5.285560e-01
4.117336e+00
1.617424e-01
5.045054e-04
-1.520313e-02
-1
7.309935e-02
4.094297e+00
1.615136e-01
1.512437e-02
-2.152031e-01
-1
7.309935e-02
4.031274e+00
1.600507e-01
2.974424e-02
-4.152031e-01
-1
5.864839e-02
3.940133e+00
1.727779e-01
7.823094e-02
-6.148812e-01
-1
-1.783909e-01
3.797418e+00
1.642677e-01
4.255277e-02
-8.148812e-01
-1
-6.902461e-02
3.614558e+00
1.577919e-01
2.874785e-02
-1.014881e+00
-1
-4.601141e-03
3.391670e+00
1.514884e-01
2.782762e-02
-1.214881e+00
-3.523631e-01
5.735158e-02
3.141790e+00
1.430850e-01
3.929794e-02
-1.285354e+00
4.094457e-01
-1.958287e-02
2.974854e+00
1.795932e-01
5.477542e-02
-1.123950e+00
4.670352e-02
-1.002529e-01
2.751226e+00
1.695760e-01
3.472485e-02
-1.114609e+00
2.648603e-01
-9.527629e-04
2.533732e+00
1.620411e-01
3.453429e-02
-1.061637e+00
3.536132e-01
1.469620e-02
2.328610e+00
1.546562e-01
3.747353e-02
-9.909142e-01
3.536132e-01
1.469620e-02
2.137644e+00
1.472191e-01
4.041277e-02
-9.201915e-01
3.590016e-01
-4.397057e-04
1.994808e+00
1.497760e-01
1.305003e-01
-7.698527e-01
-4.824714e-02
-4.480470e-01
1.840492e+00
1.365337e-01
4.089088e-02
-7.795021e-01
1.746496e-01
-1.004098e-01
1.688160e+00
1.318211e-01
2.080892e-02
-7.445722e-01
2.797151e-01
-1.243532e-02
1.544867e+00
1.290149e-01
1.832185e-02
-6.886292e-01
2.797151e-01
-1.243532e-02
1.412755e+00
1.267561e-01
1.583479e-02
-6.326862e-01
2.797151e-01
-1.243532e-02
1.391306e+00
2.184192e-01
6.875902e-02
-5.509235e-01
-4.565574e-02
-1.536473e-01
1.280371e+00
2.124949e-01
3.802955e-02
-5.600546e-01
8.036988e-02
-3.339131e-02
1.170034e+00
2.086639e-01
3.135129e-02
-5.439806e-01
1.795795e-01
1.315209e-02
1.064885e+00
2.052295e-01
3.398171e-02
-5.080647e-01
1.795795e-01
1.315209e-02
9.669251e-01
2.017719e-01
3.661213e-02
-4.721488e-01
1.795795e-01
1.315209e-02
9.264353e-01
2.447867e-01
5.528307e-02
-3.467036e-01
-2.694176e-01
-5.410682e-02
8.517990e-01
2.410711e-01
4.446171e-02
-4.005872e-01
2.094870e-02
-6.864474e-03
7.721769e-01
2.375833e-01
4.308882e-02
-3.963974e-01
1.235778e-01
8.712214e-03
6.954432e-01
2.342086e-01
4.483126e-02
-3.716819e-01
1.235778e-01
8.712214e-03
1.023970e+01
-4.315256e+00
2.560343e+00
2.377782e+00
1
5.055046e-01
9.846116e+00
-4.056303e+00
2.734689e+00
2.578276e+00
1
-5.579753e-01
9.367199e+00
-3.816995e+00
2.623094e+00
2.778276e+00
1
2.121967e-01
8.861236e+00
-3.542532e+00
2.665533e+00
2.978276e+00
1
1.334220e-02
8.313657e+00
-3.261127e+00
2.668201e+00
3.178276e+00
-3.723209e-01
-3.280459e-02
7.755474e+00
-2.972898e+00
2.661640e+00
3.103812e+00
-1
-4.439665e-02
7.257760e+00
-2.649180e+00
2.670175e+00
2.948721e+00
-1
-1.044979e-01
6.752869e+00
-2.385207e+00
2.649276e+00
2.748721e+00
-1
-9.377633e-02
6.288382e+00
-2.130505e+00
2.630520e+00
2.548721e+00
-1
-9.394149e-02
5.863462e+00
-1.887021e+00
2.611732e+00
2.348721e+00
-1
-1.213815e-01
5.478143e+00
-1.655095e+00
2.587456e+00
2.148721e+00
-1
-1.830230e-01
5.213269e+00
-1.424470e+00
2.592272e+00
2.006724e+00
-1
-3.652845e-01
4.895453e+00
-1.213872e+00
2.519215e+00
1.806724e+00
-1
-3.270960e-01
4.624684e+00
-1.006125e+00
2.453796e+00
1.606724e+00
-1
-3.283895e-01
4.398153e+00
-8.074792e-01
2.388118e+00
1.406724e+00
-1
-6.046050e-01
4.218519e+00
-6.178754e-01
2.267197e+00
1.206724e+00
-1
-8.540809e-01
4.181960e+00
-4.360966e-01
2.173268e+00
1.070006e+00
-1
-1.046935e+00
4.088886e+00
-2.662824e-01
1.963881e+00
8.700062e-01
-1
-1.711886e+00
4.054049e+00
-1.170401e-01
1.621504e+00
6.700062e-01
-1
-2.806265e+00
4.077883e+00
-7.066950e-03
1.060251e+00
4.700062e-01
-1
-3.511552e+00
4.131393e+00
4.188951e-02
3.579405e-01
2.700062e-01
-1
-1.651745e+00
4.240087e+00
1.213445e-01
9.550802e-02
1.195233e-01
-1
-4.596465e-01
4.243970e+00
1.218438e-01
3.578715e-03
-8.047675e-02
-1
-5.168794e-02
4.207875e+00
1.219357e-01
-6.758873e-03
-2.804767e-01
-1
1.485142e-01
4.131786e+00
1.212209e-01
2.294397e-02
-4.804767e-01
-1
7.559659e-02
4.015747e+00
1.176298e-01
3.806329e-02
-6.804767e-01
-1
-1.876611e-02
3.934469e+00
1.896117e-01
5.606096e-02
-8.197298e-01
-1
-6.355701e-02
3.750750e+00
1.805147e-01
4.334956e-02
-1.019730e+00
-1
-2.872406e-02
3.526987e+00
1.714717e-01
3.760475e-02
-1.219730e+00
-5.641127e-01
3.290200e-02
3.271973e+00
1.610247e-01
4.418515e-02
-1.332552e+00
4.170662e-01
-5.475451e-02
3.013999e+00
1.510184e-01
3.323425e-02
-1.249139e+00
4.399896e-01
-3.507312e-02
2.850851e+00
1.924794e-01
1.206057e-01
-1.103733e+00
1.181566e-01
-4.071982e-01
2.633227e+00
1.750251e-01
3.916610e-02
-1.080101e+00
3.194562e-01
-6.353750e-02
2.423711e+00
1.681344e-01
2.645860e-02
-1.016210e+00
3.447328e-01
-1.513212e-02
2.227425e+00
1.632334e-01
2.343218e-02
-9.472634e-01
3.447328e-01
-1.513212e-02
2.044911e+00
1.592288e-01
2.040575e-02
-8.783168e-01
3.447328e-01
-1.513212e-02
1.879386e+00
2.275518e-01
8.649697e-02
-7.211043e-01
-7.757221e-02
-1.853653e-01
1.733958e+00
2.176628e-01
4.942391e-02
-7.366187e-01
1.472861e-01
-3.739776e-02
1.589731e+00
2.110657e-01
4.194436e-02
-7.071615e-01
2.418234e-01
-1.218248e-03
1.453255e+00
2.053544e-01
4.170071e-02
-6.587968e-01
2.418234e-01
-1.218248e-03
1.326442e+00
2.000784e-01
4.145706e-02
-6.104322e-01
2.418234e-01
-1.218248e-03
1.228430e+00
2.857573e-01
4.798120e-02
-5.545896e-01
2.418234e-01
-1.218248e-03
1.122470e+00
2.806820e-01
4.773755e-02
-5.062249e-01
1.842245e-01
-4.248246e-03
1.025019e+00
2.760674e-01
4.688790e-02
-4.693800e-01
1.842245e-01
-4.248246e-03
9.349245e-01
2.718778e-01
4.603825e-02
-4.325351e-01
1.553795e-01
2.220468e-03
8.516142e-01
2.680213e-01
4.648234e-02
-4.014592e-01
1.303271e-01
-1.453139e-02
8.157379e-01
3.343241e-01
5.212937e-02
-3.641263e-01
2.339823e-02
-2.412200e-02
7.434701e-01
3.307278e-01
4.730497e-02
-3.594467e-01
2.339823e-02
-2.412200e-02
6.721208e-01
3.275222e-01
4.248057e-02
-3.547670e-01
8.267115e-02
4.915293e-03
6.028847e-01
3.245454e-01
4.346363e-02
-3.382328e-01
8.267115e-02
4.915293e-03
1.084616e+01
-4.616066e+00
2.271415e+00
1.984920e+00
1
2.290345e+00
1.058993e+01
-4.333121e+00
2.785027e+00
2.195357e+00
1
-9.446203e-01
1.017765e+01
-4.132748e+00
2.596103e+00
2.395357e+00
1
3.468625e-01
9.742260e+00
-3.889013e+00
2.665476e+00
2.595357e+00
1
-2.516273e-02
9.263775e+00
-3.640720e+00
2.660443e+00
2.795357e+00
1
3.823814e-02
8.749418e+00
-3.374715e+00
2.668091e+00
2.995357e+00
1
3.823814e-02
8.295562e+00
-3.019376e+00
2.682178e+00
3.294048e+00
-1
2.242850e-02
7.722362e+00
-2.737385e+00
2.686664e+00
3.094048e+00
-1
-4.968637e-02
7.185758e+00
-2.471630e+00
2.676726e+00
2.894048e+00
-1
-6.772641e-02
6.687939e+00
-2.217779e+00
2.663181e+00
2.694048e+00
-1
-9.185153e-02
6.229569e+00
-1.974772e+00
2.644811e+00
2.494048e+00
-1
-1.158646e-01
5.853662e+00
-1.738879e+00
2.631305e+00
2.327021e+00
-1
-1.476223e-01
5.468219e+00
-1.515710e+00
2.601780e+00
2.127021e+00
-1
-1.842556e-01
5.124314e+00
-1.301087e+00
2.564929e+00
1.927021e+00
-1
-2.492467e-01
4.822998e+00
-1.094444e+00
2.515080e+00
1.727021e+00
-1
-3.540810e-01
4.566223e+00
-8.946677e-01
2.444264e+00
1.527021e+00
-1
-4.610218e-01
4.423077e+00
-6.122608e-01
2.440285e+00
1.414382e+00
-1
-7.154951e-01
4.234707e+00
-4.292226e-01
2.297186e+00
1.214382e+00
-1
-8.743281e-01
4.101494e+00
-2.508908e-01
2.122320e+00
1.014382e+00
-1
-1.143197e+00
4.023542e+00
-8.589879e-02
1.893681e+00
8.143823e-01
-1
-2.139859e+00
4.006720e+00
5.489555e-02
1.465709e+00
6.143823e-01
-1
-3.334814e+00
4.108817e+00
1.948610e-01
8.024115e-01
4.283889e-01
-1
-3.137017e+00
4.164887e+00
2.270211e-01
1.750082e-01
2.283889e-01
-1
-8.428743e-01
4.190378e+00
2.299039e-01
6.433371e-03
2.838890e-02
-1
5.348878e-02
4.176058e+00
2.296995e-01
1.713113e-02
-1.716111e-01
-1
5.348878e-02
4.121750e+00
2.284427e-01
2.782888e-02
-3.716111e-01
-1
5.348878e-02
4.111910e+00
2.273896e-01
5.939399e-02
-5.061368e-01
-1
-4.618347e-02
3.990863e+00
2.207834e-01
5.015730e-02
-7.061368e-01
-1
-4.521385e-02
3.829803e+00
2.134583e-01
4.111453e-02
-9.061368e-01
-1
1.023168e-02
3.628755e+00
2.049747e-01
4.316087e-02
-1.106137e+00
-1
1.023168e-02
3.387763e+00
1.943130e-01
4.520720e-02
-1.306137e+00
1.031890e-01
1.595067e-02
3.145085e+00
2.635334e-01
1.268823e-01
-1.247585e+00
2.650697e-01
-3.714357e-01
2.901913e+00
2.415868e-01
5.259512e-02
-1.194571e+00
3.750415e-01
-7.025487e-02
2.670743e+00
2.310276e-01
3.854415e-02
-1.119563e+00
4.227322e-01
-2.975414e-03
2.455442e+00
2.227882e-01
3.794906e-02
-1.035017e+00
4.227322e-01
-2.975414e-03
2.257035e+00
2.153135e-01
3.735398e-02
-9.504702e-01
4.169446e-01
4.742849e-05
2.083113e+00
2.803344e-01
8.128025e-02
-7.730221e-01
-1.842597e-01
-1.098225e-01
1.925217e+00
2.692298e-01
5.931575e-02
-8.098740e-01
1.713451e-01
-2.683395e-03
1.766945e+00
2.598731e-01
5.877907e-02
-7.756050e-01
2.797071e-01
5.011632e-03
1.617681e+00
2.510152e-01
5.978139e-02
-7.196636e-01
2.797071e-01
5.011632e-03
1.479594e+00
2.426818e-01
6.078372e-02
-6.637222e-01
2.797071e-01
5.011632e-03
1.407248e+00
3.034686e-01
8.116069e-02
-5.393712e-01
-1.501176e-01
-1.060838e-01
1.296649e+00
2.956633e-01
5.994394e-02
-5.693947e-01
7.085999e-02
-7.984158e-03
1.184384e+00
2.890152e-01
5.834710e-02
-5.552227e-01
1.779624e-01
1.119168e-02
1.077088e+00
2.826285e-01
6.058544e-02
-5.196302e-01
1.779624e-01
1.119168e-02
9.769126e-01
2.764407e-01
6.282378e-02
-4.840377e-01
1.938479e-01
3.917775e-03
9.829578e-01
2.782148e-01
1.150376e-01
-4.387661e-01
5.154465e-02
-2.315636e-01
8.966097e-01
2.702507e-01
6.872485e-02
-4.284571e-01
1.013909e-01
-1.248258e-01
8.130811e-01
2.655394e-01
4.375969e-02
-4.081790e-01
1.465254e-01
-4.574090e-02
7.344366e-01
2.624516e-01
3.461151e-02
-3.788739e-01
1.465254e-01
-4.574090e-02
1.067761e+01
-4.651157e+00
2.635797e+00
1.866127e+00
1
-2.250718e-01
1.034815e+01
-4.431179e+00
2.688054e+00
2.129832e+00
1
-4.349982e-01
9.956406e+00
-4.218343e+00
2.601055e+00
2.329832e+00
1
1.793264e-01
9.535268e+00
-3.975895e+00
2.636920e+00
2.529832e+00
1
4.336405e-02
9.073761e+00
-3.723604e+00
2.645593e+00
2.729832e+00
1
4.336405e-02
8.574822e+00
-3.456442e+00
2.654266e+00
2.929832e+00
1
3.076900e-02
8.066121e+00
-3.148187e+00
2.711051e+00
3.186686e+00
-9.640573e-01
-3.656829e-01
7.514292e+00
-2.870144e+00
2.637914e+00
2.993875e+00
-1
3.883831e-02
7.006326e+00
-2.592747e+00
2.645682e+00
2.793875e+00
-1
-6.987129e-02
6.534239e+00
-2.333118e+00
2.631708e+00
2.593875e+00
-1
-1.002205e-01
6.101343e+00
-2.085389e+00
2.611664e+00
2.393875e+00
-1
-1.239294e-01
5.780729e+00
-1.823803e+00
2.683030e+00
2.211815e+00
-1
-7.252605e-01
5.416619e+00
-1.610492e+00
2.537978e+00
2.011815e+00
-1
-7.084003e-02
5.103344e+00
-1.391270e+00
2.523810e+00
1.811815e+00
-1
-2.812747e-01
4.829873e+00
-1.185370e+00
2.467555e+00
1.611815e+00
-1
-3.806946e-01
4.600878e+00
-9.880367e-01
2.391416e+00
1.411815e+00
-1
-5.313600e-01
4.486982e+00
-7.246037e-01
2.302152e+00
1.302924e+00
-1
-3.864717e-01
4.333179e+00
-5.396797e-01
2.224857e+00
1.102924e+00
-1
-9.293214e-01
4.226068e+00
-3.704273e-01
2.038993e+00
9.029239e-01
-1
-1.560959e+00
4.175971e+00
-2.185389e-01
1.726801e+00
7.029239e-01
-1
-2.500334e+00
4.185526e+00
-9.957827e-02
1.226734e+00
5.029239e-01
-1
-3.583526e+00
4.259329e+00
1.797762e-02
5.198454e-01
3.162673e-01
-1
-2.225871e+00
4.299913e+00
3.195401e-02
7.467115e-02
1.162673e-01
-1
-3.654818e-01
4.303154e+00
3.232143e-02
1.574787e-03
-8.373273e-02
-1
-5.407838e-02
4.266408e+00
3.249833e-02
-9.240889e-03
-2.837327e-01
-1
4.267742e-02
4.189662e+00
3.285155e-02
-7.054047e-04
-4.837327e-01
-1
4.870634e-02
4.139113e+00
1.307660e-01
1.863746e-02
-6.098579e-01
-1
6.559981e-02
3.997189e+00
1.271453e-01
3.175742e-02
-8.098579e-01
-1
1.612150e-02
3.815319e+00
1.210634e-01
3.498172e-02
-1.009858e+00
-1
7.250764e-03
3.593489e+00
1.131344e-01
3.643188e-02
-1.209858e+00
-7.387164e-01
-4.802515e-02
3.336872e+00
1.050387e-01
2.682685e-02
-1.357601e+00
4.355754e-01
-5.930608e-02
3.117911e+00
1.880037e-01
5.035483e-02
-1.220794e+00
2.674812e-01
-9.036902e-02
2.879310e+00
1.781235e-01
3.228102e-02
-1.167298e+00
3.104877e-01
-1.516349e-02
2.652168e+00
1.711302e-01
2.924833e-02
-1.105201e+00
3.666216e-01
1.538301e-02
2.438561e+00
1.645556e-01
3.232493e-02
-1.031876e+00
3.666216e-01
1.538301e-02
2.239632e+00
1.578204e-01
3.540153e-02
-9.585521e-01
3.666216e-01
1.538301e-02
2.084627e+00
2.479347e-01
1.168171e-01
-8.364184e-01
1.523500e-01
-3.043289e-01
1.921031e+00
2.337363e-01
5.595132e-02
-8.059484e-01
2.017787e-01
-8.787989e-02
1.764054e+00
2.263154e-01
3.837535e-02
-7.655927e-01
2.559274e-01
-8.877827e-03
1.616158e+00
2.207671e-01
3.659978e-02
-7.144072e-01
2.559274e-01
-8.877827e-03
1.478483e+00
2.158468e-01
3.482422e-02
-6.632217e-01
2.559274e-01
-8.877827e-03
1.374949e+00
2.706480e-01
1.315513e-01
-5.523896e-01
-2.844594e-02
-3.483239e-01
1.264442e+00
2.599331e-01
6.188648e-02
-5.580788e-01
9.838491e-02
-1.096725e-01
1.154939e+00
2.543453e-01
3.995198e-02
-5.384019e-01
1.836302e-01
-1.745027e-02
1.051007e+00
2.503703e-01
3.646192e-02
-5.016758e-01
1.836302e-01
-1.745027e-02
9.544031e-01
2.470130e-01
3.297187e-02
-4.649498e-01
1.836302e-01
-1.745027e-02
9.047095e-01
3.090049e-01
1.250860e-01
-4.162212e-01
6.435606e-02
-2.894501e-01
8.231434e-01
3.011264e-01
6.719597e-02
-4.033500e-01
1.134265e-01
-1.438692e-01
7.448545e-01
2.969772e-01
3.842213e-02
-3.806647e-01
1.452615e-01
-4.599739e-02
6.716691e-01
2.944965e-01
2.922265e-02
-3.516124e-01
1.408248e-01
-3.390098e-02
1.090258e+01
-4.433955e+00
2.245019e+00
1.908518e+00
1
2.527562e+00
1.058775e+01
-4.191702e+00
2.824426e+00
2.176115e+00
1
-1.144555e+00
1.017550e+01
-4.000985e+00
2.595515e+00
2.376115e+00
1
4.134977e-01
9.742016e+00
-3.761820e+00
2.678215e+00
2.576115e+00
1
-4.569254e-02
9.264347e+00
-3.520378e+00
2.669076e+00
2.776115e+00
1
4.368162e-02
8.751003e+00
-3.260845e+00
2.677812e+00
2.976115e+00
1
4.570073e-02
8.269306e+00
-2.926741e+00
2.730036e+00
3.209007e+00
-8.756881e-01
-2.616842e-01
7.703877e+00
-2.662287e+00
2.677700e+00
3.033869e+00
-1
4.062975e-03
7.179010e+00
-2.399956e+00
2.678512e+00
2.833869e+00
-1
-5.710590e-02
6.691210e+00
-2.152954e+00
2.667091e+00
2.633869e+00
-1
-9.846762e-02
6.242703e+00
-1.917046e+00
2.647398e+00
2.433869e+00
-1
-1.234355e-01
5.915043e+00
-1.603414e+00
2.701613e+00
2.326424e+00
-1
-4.654608e-01
5.521425e+00
-1.395566e+00
2.608520e+00
2.126424e+00
-1
-1.269711e-01
5.174982e+00
-1.185271e+00
2.583126e+00
1.926424e+00
-1
-2.265864e-01
4.869603e+00
-9.848858e-01
2.537809e+00
1.726424e+00
-1
-3.616124e-01
4.608596e+00
-7.908772e-01
2.465486e+00
1.526424e+00
-1
-4.664255e-01
4.478231e+00
-5.580500e-01
2.410529e+00
1.346215e+00
-1
-6.863454e-01
4.304336e+00
-3.797656e-01
2.273260e+00
1.146215e+00
-1
-9.435908e-01
4.184454e+00
-2.086470e-01
2.084542e+00
9.462147e-01
-1
-1.454136e+00
4.122828e+00
-5.165953e-02
1.793715e+00
7.462147e-01
-1
-2.343045e+00
4.122733e+00
7.641348e-02
1.325106e+00
5.462147e-01
-1
-3.672510e+00
4.221877e+00
1.545345e-01
6.629278e-01
3.728499e-01
-1
-2.733606e+00
4.271045e+00
1.766757e-01
1.162066e-01
1.728499e-01
-1
-5.791920e-01
4.285560e+00
1.779093e-01
3.681858e-04
-2.715013e-02
-1
8.426992e-02
4.260131e+00
1.776295e-01
1.722217e-02
-2.271501e-01
-1
8.426992e-02
4.194725e+00
1.758953e-01
3.407615e-02
-4.271501e-01
-1
4.814231e-02
4.151515e+00
2.203335e-01
7.906381e-02
-5.723782e-01
-1
-1.514283e-01
4.017313e+00
2.118447e-01
4.877815e-02
-7.723782e-01
-1
-6.206797e-02
3.842995e+00
2.044606e-01
3.636456e-02
-9.723782e-01
-1
-4.776694e-03
3.628657e+00
1.967686e-01
3.540922e-02
-1.172378e+00
-9.776466e-01
2.792273e-02
3.374815e+00
1.870485e-01
4.099376e-02
-1.367908e+00
4.008418e-01
-2.433348e-02
3.189835e+00
2.485492e-01
7.797585e-02
-1.219023e+00
1.187542e-01
-1.427442e-01
2.948904e+00
2.331695e-01
4.942701e-02
-1.195272e+00
3.057163e-01
-1.343257e-02
2.716233e+00
2.219704e-01
4.674050e-02
-1.134129e+00
3.767840e-01
7.165741e-03
2.497190e+00
2.115693e-01
4.817364e-02
-1.058772e+00
3.767840e-01
7.165741e-03
2.293215e+00
2.015907e-01
4.960679e-02
-9.834156e-01
3.767840e-01
7.165741e-03
2.150164e+00
2.514353e-01
7.885820e-02
-8.205896e-01
-3.120818e-02
-1.408935e-01
1.985773e+00
2.407758e-01
5.067950e-02
-8.268313e-01
1.521992e-01
-6.492359e-03
1.823654e+00
2.326575e-01
4.938103e-02
-7.963914e-01
2.707810e-01
1.337126e-02
1.669989e+00
2.248597e-01
5.205529e-02
-7.422352e-01
2.707810e-01
1.337126e-02
1.527161e+00
2.172289e-01
5.472954e-02
-6.880790e-01
2.707810e-01
1.337126e-02
1.480893e+00
2.698494e-01
8.953198e-02
-6.170859e-01
9.503354e-02
-1.401531e-01
1.359727e+00
2.606730e-01
6.150137e-02
-5.980792e-01
1.314102e-01
-7.556117e-02
1.242911e+00
2.543586e-01
4.638914e-02
-5.717972e-01
1.893712e-01
-1.588397e-02
1.132451e+00
2.494045e-01
4.321234e-02
-5.339229e-01
1.893712e-01
-1.588397e-02
1.029543e+00
2.451166e-01
4.003555e-02
-4.960487e-01
1.893712e-01
-1.588397e-02
1.011271e+00
2.441907e-01
5.724920e-02
-4.341621e-01
2.255582e-02
-6.321567e-02
9.250023e-01
2.397925e-01
4.460606e-02
-4.296510e-01
2.255582e-02
-6.321567e-02
8.395865e-01
2.365198e-01
3.196293e-02
-4.251398e-01
1.618348e-01
1.867283e-02
7.578420e-01
2.337554e-01
3.569750e-02
-3.927728e-01
1.618348e-01
1.867283e-02
1.043767e+01
-4.860374e+00
2.418267e+00
1.700599e+00
1
9.417497e-01
1.022517e+01
-4.604794e+00
2.684119e+00
1.971554e+00
1
-5.956699e-01
9.865421e+00
-4.399772e+00
2.564986e+00
2.171554e+00
1
2.432979e-01
9.478605e+00
-4.161590e+00
2.613645e+00
2.371554e+00
1
2.475427e-02
9.050975e+00
-3.913647e+00
2.618596e+00
2.571554e+00
1
4.008336e-02
8.587009e+00
-3.648652e+00
2.626613e+00
2.771554e+00
1
4.008336e-02
8.174938e+00
-3.275263e+00
2.673642e+00
3.031303e+00
1.507719e-01
-1.553873e-01
7.635527e+00
-2.992025e+00
2.642564e+00
3.061458e+00
-1
3.509123e-04
7.115457e+00
-2.708588e+00
2.642634e+00
2.861458e+00
-1
-5.864473e-02
6.632042e+00
-2.441507e+00
2.630905e+00
2.661458e+00
-1
-9.442507e-02
6.187474e+00
-2.186960e+00
2.612020e+00
2.461458e+00
-1
-1.168969e-01
5.812933e+00
-1.851789e+00
2.612785e+00
2.348191e+00
-1
-1.266919e-01
5.427583e+00
-1.620123e+00
2.587447e+00
2.148191e+00
-1
-1.850072e-01
5.083248e+00
-1.398273e+00
2.550445e+00
1.948191e+00
-1
-2.405446e-01
4.781317e+00
-1.185098e+00
2.502337e+00
1.748191e+00
-1
-3.448095e-01
4.523613e+00
-9.796537e-01
2.433375e+00
1.548191e+00
-1
-4.459328e-01
4.326083e+00
-7.069734e-01
2.429351e+00
1.419498e+00
-1
-8.328252e-01
4.141194e+00
-5.190944e-01
2.262786e+00
1.219498e+00
-1
-8.295990e-01
4.012801e+00
-3.359780e-01
2.096866e+00
1.019498e+00
-1
-1.210917e+00
3.939781e+00
-1.676843e-01
1.854683e+00
8.194979e-01
-1
-2.031177e+00
3.926906e+00
-2.534685e-02
1.448448e+00
6.194979e-01
-1
-3.209887e+00
3.980537e+00
1.017795e-01
8.722054e-01
4.323330e-01
-1
-3.227419e+00
4.035129e+00
1.377068e-01
2.267217e-01
2.323330e-01
-1
-1.068715e+00
4.061271e+00
1.415718e-01
1.297870e-02
3.233296e-02
-1
-1.103931e-02
4.047738e+00
1.414184e-01
1.077084e-02
-1.676670e-01
-1
1.907201e-02
3.994210e+00
1.407270e-01
1.458524e-02
-3.676670e-01
-1
1.907201e-02
3.933017e+00
2.047892e-01
6.425093e-02
-5.122835e-01
-1
-9.164363e-02
3.810745e+00
1.981080e-01
4.592220e-02
-7.122835e-01
-1
-5.380521e-02
3.648421e+00
1.915594e-01
3.516116e-02
-9.122835e-01
-1
-9.548046e-03
3.446082e+00
1.846418e-01
3.325155e-02
-1.112283e+00
-9.750981e-01
3.380854e-02
3.204287e+00
1.757584e-01
4.001326e-02
-1.307303e+00
3.957883e-01
-2.955640e-02
2.974001e+00
1.994391e-01
1.221069e-01
-1.149989e+00
1.286089e-01
-4.058695e-01
2.747395e+00
1.808903e-01
4.093297e-02
-1.124268e+00
3.358909e-01
-6.168928e-02
2.529393e+00
1.732948e-01
2.859511e-02
-1.057089e+00
3.580992e-01
-1.682183e-02
2.325211e+00
1.677944e-01
2.523075e-02
-9.854696e-01
3.580992e-01
-1.682183e-02
2.135332e+00
1.633181e-01
2.186638e-02
-9.138498e-01
3.580992e-01
-1.682183e-02
2.001398e+00
1.950189e-01
1.089536e-01
-7.679034e-01
-5.661442e-02
-3.210411e-01
1.847167e+00
1.831551e-01
4.474540e-02
-7.792263e-01
1.603399e-01
-6.759730e-02
1.694640e+00
1.773512e-01
3.122594e-02
-7.471584e-01
2.731072e-01
-2.231947e-03
1.550740e+00
1.728881e-01
3.077955e-02
-6.925369e-01
2.731072e-01
-2.231947e-03
1.417757e+00
1.688229e-01
3.033316e-02
-6.379155e-01
2.731072e-01
-2.231947e-03
1.382341e+00
2.434639e-01
9.189880e-02
-5.787788e-01
8.615521e-02
-1.971029e-01
1.268613e+00
2.352284e-01
5.247821e-02
-5.615478e-01
1.261509e-01
-8.992064e-02
1.158932e+00
2.304482e-01
3.449409e-02
-5.363176e-01
1.773602e-01
-1.721200e-02
1.055272e+00
2.270477e-01
3.105168e-02
-5.008455e-01
1.773602e-01
-1.721200e-02
9.586917e-01
2.242121e-01
2.760928e-02
-4.653735e-01
1.773602e-01
-1.721200e-02
9.689058e-01
2.313554e-01
9.847207e-02
-3.956534e-01
-1.055759e-01
-2.459929e-01
8.878921e-01
2.253771e-01
4.927350e-02
-4.167686e-01
4.981844e-02
-8.899943e-02
8.056031e-01
2.220500e-01
3.147361e-02
-4.068049e-01
1.391006e-01
-1.947202e-02
7.270585e-01
2.197284e-01
2.757921e-02
-3.789847e-01
1.391006e-01
-1.947202e-02
