4
2
1
1000
-0.0504768
-0.107823
0.0971727
0.0083648
0.55872
0.0717915
-0.116622
0.128293
-0.0284524
0.580422
-0.289707
-0.461332
0.33392
0.040631
0.506602
0.0661526
0.153526
0.0191317
0.0426338
0.607204
0.107084
0.0367704
0.144421
0.0018482
0.538716
-1.02338
-1.13204
-0.410787
-0.988313
-0.0425773
-0.503415
0.159734
0.931955
0.508717
-0.165544
-0.104077
-0.403243
-0.100016
-0.110022
0.336794
0.125891
-0.295306
0.0182796
-0.178195
0.639282
0.172207
0.254247
-0.307015
0.126057
0.727642
0.056368
0.121854
0.100884
-0.00963057
0.596087
-0.0615268
-0.543707
0.0604983
-0.181804
0.0457137
0.422446
-0.433497
-1.26364
-1.44361
0.163214
-0.23721
-0.392063
0.179739
-0.0920637
0.67388
0.0772119
-0.267359
-0.0897229
-0.135718
0.75846
-0.0128781
-0.0546534
0.0218447
0.0417608
0.601079
-0.000632691
0.0589417
-0.143839
0.00425904
0.0801914
0.138911
0.105269
-0.0160781
-0.0231213
0.530105
-0.137932
-0.379555
0.769905
-1.03676
0.123658
-0.023876
-0.0892432
-0.0325027
0.018581
0.555125
0.0321137
0.101771
0.0394222
0.047235
0.553897
-0.826833
-0.698516
-0.275164
0.187876
0.548272
-0.0189294
0.0389117
0.063021
0.0185926
0.62574
-0.0872965
-0.0356565
0.0556694
0.0851966
0.603806
-0.0967615
-0.118722
0.294137
-0.0207686
0.564407
-0.0516104
0.226875
0.160776
-0.00536745
0.45157
0.0202313
-0.199936
0.0769328
0.822527
-0.130668
0.00613571
-0.0196938
-0.205333
-0.0088653
0.585914
-0.0478089
-0.0243296
0.157941
0.000982644
0.552647
-0.171491
0.387153
0.54629
0.0122115
0.280216
-0.762573
-0.930658
0.423817
-0.289253
0.375285
0.366956
-0.34483
-1.00017
-1.28055
0.119711
-0.072446
0.0883951
0.194934
0.0484571
0.402592
-0.983465
-0.582073
-0.212513
0.454541
0.527556
-0.0534452
-0.121009
-0.204658
-0.0079809
0.683557
-0.0514076
-0.000301929
-0.167889
0.0369123
0.0433489
-0.829328
-0.970864
-0.325217
0.27788
0.45399
-0.544941
0.349088
0.374021
-2.51414
0.466847
0.114248
0.0689531
-0.340352
-0.0971956
0.505459
0.208743
-0.188423
0.0779752
0.467394
0.0242817
0.115314
0.0837619
-0.0634539
0.0475172
0.550965
-0.458432
-0.446047
0.33474
0.000389369
0.54567
0.0360055
0.0981771
0.0324936
0.0802413
0.558112
-0.106685
-0.0781807
0.084606
0.0975738
0.594456
0.292158
0.573308
-0.296585
0.0163291
0.611212
0.0916831
0.036262
0.0942914
0.0429087
0.547583
-0.43385
-0.960806
-0.0026907
0.630302
-0.699404
0.0496951
0.150932
0.122829
0.0431552
0.577155
0.00339157
0.0797849
-0.147115
0.124532
0.552861
0.236851
-0.160355
0.0604469
-0.575879
0.469967
0.00166382
0.106422
0.0874599
0.0336224
0.630981
-0.036954
-0.0478475
-0.0852505
0.0922562
0.584238
-0.0957875
-0.399994
0.0105748
0.0807876
0.357768
-0.0484573
0.0197824
0.0562351
0.0795306
0.581222
-0.016992
0.00374203
-0.00340902
0.0724999
0.596194
0.109195
-0.0851659
-0.244303
0.936481
0.00977927
0.117166
0.113175
0.0459506
-0.0124261
0.593896
0.0674449
-0.401062
1.22421
-3.46525
0.550029
-0.0224887
-0.173361
0.0679407
-0.0887346
0.104847
-0.159328
-0.440905
0.54245
-0.977102
0.273585
-0.13064
-0.0978322
0.394489
-0.0173374
0.482154
-0.0358192
-0.0459601
0.0653173
0.0901802
0.55814
0.295341
0.219036
-0.358604
0.00970829
0.846674
0.0340906
0.108974
-0.123718
0.0827096
0.681742
-0.0654972
-0.0743751
0.0194611
0.0915059
0.604352
-0.0424764
-0.033997
0.0111321
0.0999923
0.597679
-0.0492824
-0.0553971
0.137655
0.000123684
0.613041
0.0492015
-0.0629647
-0.0229423
0.0334195
0.613785
-0.0609778
-0.0408163
0.208216
-0.00792374
0.556864
0.493997
-0.0940429
0.0198284
-0.710137
0.464329
-0.0404144
-0.0112373
0.217962
-0.0146664
0.527681
-0.329731
-0.457053
0.227613
0.378432
0.520267
0.016242
-0.158198
-0.0601101
-0.076528
0.528071
0.110637
0.105796
-0.0641837
0.046006
0.563431
-1.74552
-0.0499773
-0.260145
0.440447
0.887066
0.0842944
0.00930445
0.211253
-0.0683773
0.507938
-0.0782657
-0.0525108
0.216211
0.0279413
0.535634
0.0198987
0.136098
0.0525118
0.0783436
0.586666
-0.195677
0.494023
0.0733792
0.233569
0.285949
-0.420854
-0.912093
-0.210251
-0.028624
0.21775
-0.000965149
0.117163
-0.111318
0.115083
0.589777
0.158121
-0.441774
-0.369784
0.421725
-0.0343269
0.0687214
0.114596
0.102266
0.0240217
0.568785
-0.0446117
-0.0569211
0.159799
-0.00522037
0.537975
0.0193617
0.0415465
0.062506
0.106821
0.567093
-0.0470866
-0.112668
-0.261323
-0.000619695
0.763032
0.284421
0.0673987
-0.0573431
-0.57654
0.601933
0.179045
-0.0686153
-0.249825
0.0238146
0.511647
-0.0184636
0.39873
0.129758
0.0351073
0.350504
-0.0256699
0.0155135
0.150833
0.0118567
0.557444
0.00343603
0.254085
0.305343
-2.34834
0.251868
-0.0353091
-0.113818
0.0497484
0.0239299
0.519483
-0.306875
-0.00101096
-0.24013
0.16444
0.54152
-0.590032
-0.0420297
0.217928
0.223879
0.394643
0.16222
-0.31849
0.0117501
-0.186332
0.689441
-0.310823
0.101905
0.593014
0.000559354
0.179974
-0.120438
-0.0557486
0.285692
0.073315
0.520976
-0.411916
-0.612539
0.374483
-0.591087
0.0909801
-0.44992
-0.186022
0.0141856
0.163866
0.618402
0.260037
0.583544
-0.195435
0.00308709
0.661383
-0.0423409
-0.0428441
0.130245
0.0251111
0.545498
0.26434
0.0383205
0.0151981
-0.217807
0.493946
-0.0258997
-0.121446
0.116337
-0.00277053
0.590535
-0.00845943
-0.0498989
-0.0923306
0.0591575
0.345306
0.0610493
0.108386
-0.121561
0.0627026
0.48204
0.498415
-0.0840037
-0.259266
-0.204874
0.578245
0.0310522
0.0508567
0.0265072
0.0450144
0.589625
0.0900004
0.163715
-0.228658
0.114244
0.620095
-0.0576103
-0.0250842
0.0389665
0.0900759
0.576608
0.0317138
0.0609014
-0.0868198
0.0859676
0.582757
-0.223389
-0.369252
0.155624
0.298262
0.47695
-0.00524805
0.0463831
0.0123103
0.0783905
0.5478
-0.00871496
0.0517123
0.062419
0.0930039
0.620577
-0.381307
-0.7038
0.363582
-0.608253
0.0819312
-0.0573155
-0.0185736
0.0246675
0.0930751
0.628522
-0.159835
0.341232
0.310027
0.0336263
0.455137
-0.653592
-0.0308362
-0.302009
-0.211934
0.506503
-0.242583
-0.349833
0.168649
0.233353
0.43315
-0.0600513
-0.118393
-0.0964684
0.130689
0.625149
-0.0416632
0.0168972
-0.0924196
0.095088
0.611585
0.0859322
0.463644
0.133472
0.00611239
0.283061
0.240079
0.0422422
-0.0077122
-1.20648
0.32886
-0.0262897
0.0452024
-0.109424
-0.00636437
0.0665419
0.0406518
0.0802664
0.14772
0.106935
0.546301
0.0433529
0.107477
0.104448
-0.00922426
0.563466
0.268807
0.547745
0.37198
-1.2976
0.731172
-1.24176
-0.759702
-0.259335
0.3755
0.429255
-0.045811
-0.10133
-0.171952
-0.00574861
0.570994
-0.00721264
-0.0874095
-0.0313233
0.0347988
0.482059
-0.797993
-0.652736
-0.306992
0.192216
0.571587
-0.000984325
0.114217
-0.118307
0.116515
0.674374
-0.0250372
0.0367754
0.0705481
0.0791395
0.54518
-0.0497046
-0.0610628
0.0201792
0.107408
0.593468
0.00630196
-0.0705558
-0.285849
-0.0204117
0.76518
-0.0486282
-0.081638
0.0998432
0.0125389
0.615183
0.00808175
-0.0635359
0.160307
-0.0127586
0.509546
0.00892404
-0.0915179
0.147786
0.0189703
0.58035
-0.0483864
0.00664663
-0.0223426
0.00643668
0.00969597
0.462685
-0.122691
-0.0576219
-0.496921
0.483581
0.355859
-0.0469127
-0.175262
-0.287273
0.560708
0.0480296
0.0993919
-0.00975997
0.0858711
0.556918
0.0241875
0.0245743
0.0334486
0.111159
0.615693
-0.0118857
-0.050419
0.0764854
0.0436041
0.564522
-0.0595752
-0.429738
0.0908207
-0.861385
0.310848
-0.0372937
0.0314871
0.0895966
0.0883594
0.548743
-0.709306
-0.92474
-0.572447
-0.975272
0.0346504
0.140373
-0.301593
-0.00403197
-0.174377
0.682204
-0.272038
-0.150571
-0.420146
0.129314
1.0532
-0.0494537
-0.107837
0.156252
0.00893464
0.54298
-0.0306776
-0.0330416
0.033897
0.0195173
0.614522
0.0567367
0.0758424
0.170971
-0.00929193
0.547473
0.0215013
0.123821
-0.0342811
0.0766735
0.65307
-0.00395363
-0.0313764
0.0606109
0.0256163
0.577442
-0.425415
0.996862
0.536011
-0.683836
-0.362234
-0.0414528
-0.0382349
-0.0394642
0.0831509
0.60104
0.0766959
-0.446444
0.0508588
-1.02485
-0.297217
-0.448541
0.140197
0.226004
0.329155
-0.599427
-0.0173927
0.00589929
0.0429592
0.021053
0.626503
-0.105527
-0.16641
-0.0340056
0.114951
0.575337
-0.0678336
-0.0367897
0.0486087
0.0939136
0.615383
-0.00795422
0.0864415
0.205828
-0.0068762
0.564123
-0.455621
-0.443945
0.309279
0.00354726
0.582491
0.187711
0.566644
1.38466
-0.964992
-0.71494
0.273824
-0.281844
0.398693
-0.447484
0.491772
0.083214
-0.0230505
0.0856169
-0.0558285
0.521831
0.943205
0.62334
-0.711216
-3.71631
0.648984
0.235126
-0.599013
-0.0625475
-0.352812
0.389444
0.0602352
0.0179954
0.072486
-0.0154613
0.60018
0.0766832
0.0305224
-0.0442954
0.112909
0.582059
0.221243
-0.385031
0.129532
-0.256523
0.641035
-0.0320758
0.0667491
-0.190132
-0.0313976
0.068692
-0.0227584
0.0351047
0.100451
0.0144901
0.606793
0.257926
0.0219216
0.0479052
-1.38697
0.336988
-0.736538
0.164835
0.92488
0.310899
-0.0889975
0.0396844
0.123598
-0.00884343
0.0805301
0.643247
0.0117141
-0.0876541
-0.0499684
0.0638017
0.67029
-0.355014
-0.0422902
0.17548
0.17377
0.225687
-0.0567452
0.013065
0.0980776
0.0792318
0.583778
-0.0363471
-0.0477846
0.0638961
0.0332616
0.607505
-1.31203
-1.63621
0.0176749
-2.36773
-0.832018
-0.0878669
-0.0631334
0.0340755
0.0906764
0.567786
-0.0267146
0.0316505
0.0963349
0.0843427
0.553811
0.97962
0.761635
-0.749674
-2.79091
0.724204
-0.0497736
0.0356761
0.204576
0.109743
0.567051
-0.0197031
0.092633
-0.119452
0.100947
0.6843
-0.572431
0.245933
0.271149
0.315078
-0.370606
-0.0441453
-0.118417
0.00614382
0.228987
0.527243
-0.0674286
-0.0573256
-0.0151907
0.108635
0.657285
-0.0111706
0.0738134
0.11629
0.048807
0.558582
-0.238333
-0.242555
0.511829
0.525589
-0.588444
0.0137814
0.0396317
-0.0797138
0.0953887
0.622843
-0.115667
-0.104433
0.0961054
0.0912713
0.595848
-0.00335883
-0.00751249
0.0344536
0.00914077
0.586995
0.0511153
-0.0235467
-0.0960831
0.059782
0.664515
-0.102426
-0.165021
-0.0130143
0.0840884
0.542287
-0.164591
0.0849057
-0.243527
0.154971
0.545355
0.134111
-0.284025
-0.0726015
0.287752
-0.0757493
-0.873871
-0.755166
-0.225713
0.154243
0.349345
-0.0934661
-0.0549176
0.127777
0.0372009
0.346434
0.146781
-0.0331394
0.206999
-0.230665
0.536294
-1.10958
0.6429
1.36776
0.361332
0.188191
-0.00424339
-0.0294506
0.188741
-0.0303071
0.520819
-0.0565366
0.236309
0.173965
-0.00615143
0.472635
0.00256394
-0.0467657
0.177183
-0.00218896
0.554322
-0.130778
0.089122
-0.174183
0.0279197
0.0865567
-0.0454955
0.0668115
-0.00950934
0.074694
0.485181
-0.123408
-0.15055
0.0231698
0.207668
0.51539
-0.0198379
0.0231973
0.0621118
0.0955882
0.588419
0.642791
0.163371
-0.102564
-0.998449
0.132162
-0.0457072
0.0271499
0.0711737
0.0805827
0.576338
0.0684462
-0.505569
0.125522
0.206311
0.696025
0.0248315
0.863738
0.188967
-0.140846
0.334976
0.00322159
-0.14857
-0.110659
0.121229
0.594991
-0.624244
-0.993641
-0.523704
-0.892811
0.0485727
-0.0567308
-0.0065424
0.0469208
0.088826
0.620379
0.0769591
-0.279036
0.7853
-1.77422
0.160061
-0.989009
-0.164778
0.570646
0.0740595
0.251433
-0.0154786
-0.301114
0.0644437
-0.838199
0.492259
-0.0149601
-0.247966
-0.200109
0.504237
-0.0561001
-0.114196
-0.90703
-0.118663
-0.0985346
0.046093
0.031157
0.0133526
0.0568972
0.0361931
0.583409
0.0249967
0.160768
0.135614
0.0168316
0.582374
0.153207
-0.428014
-0.357092
0.408932
-0.0364122
0.0235222
0.0479141
-0.0342418
0.0376987
0.61152
0.0147457
-0.2324
0.0470555
-0.775623
0.35528
0.181255
-0.681951
-1.41756
-0.771731
0.144741
0.0157937
0.0830886
-0.103383
0.0835632
0.643648
-0.0323293
-0.135971
0.111802
0.0123955
0.583081
-0.0908434
-0.389663
0.0088061
0.0941077
0.330046
-0.130375
-0.384187
0.482581
-0.866737
0.532088
0.028688
0.033781
0.0339891
0.033171
0.602446
-0.224039
-0.211069
0.517733
-0.90349
-0.060268
-0.0345334
-0.0308651
0.0898502
0.0302012
0.54998
-0.162655
0.0690766
-0.140337
-0.0243639
0.0717722
0.0284677
-0.024226
0.1296
0.0342596
0.590025
0.38306
0.932992
0.193769
0.0884478
-1.50913
0.30797
0.0319604
0.337876
-0.00352282
-0.690183
-0.00841573
0.0587748
0.0799417
0.0219315
0.598031
-0.0509839
-0.538595
-0.0966369
-0.349829
-0.273957
0.731233
-0.722041
-2.36525
-2.04939
0.307567
-0.0884598
-0.0488478
0.203585
0.069853
0.473616
-0.0127543
0.0694347
0.18514
0.055912
0.545186
0.039352
-0.00465206
0.0536337
0.0388694
0.60342
-0.134505
-0.093051
0.406147
-0.00291328
0.473027
-1.61187
-0.388963
0.573548
-0.906886
-0.06601
-0.144012
-0.87674
-0.0683693
-0.0569244
-0.154292
0.0212556
-0.0673793
-0.0649275
0.0397646
0.588526
0.0664545
0.125145
0.00723896
0.0826794
0.559515
0.642123
0.756899
-0.0740128
-0.106032
0.401039
0.0536439
0.0398135
0.0179895
0.0983958
0.576022
0.403473
-0.49764
-1.37606
-1.29608
0.177963
-2.59192
0.660414
0.8192
-0.344202
0.639188
0.00520014
-0.117292
0.141782
0.0759566
0.618753
-0.472774
0.146227
0.873527
0.455858
-0.157178
-0.246931
-0.330308
0.506788
0.470905
-0.354805
0.14287
0.0965613
-0.409595
-0.287311
0.352624
-0.106403
-0.116776
0.0140334
0.0998486
0.648079
0.00951545
0.0559211
0.0252812
0.0202641
0.559961
-0.400082
-0.447203
0.837782
-0.296982
-0.712397
-1.05815
-0.746519
0.0415154
0.235389
0.191659
0.0354876
0.03283
0.151977
0.0186686
0.54893
-0.793719
-0.803536
-0.314921
-0.674602
0.130552
-0.0148138
-0.0309083
0.0392329
0.106627
0.556146
-0.882116
-0.0465402
-0.0927141
-0.433346
0.538159
0.35156
-0.879688
-0.0461747
-0.521074
0.422026
-0.0466356
-0.103186
-0.174866
-0.00589376
0.581017
0.00361477
0.0687722
-0.152701
0.0393662
0.0620621
-0.119188
-0.0517503
0.281475
0.0537477
0.395037
-0.0761487
-0.0885839
0.230399
-0.0117489
0.53904
-0.0215234
0.0751651
-0.109913
0.0812694
0.649415
0.0822812
0.0869502
-0.0168457
0.0127257
0.610107
-0.0598007
-0.103871
0.169372
0.00650733
0.56592
-0.914445
0.800249
0.268443
-0.125866
-0.00711106
-0.0245993
-0.0450266
0.174301
-0.000446931
0.580805
-0.479512
-0.553315
0.489434
-0.0176466
0.52987
-0.120006
-0.0704223
0.162717
0.100598
0.564657
0.184386
0.0240434
-0.257391
0.18046
0.200764
0.0253874
0.0275862
-0.0217292
0.0217002
0.53689
-0.276473
-0.333282
0.305003
0.0382821
0.394115
0.0073656
0.0514897
0.0236742
0.0881431
0.560667
0.262631
-1.16595
-0.430837
-0.27863
-0.966992
0.890792
0.354594
-0.423011
-1.38782
0.388574
0.0176139
0.0378077
-0.0107686
0.0941352
0.559861
0.0419414
-0.470119
-0.52076
-0.469353
0.238958
-0.0179292
0.0184141
-0.0166647
0.0859031
0.566869
-0.0224582
-0.0195933
0.0234494
0.113663
0.588435
-0.0403005
0.130504
0.117492
0.0282542
0.397202
0.0264783
0.0227356
0.0461986
0.012959
0.524393
-0.0275051
-0.147021
0.0907096
0.0424473
0.556438
0.0938789
0.0516845
0.19197
-0.0440257
0.527386
-0.020319
0.0731112
-0.105125
0.0785378
0.621817
-0.0738808
0.0427938
-0.133892
0.0550898
0.0714064
-0.0470213
0.253083
0.162056
-0.00546396
0.492881
0.109818
0.144542
-0.0325847
0.0981985
0.594464
-0.0256101
0.146699
0.0436764
0.098123
0.71327
0.0314471
-0.021256
-0.0858153
0.0468632
0.574075
-0.0253903
0.050112
-0.112556
0.00686535
0.0745674
0.103798
0.19132
-0.234303
0.0995996
0.585183
-0.0923526
-0.454557
-0.036863
-0.0177687
0.21739
0.0249743
-0.0756844
-0.0760982
0.014038
0.58238
-0.36905
0.255592
0.179029
0.356706
-0.468032
0.0928997
0.175785
0.0332047
0.101782
0.591284
-0.586927
-0.89053
-0.378371
-0.794944
-0.126977
-0.00381902
0.000487541
0.024068
0.0219664
0.557173
-0.709149
-0.118848
-0.196328
-0.150188
0.478139
0.043036
0.150734
0.259158
-0.0332122
0.591776
-0.51904
-0.455787
0.101838
0.137789
0.240419
-0.599188
-0.634599
0.193613
0.471698
-0.722568
-0.0450586
-0.162782
0.0711171
0.00405892
0.607061
0.0411055
-0.0750555
0.114428
0.0342381
0.551307
-0.399626
-0.616462
0.31346
0.182839
0.161214
-0.0544252
0.0135791
0.107762
0.0971849
0.545736
-0.048596
0.24859
0.161535
-0.00508337
0.488431
-0.0270174
0.117654
0.0787225
0.0878586
0.684131
-0.0084959
0.132651
-0.108565
0.114697
0.684295
-0.0124626
-0.202941
-0.178256
-0.164481
0.402388
0.00448037
-0.102528
-0.12603
0.123607
0.568949
0.0091554
0.0652308
0.0490805
0.0872208
0.591156
-0.00401727
-0.259496
0.0377828
-0.762362
0.443903
-0.371061
-0.521594
0.324075
0.377565
0.507618
-0.0092881
0.0110516
-0.00820419
0.0345153
0.609529
-0.00459825
-0.443493
-0.0743851
0.0641686
0.430031
0.0120775
0.0321504
0.128968
0.014358
0.545341
-1.36477
-0.363054
-0.0474284
0.514009
0.442659
-0.120001
-0.034981
0.248052
0.058909
0.475577
-0.0860646
-0.0801481
0.0781991
0.101097
0.571244
0.0485098
-0.478565
-0.296824
-0.701615
-0.0618328
0.0018336
0.00345783
0.0803604
0.0346016
0.555609
0.119814
0.164946
0.015339
0.0311891
0.605996
-0.0134513
0.0107676
0.0711135
0.013739
0.589802
0.594894
-0.063318
-0.413709
-0.341512
0.839316
-0.0690076
-0.0367072
-0.0193935
0.0906379
0.573454
-0.0946321
0.0680238
0.29831
0.00331955
0.353408
0.0216182
-0.0418214
0.0818547
-0.00217764
0.552733
-0.0472072
-0.0200749
0.14058
0.0136273
0.584496
0.656695
0.772666
-0.0842567
-1.70778
0.424235
-0.00788055
-0.299541
-0.352707
0.576963
-0.0294084
0.608567
1.26288
0.611915
-0.604109
0.479789
-0.087864
0.0962241
0.444862
-0.0435933
0.446724
-0.0619618
-0.177808
0.0478118
0.145701
0.588978
-0.0633294
-0.0020229
-0.0192872
0.0719383
0.49403
-0.185077
-0.47936
0.646995
-1.10277
0.604727
0.0750747
0.176667
0.135806
0.0431407
0.570795
-0.0540495
-0.129748
0.0222599
0.0552912
0.656358
-0.019069
-0.0321742
-0.0148026
0.0345907
0.635716
-0.495149
-0.917695
0.274281
-0.485462
0.0611032
-0.0392447
0.00885591
0.095546
0.089731
0.53189
-0.055308
0.163265
0.157474
0.0313869
0.487647
-0.0815771
0.0429776
0.181827
0.0479794
0.367084
-0.0149048
-0.12979
0.0651551
-0.013963
0.528277
0.0359769
0.153534
-0.126753
0.107264
0.546918
0.0902157
0.0577271
0.198647
-0.0643629
0.519095
-0.00627873
0.0560411
0.0938986
0.0081523
0.589994
-0.067321
-0.00709361
0.0347453
0.0643054
0.554874
-0.184003
-0.269229
-0.0776085
0.632964
-0.04079
-0.0465167
-0.0851747
0.0433832
0.106621
0.590989
-0.122045
-0.151457
0.0924893
0.0461636
0.295951
0.244175
-0.0546408
-0.15739
-0.271796
0.542103
-0.0293547
0.0870092
0.119256
0.0433588
0.391388
-0.349139
-0.559509
0.361007
0.0541398
0.68721
0.0304387
0.0741982
-0.065524
0.0994857
0.631598
0.0204257
-0.00205082
-0.00578691
0.0890321
0.564802
0.0587306
-0.0138111
-0.0114713
0.0574084
0.592709
0.00857873
-0.0351932
0.19431
0.0042482
0.589668
0.333816
-0.26844
-0.00664016
-0.47953
0.0916879
-0.016649
0.0462675
-0.146149
0.0995609
0.521099
-1.27885
0.278366
0.793592
0.00905099
0.44526
0.556928
0.001209
0.234889
-0.267643
-1.48228
-0.0557478
-0.0486252
0.0156515
0.0838695
0.610707
-0.321678
0.918219
0.528577
-0.571051
-0.179734
-0.454805
-0.116113
0.0732244
0.734282
-0.170494
0.035254
-1.31721
-2.01843
-0.738649
-0.039088
-0.0248991
-0.0606021
0.0904831
0.0321137
0.554531
0.00696753
0.109322
-0.182444
0.138362
0.662226
-0.0262309
-0.45496
-0.0388632
0.0717603
0.384089
-0.0362957
-0.0268308
-0.0478038
0.0847689
0.676066
0.0257932
-0.00215902
0.14061
0.028946
0.544767
-0.335998
-0.878238
-0.260621
-0.0444889
0.735882
-0.74703
0.0324077
0.296812
-0.225783
0.348221
-0.0786321
-0.0590142
0.0811676
0.0991735
0.58994
0.0347995
0.00724283
-0.046425
0.0124104
0.555283
0.243482
-0.821595
-1.47881
-1.43617
0.0785534
-0.062042
-0.0267243
0.0600499
0.0880174
0.570314
-0.0209922
0.0383077
-0.203223
0.0309547
0.0901866
-0.0436479
-0.0785122
0.0231509
0.0426535
0.60939
-0.0267381
0.0335731
0.156582
0.0809231
0.576381
-0.0621213
-0.0796227
0.126742
0.0189068
0.576997
0.0739481
-0.460406
0.0534107
-0.245173
-0.242483
-0.134054
-0.0742327
0.347517
-0.00639746
0.429707
-0.0747522
0.404611
0.448481
-0.0113024
0.229254
0.368406
-0.912642
0.798265
-0.718474
0.813135
-0.0252303
0.0839549
0.156288
0.0793716
0.57033
-0.385547
-0.554859
0.299012
0.356563
0.6394
0.0214621
-0.556249
0.232114
-0.335368
0.948157
0.0383842
0.106874
-0.0503544
0.0775798
0.579883
0.000958342
0.143977
-0.128366
0.141724
0.676468
-0.115038
0.068574
0.188392
0.0557506
0.474197
-0.0983259
-0.0391315
0.197365
0.0370625
0.2909
-0.0455292
-0.024327
0.225379
-0.00554978
0.550851
0.0761698
0.206615
-0.374812
0.0474274
0.271252
0.065239
-0.00316131
0.211873
0.0165977
0.541863
0.170328
0.0927188
0.63944
-0.147832
-1.21426
0.166019
-0.0732821
-0.26221
0.023504
0.547525
-0.0410673
-0.0128162
0.196093
-0.00957598
0.595551
0.546984
-0.0818895
-0.293344
-0.218571
0.624001
0.0425113
0.0886224
-0.277262
0.00838954
0.21405
0.00567171
0.0816392
0.0971094
0.0856659
0.555345
-0.0189373
-0.0186277
0.0874821
-0.00241821
0.54067
-0.0649771
0.00379776
0.0893434
0.0916237
0.602946
-0.0603395
-0.103079
0.0413
0.0382257
0.548633
0.215234
-0.148147
0.0447538
-0.53194
0.454396
-0.3665
-0.0791827
0.0221482
-0.412025
0.267612
-0.0247915
-0.0306289
0.146815
-0.00960759
0.560018
0.0729115
0.141951
-0.313773
0.0628731
0.209489
-0.250438
-1.14762
-0.0624978
-0.214266
0.0977947
-0.0421679
-0.0332955
-0.0275443
0.0943316
0.58197
-0.0134621
0.0447201
0.0418157
0.0947816
0.610358
-0.175321
-0.229559
0.224417
-0.0081034
0.30464
-0.576505
-0.869529
-0.59865
-0.786321
0.0165821
0.780968
0.222387
-0.59767
-0.196727
0.396511
-0.639904
0.433428
1.53731
-1.36785
-0.179142
0.0663983
-0.00325025
-0.0981274
0.107719
0.593753
0.14185
0.0157774
0.0170845
-0.752599
0.189554
-0.614178
-0.0481477
-0.218419
0.0844065
0.635469
-0.052167
0.228601
0.163635
-0.00577315
0.455447
-0.0291755
0.0732839
0.0364685
0.0979349
0.616476
0.0429841
0.0400802
-0.13844
0.0419574
0.222905
0.0122154
-0.00603982
0.000149498
0.0952255
0.621471
-0.0422225
0.0341091
0.0195488
0.0885392
0.636407
0.00626049
-0.00608971
0.0547116
-0.00310888
0.561502
-0.601651
-0.258937
0.244407
0.727215
-0.13522
-0.12788
-0.143973
0.0961003
0.0544819
0.319857
-0.0326286
0.00921272
0.0776681
0.00711412
0.618244
-0.0487897
-0.107954
-0.186147
-0.00595903
0.613567
0.0384156
0.122413
0.0383381
0.0407593
0.563249
-0.0861846
-0.138275
-0.142334
0.0941983
0.570577
-0.0500985
0.218007
0.156178
-0.005399
0.434573
-0.0492671
-0.425266
0.977914
-2.37485
0.492281
-0.489965
-0.614512
0.367346
-0.0813025
0.912407
0.10614
0.124438
-0.237767
0.0616291
0.500932
-0.0816782
-0.0126294
0.0706531
0.0755094
0.59106
0.00894102
0.00737552
-0.0339009
0.0938735
0.614004
-0.0853283
-0.184168
-0.216636
-0.0171327
0.815499
-0.0411244
0.0147471
0.0152788
0.0877903
0.636673
-0.0715694
-0.0633485
-0.0591746
0.101617
0.602054
-0.0499093
0.165763
0.160065
0.0301379
0.488629
0.0387315
0.0895448
0.0638244
-0.000391552
0.567256
-0.126555
0.0822722
0.426134
-0.0250425
0.425954
-0.0665782
-0.0616733
0.0504717
0.0914408
0.60315
0.0618632
0.0475558
0.173081
-0.0398162
0.521256
0.0548269
0.147676
0.110514
-0.000672631
0.58839
-0.0608706
0.269761
0.194696
-0.0075019
0.536159
0.104457
-0.15294
0.157822
-0.298299
0.467114
-0.00407444
-0.0171397
0.0267896
0.0136319
0.618241
-0.213182
-0.48243
0.235766
-0.53274
0.254836
0.820151
-0.374383
-1.44846
-1.13369
0.16496
-0.0126125
-0.11636
-0.0228283
0.15157
0.566401
0.0931127
-0.266583
-0.053364
-0.143927
0.693919
-0.598565
-0.0122681
-0.509758
-0.178631
0.58489
0.0506374
0.0851189
0.0492013
0.0962559
0.54873
0.255831
-0.497778
-0.674372
-1.30881
-0.0148468
-0.0511918
-0.061694
0.135715
0.016759
0.542762
-0.998594
0.926169
0.36476
-0.904469
0.53931
-0.0105641
0.133184
-0.110091
0.115901
0.706521
0.930739
1.01679
-1.30293
-2.3067
0.919523
0.0816503
-0.101479
-0.365435
-0.171675
0.394069
0.0477645
0.120155
-0.104193
0.0778449
0.648932
0.0529023
0.161038
0.0250319
0.0459034
0.698421
-0.0715286
-0.173328
0.118592
-0.00339839
0.561518
0.0622913
0.132161
0.0207
0.0508465
0.601356
-0.0773968
-0.0619051
0.224083
0.0295382
0.578642
-0.0287463
-0.0327093
0.028281
0.0191541
0.648866
-0.0794002
0.432156
0.47826
-0.012074
0.244687
-0.0617483
-0.00883442
0.0594848
0.0899745
0.585794
-0.155818
0.367895
0.520114
0.00858744
0.251647
-0.030468
-0.00275698
0.0186623
0.0927007
0.548988
-0.0317361
1.05062
0.688961
-0.129369
-1.24418
0.00533657
0.0569742
0.109278
0.000945264
0.594627
-0.167087
-0.218317
0.17015
0.00726851
0.36345
-2.14284
0.464923
-0.101141
0.694319
-0.289973
-0.559538
0.000129631
-0.465143
-0.154703
0.549357
-0.353808
-0.34563
0.566656
0.744164
-0.492365
0.0882368
-0.338765
-0.315428
-0.0757058
0.453023
0.291726
-0.00639452
-0.129714
-0.231802
0.498672
-0.484385
-0.252098
0.279597
0.664944
-0.195564
-0.307366
0.0320374
0.314097
0.0191721
0.46738
-0.0296034
0.13031
0.0956424
0.0319637
0.365225
-0.0216339
-0.0094909
0.100392
0.0113103
0.545063
-0.325581
-0.192558
0.143823
-0.112079
0.335681
-1.3847
-0.436699
0.466965
0.623896
-0.00645586
-0.555623
-0.754957
0.287683
-0.402519
-0.0339037
-0.0287527
-0.0157202
0.0765958
0.100847
0.584616
0.00152729
-0.0153628
0.0868429
-0.000683418
0.579665
-0.0434418
0.0274746
0.167044
0.0854617
0.546607
0.054169
0.130873
-0.045682
0.0298544
0.605095
0.0688928
0.0725437
0.0627955
-0.0149649
0.551551
-0.0758114
-0.00632006
0.104658
0.115272
0.611928
0.0264202
0.0923891
0.0133722
0.016873
0.61672
0.0235213
0.0698157
0.210611
-0.0140746
0.560316
0.0472342
0.0956811
0.0819719
0.0148773
0.545109
-1.31017
0.644376
0.895398
-0.193452
0.536083
-0.0793359
-0.119355
0.195985
-0.000383584
0.584885
-0.0444045
0.0752231
-0.138108
-0.019529
0.052972
-0.467378
0.312106
1.1368
0.00601567
-0.169789
-0.049653
0.024073
0.0102456
0.0504717
0.611133
0.0277441
0.0329595
-0.0356977
0.116423
0.586564
-0.116666
0.474392
0.570099
-0.0104167
0.284711
0.343395
0.556755
-0.149669
-0.0646302
-0.993356
-0.057758
-0.125849
-0.148453
-0.0118943
0.55795
-0.405416
0.218122
-0.321186
0.29536
0.541984
-0.0301467
-0.00304313
0.0871867
0.0163327
0.608314
-0.332368
-0.118636
0.0762747
-0.54211
0.24262
-0.0682642
-0.12713
0.123618
0.0200794
0.592635
-0.00380428
0.0156244
0.0333809
0.0989544
0.541378
-0.0196821
0.0781
-0.109736
0.0875953
0.630211
0.0854868
0.18507
0.427585
0.0181114
-1.0927
-0.165716
-0.22986
-0.0748031
0.181032
0.636993
-0.347579
-0.565576
0.327434
-0.519508
0.0621228
0.015155
-0.505668
-0.0999878
-0.322496
-0.243434
0.0252201
-0.0144244
0.0454667
0.0115502
0.560408
0.0119323
-0.00681783
0.106878
0.00424201
0.559983
-0.0458551
0.243718
0.156808
-0.00527685
0.475409
-0.157443
-0.168344
0.120244
0.095562
0.283462
0.0222795
0.0958776
0.00659167
0.102372
0.618975
0.00406245
0.0562973
0.132633
0.0108973
0.471816
0.0660695
-0.436115
-0.662642
-0.375149
0.190393
0.011478
-1.69473
-1.755
-1.33316
-0.481586
-0.366176
-0.582853
0.40282
0.0543516
0.671327
-0.0278708
-0.0312856
0.099908
0.100057
0.534596
-0.287836
-0.393105
0.168708
0.24014
0.207086
0.0345218
-0.00511941
0.0974535
0.0473429
0.592535
0.0633988
0.122198
0.0264135
0.0595812
0.6217
-1.10584
-0.913275
-0.109704
0.343689
-0.585954
-0.0787444
0.417263
0.46497
-0.011571
0.237203
0.111408
0.0809062
-0.0793539
0.115345
0.635756
0.0387111
0.188812
-0.181759
0.106335
0.624283
0.0512421
0.129194
-0.041761
0.082352
0.643614
-0.196458
-0.376839
0.785308
-1.04171
0.14784
-0.0499038
-0.323026
-0.0932563
0.0419998
0.437626
0.51705
0.673379
-0.162911
-0.0726449
0.422429
0.0356703
0.11663
0.0292078
0.0458827
0.595582
0.136675
0.525295
0.0987433
-0.0337461
0.793778
-0.194661
-0.257782
0.262852
-0.0235949
0.316871
-0.0943366
-0.267152
0.0262264
0.243664
0.525216
-0.0488821
-0.249016
-0.115917
0.0334567
0.441976
-0.0226654
0.240996
0.0739193
-1.91212
0.350551
0.263848
-0.765316
-1.48126
-1.4296
0.113944
0.205429
0.450205
0.12974
0.0665957
-0.810602
-0.00229425
0.144975
-0.123065
0.115308
0.698105
-0.0787443
-0.0369133
0.189882
0.0799851
0.566679
0.0543365
0.116712
-0.208651
0.116574
0.62066
-0.0405835
0.0636047
-0.188045
-0.0331077
0.0707468
-0.0401929
0.0165748
0.00815136
0.0878013
0.63536
-0.112196
-0.0257551
0.2314
0.056136
0.470594
0.106946
0.0457023
-0.0230176
0.0343024
0.58323
0.0130034
0.0797348
0.0819096
0.0112353
0.61653
-0.0433017
0.0743427
0.141791
0.112427
0.582597
-0.0210962
0.0739207
-0.107029
0.0794935
0.636213
0.0978039
-0.9333
-1.67116
-0.798324
0.122623
0.0216023
0.0524444
0.0276324
0.035254
0.597106
-0.0362997
0.0196782
0.0885571
0.0394192
0.602073
-0.041531
0.0439367
0.0602835
0.0804285
0.639647
-0.0834912
-0.0741095
0.0793549
0.0987924
0.535235
-0.00608186
-1.48254
-2.41193
-0.294304
0.0581983
0.189977
0.0730633
0.266605
0.331259
-0.829035
0.0726167
0.142164
-0.0392104
0.0215039
0.629303
0.113299
0.0653411
0.0566063
-0.00903011
0.591902
0.291112
0.0469743
-0.27705
0.0410657
0.489997
0.645677
0.243809
-0.278976
-1.00638
0.26333
0.26948
0.0568266
-0.00471986
-0.209748
0.506336
0.0605174
0.100261
0.000330553
0.087642
0.565602
-0.10223
-0.186826
0.166388
0.0293708
0.546608
-0.737122
0.0502548
-0.546283
0.580331
0.76227
0.323431
0.215595
-0.237072
-0.0178191
0.569528
-0.084448
-0.112588
0.15554
0.0469459
0.597063
-0.0364426
-0.208673
0.162931
-0.00198169
0.532318
-0.0394908
-0.110441
0.157189
0.0561543
0.574347
0.0405001
0.0135143
0.0616594
-0.00698999
0.53537
0.00275116
0.0108282
-0.153206
0.101477
0.540188
-0.0431082
-0.231637
-0.0920558
-0.166556
0.29055
-0.051035
-0.0235369
-0.0126489
0.0983421
0.605758
-0.136948
-0.821099
-0.237519
-0.682575
0.199592
0.293876
0.0509066
-0.233409
-0.047204
0.319719
-0.979466
-0.813528
-0.565004
-0.820451
0.175233
-0.281636
0.0452988
0.256951
0.0253067
0.465444
-0.0535733
0.0873509
0.144841
0.0460926
0.351808
-0.115883
-0.744839
-0.264989
-0.620009
0.218778
0.0265689
0.0762491
-0.0230822
0.08519
0.560468
-0.439644
-0.0321504
0.207298
-0.288514
0.141696
0.532507
1.03008
0.394623
-0.956904
0.435586
-0.0199593
-0.0614867
-0.0724434
0.0970285
0.605296
0.0933886
0.0765116
-0.0665026
0.0947177
0.623958
-0.988788
-0.199795
0.0300446
-0.282799
0.39703
-0.0369197
0.039885
0.025116
0.0758271
0.610689
-0.050156
-0.111185
-0.19288
-0.00603345
0.634094
0.0507424
0.0475943
-0.0195821
0.00207851
0.613602
-0.0360974
-0.0195528
0.0345022
0.0965335
0.586103
0.0350717
-0.0380378
0.028632
0.0624243
0.626277
0.0014587
-0.332779
-0.122491
-0.257236
0.460098
0.106752
0.196349
0.031869
0.0309463
0.546793
-0.28159
-0.446455
0.316942
0.0406849
0.500833
0.00858037
0.121125
0.255628
-0.0233428
0.574254
0.0719991
0.135126
0.0975935
-0.0138641
0.561635
-1.49196
-0.256771
0.208002
-0.377167
0.541028
-0.0324699
-0.31913
-0.0880765
0.000537935
0.489066
-0.0819995
0.081769
0.243021
0.00627343
0.423319
-0.877832
-0.951042
-0.583911
-1.01664
0.119067
-0.0661241
-0.12835
0.0195787
0.0465812
0.601913
-0.0784975
0.0905395
0.405746
-0.0458097
0.411016
-0.188332
0.00509849
-0.0608626
0.0225792
0.00813238
0.0380785
0.108003
0.123653
0.00720288
0.585371
-0.0805891
-0.0401003
0.0133447
0.0984907
0.598018
0.279755
0.506579
-0.251689
0.138742
-0.791212
-0.420732
0.0321762
-0.630029
0.37933
0.95386
-0.836267
0.088239
0.254282
0.488724
-0.164838
-0.0908101
-0.166182
0.180751
-0.00352697
0.598151
-0.0397893
-0.0193806
0.14811
0.00575712
0.597563
0.0317302
0.0225298
0.113852
0.0322778
0.598161
5.69995e-05
0.0261426
0.0257886
0.093457
0.550543
0.0530974
-0.295861
0.106337
-0.832421
0.381237
0.0464948
0.144694
0.0892714
0.0418982
0.583335
0.0320635
0.097398
-0.0797533
0.0818188
0.634501
0.365057
-0.344591
-1.01001
-1.27922
0.124738
-0.0635871
0.0641256
0.280456
-0.0235162
0.383686
0.210455
-0.0691331
-0.248988
0.0289233
0.498652
-0.145015
-0.214909
0.0816991
0.177399
0.469592
-0.0215617
0.0754422
-0.109513
0.0813406
0.65
-0.0106094
-0.0113614
0.0570362
0.0865786
0.573749
-0.0207261
0.0457721
0.00895785
0.0815906
0.584192
-0.0415776
0.0788756
-0.166519
0.067142
0.0391883
-0.0220721
0.0132374
0.0321767
0.0355082
0.622037
-0.0518439
0.00936421
-0.0956141
0.0852921
0.590512
0.0266871
0.122054
-0.152989
0.108761
0.511634
-0.0177145
-0.00656747
0.000440281
0.0940017
0.543668
-0.0215313
0.0748605
-0.109593
0.0809181
0.648047
-0.0324675
0.0115744
-0.0106568
0.088656
0.600655
0.0117951
0.0958336
0.0905632
0.0596989
0.656357
0.814473
0.907003
-0.990124
-2.21782
0.758498
0.0534191
0.111638
-0.0530014
0.082163
0.61273
-0.0803714
-0.0374708
0.225608
0.0535867
0.352
-0.0460227
0.121083
0.140987
0.0200595
0.377769
0.200274
0.0164085
0.0384779
-1.07753
0.26107
0.0558138
0.0896825
-0.0131103
0.0128754
0.602657
-0.0672874
-0.151427
-0.238553
-0.00716804
0.77042
0.721682
-0.44011
-1.67939
-2.617
0.237242
-0.00759544
0.0498853
0.00156802
0.092842
0.632088
0.026796
0.0597214
0.0318915
0.0336339
0.542193
0.0402968
0.0602585
-0.0506185
0.0965918
0.535988
-0.0317931
-0.045195
0.106857
0.000516273
0.544398
-0.300603
0.415001
-0.0824195
0.159812
0.311259
-0.0103801
-0.0186194
0.114528
0.0922108
0.543657
-0.2157
-0.244176
-0.644924
-0.175071
0.288543
-0.0418538
0.0149066
-0.0886974
0.0925532
0.601685
-0.0427356
1.01075
1.26388
-1.66985
0.200955
-0.00387128
0.0600852
-0.128031
0.0206308
0.0647473
0.652444
0.701883
-0.787194
-1.66169
0.589437
0.0286107
-0.153552
0.0321475
0.186055
0.538256
-0.0323824
-0.183889
-0.109016
-0.108567
0.353687
-0.0387479
-0.0502151
0.0172876
0.0922639
0.605363
-0.28069
1.01317
0.514841
-0.608859
-0.246746
0.0365604
-0.290752
-0.279957
0.618177
-0.0605025
0.0261227
0.168354
-0.163121
0.101395
0.598139
-0.00500212
-0.0298621
0.135446
0.116782
0.593814
0.128139
-0.182585
-0.205328
0.00217401
0.677885
0.0514568
0.00679626
-0.0621415
0.00484696
0.573194
0.259284
0.551818
-0.0978627
-0.0257755
0.691751
0.0310623
0.146
-0.181993
0.0934329
0.561445
0.0343423
0.0584217
0.0986346
0.0268278
0.581779
-0.0229924
-0.451281
-0.0208975
0.0757726
0.345274
-0.0398566
-0.091013
0.237691
-0.00673157
0.517869
-0.0907212
0.00411522
0.09632
0.0834945
0.601869
-0.412163
-0.515925
0.298677
-0.0663529
0.782068
0.453197
0.593414
-0.361701
-0.461126
-0.521903
-1.24024
-0.264006
-0.293754
-1.88009
0.567202
0.0442963
0.206005
-0.232712
0.128256
0.730724
-0.0274868
-0.376128
-0.0626592
-0.00336043
0.334103
-0.284354
-0.404203
0.247298
0.259142
0.121563
0.0850617
0.190197
0.399889
0.0398787
-1.05178
0.0429084
0.0969236
-0.0585186
0.0950554
0.630323
-0.919424
-0.955786
-0.238615
0.179044
0.287714
-0.0466956
-0.0336915
0.10821
0.0153159
0.58349
-0.463513
0.67747
0.329482
-0.481332
0.595993
-0.391792
-0.0903046
0.0312687
-0.444679
0.286878
0.17438
0.0192437
-0.263054
0.0247841
0.541693
0.0922905
0.142659
0.0494791
0.00742295
0.600083
-0.231836
-0.174437
-0.679761
-0.16542
0.370031
-0.595504
0.0272955
-0.501805
-0.193108
0.612312
0.111249
0.205001
-0.24088
0.108219
0.608222
-1.18287
0.626274
2.68115
-0.04235
-0.446738
0.0370352
0.0831535
0.119209
0.00314659
0.529326
-0.144105
-0.144308
0.105591
0.0616639
0.333492
0.0298797
-0.014482
0.131435
-0.026441
0.590414
0.238928
-0.251299
-0.0881607
-0.333672
0.748367
-0.126468
-0.108023
0.359988
-0.0203398
0.476123
0.0360888
0.158003
0.102081
0.0350846
0.607227
-0.0450978
0.049866
0.147601
0.00118884
0.378599
-0.167593
-0.33658
-0.136111
0.496107
-0.0809796
0.015377
0.0410025
-0.022908
0.0871966
0.554351
0.0287051
0.00358465
0.0146611
0.108399
0.554953
-0.0320465
-0.330347
-0.109259
0.000207763
0.480221
-0.0353042
-0.0561854
0.0531442
0.0320535
0.595569
-0.156544
-0.155075
0.114435
0.0658511
0.35844
0.0578646
0.0893014
-0.0618677
0.0406927
0.590304
-0.30671
-0.534112
0.218895
0.254091
0.225909
0.0544564
0.0818677
-0.0223623
0.0356733
0.598319
0.335705
0.789304
0.0461262
0.132332
-1.10755
0.11057
-0.182902
-0.213104
-0.00068075
0.700973
-0.0896084
-0.17788
-0.141153
0.509985
0.00636104
0.218042
-0.0139088
0.10395
-1.11233
0.22725
-0.198434
0.085829
-0.143478
-0.00627291
0.0375254
-0.0450604
0.240175
0.154342
-0.00515932
0.4684
0.444729
0.601832
-0.33192
-0.415315
-0.614808
0.0382433
0.0175968
0.0683529
0.101463
0.564837
-0.0064662
0.0262701
-0.180427
0.0596571
0.511744
0.104477
-0.0366149
0.0930816
-0.0654078
0.551132
0.0137503
0.0126064
0.111905
0.0419914
0.565434
-0.0345755
-0.0870896
0.0695904
-0.00183709
0.558546
-0.057251
-0.0778437
0.238603
0.000276434
0.507835
0.107936
0.04271
0.0647247
-0.0367983
0.519812
0.249364
0.191026
-0.3074
0.0181039
0.71022
-0.137087
-0.147045
0.123354
0.0586914
0.30408
0.0807639
0.116679
0.087694
-0.00953691
0.643279
-0.00633304
0.0292262
-0.0851017
0.0879885
0.571416
0.0411145
0.149295
0.186495
-0.00202172
0.533996
-0.0402465
0.0813215
0.0932828
0.0363872
0.355738
-0.0805845
-0.159598
0.0194244
0.119584
0.547527
-0.446477
-0.404648
0.292065
0.0220095
0.513423
0.354934
-0.333593
-0.967909
-1.23797
0.115944
-0.41558
0.883001
0.704933
-0.232612
-0.651874
-0.0945839
-0.12377
-0.057273
0.126156
0.625303
-0.348067
-2.13699
-1.28735
-0.660894
-0.735941
-0.0404675
-0.350831
-0.0608906
0.0426303
0.396573
-0.166088
-0.23795
0.0445088
0.0369998
0.48156
-0.0231288
0.0220311
0.073552
0.0197839
0.580097
0.917373
-0.143155
0.315754
-1.82861
0.53479
-0.0220387
0.0771718
-0.112036
0.0840418
0.662984
-0.119119
-0.184411
0.00517221
0.115011
0.569986
0.0865912
0.117693
0.0417059
0.0149838
0.602431
-0.0222751
0.0330334
0.0761535
0.0205268
0.60849
-0.132765
-0.0553487
0.309142
0.0607981
0.458346
-0.0470854
-0.113569
-0.268462
-0.000212115
0.778324
0.0565775
0.174718
-0.0265435
0.0809098
0.708013
-0.926832
0.492295
0.87573
-0.716934
0.242666
0.298975
-0.17877
0.109883
-0.682317
0.460412
-0.0380739
-0.0429803
0.084685
0.0367572
0.547652
0.234753
0.631381
0.340794
-1.81539
0.251019
-0.0457964
-0.0390918
0.108808
0.0077814
0.615984
0.0118533
-0.0112
0.12273
0.0103328
0.523194
-0.0526464
-0.114037
0.184916
0.0216608
0.537697
0.0418311
0.0887722
0.0888216
-0.00971558
0.546845
-0.0593685
-0.00388978
0.0655628
0.0873026
0.604081
0.0192055
0.0131232
-0.168725
0.114707
0.594833
0.037573
0.0511837
0.0207724
0.0124412
0.559872
-0.0147277
-0.0986178
-0.0312345
0.0296516
0.555798
0.368211
0.247239
-0.282223
-0.0199438
0.679326
-0.0850518
-0.0110435
0.0726986
0.083062
0.617095
-0.121884
-0.0594493
0.294648
0.0738061
0.508572
0.0625416
0.101615
-0.00184397
0.0938685
0.569495
0.0357587
0.499078
-0.543726
0.215626
0.698747
-1.55891
-0.318167
-0.0415527
0.577908
0.66977
0.152684
-0.324059
0.0128003
-0.192869
0.707411
-0.0200291
-0.0444844
0.223763
-0.0119289
0.527859
0.128931
-0.0858339
-0.15093
-0.218722
0.576564
-1.71927
-0.0768312
-0.386649
-0.682774
0.87986
-0.0456486
0.0466962
0.471537
0.252461
-0.901426
-0.0186979
-0.0611823
0.00289312
0.0484002
0.60877
-0.0601317
-0.0435111
-0.16323
0.0934147
0.575696
-0.604454
-0.866353
-0.570038
-0.786209
0.0180535
-0.104863
-0.0790415
0.0906552
0.10974
0.531727
-0.00389663
-0.175595
0.0640042
-0.0192814
0.571289
0.0214796
0.137807
0.150956
0.0254706
0.556048
0.156372
0.725298
0.110321
0.0807825
-1.0592
0.140003
-0.462806
-0.0398351
0.402955
-0.137883
0.16338
-0.466234
-0.389206
0.453577
-0.0453358
-0.368732
-0.111229
0.0591028
-0.410041
0.259579
-0.10501
-0.02565
0.223786
0.0525294
0.417688
0.01648
-0.0743597
0.00839077
0.016921
0.542258
0.0460612
0.00914941
0.142716
-0.00426412
0.544029
0.00661953
-0.160502
0.0963844
-0.0282717
0.531513
-0.535832
-0.0246207
0.0237999
0.862918
-0.341993
-0.0813585
0.0955213
0.420195
-0.0419788
0.423799
0.131368
0.233512
-1.23752
0.273194
0.593346
-0.119889
-0.160157
0.0542115
0.226057
0.466973
0.052106
0.0598662
-0.0384361
0.0145505
0.568889
-0.00137225
-0.0513816
0.0899613
0.0457356
0.591878
-0.010236
0.0376232
0.0976693
0.0026839
0.607117
-0.0922744
-0.114628
-0.00652989
0.0885508
0.590048
0.365379
-0.106969
0.0292133
-0.502599
0.0746551
-0.0485163
0.0243879
-0.112419
0.00561785
0.0536899
0.153832
0.221388
-0.553183
0.102613
0.360174
-0.00446758
0.0243382
-0.202882
0.0400641
0.0722054
-0.652491
-0.536615
-0.382792
0.299644
0.635525
-0.118423
-0.145123
0.0263861
0.205896
0.493194
0.00137882
-0.0441284
0.0243131
0.00645204
0.601318
0.0116576
0.0655033
0.151225
0.0399459
0.541838
0.29204
-0.172172
0.117074
-0.661123
0.424786
-0.0278295
-0.0355828
0.215151
-0.00855693
0.581236
-0.00311306
0.0514869
0.00219157
0.0828953
0.569633
-0.0302899
0.0182656
0.127601
0.0146047
0.615554
0.828515
-0.26747
0.430131
-1.6939
0.556853
0.0164448
0.0605098
0.0774166
0.0646911
0.548282
0.0323685
-0.0629876
-0.135946
0.125794
0.548487
-0.0294032
0.129649
0.0317581
0.0969206
0.700152
-0.27279
-0.436778
0.15017
0.590268
-0.437866
-0.0476746
-0.517853
-0.0212616
0.128706
0.375288
0.0544964
0.158731
0.00914332
0.0439583
0.683194
0.0250875
0.0863833
0.162651
-0.0165522
0.575909
-0.203875
0.116763
0.168608
0.0317521
0.463282
0.0227436
-0.0494957
-0.0218861
0.0185455
0.559098
-0.000532282
0.201877
0.0717579
0.0544828
0.543211
0.3024
-0.123192
-0.221387
-0.231474
0.675342
-0.0496034
-0.0729832
0.242178
-0.0257059
0.540899
-0.0459586
-0.381637
-0.646745
0.113214
0.258665
0.0672483
0.0526286
0.0543248
0.114433
0.562247
0.148485
-0.268087
-0.00989737
-0.145343
0.602007
0.0716596
-0.0303777
0.00714078
0.0192194
0.569845
0.112162
-0.27337
-0.171272
0.491604
-0.112664
-0.0731816
-0.0308329
0.131299
0.0901393
0.563589
0.052226
0.0104094
0.0542904
0.136432
0.538211
0.00348839
0.039706
0.106059
0.0804232
0.531545
-0.0130912
0.093458
0.200758
0.0479667
0.562705
-0.363604
-0.119266
0.441829
-0.0049166
0.379071
-0.00925927
-0.0131606
-0.0423105
0.0856729
0.611325
-0.110244
-0.151171
0.100543
0.308583
0.534001
-0.00989186
-0.05266
0.0545058
0.0233698
0.581055
-0.0697017
0.0173717
-0.0861862
-0.000169461
0.0399171
-0.0822473
-0.17862
-0.20965
-0.016868
0.79007
-0.0447593
-0.0181461
0.130424
0.0158538
0.537722
-0.728775
0.023471
-0.41108
-0.149677
0.597425
0.244711
-0.0575349
-0.163062
-0.272149
0.558909
0.0155685
-0.0852357
0.129768
0.072705
0.584755
-0.0832924
0.772174
-0.666271
-0.396252
0.678922
0.0238694
0.114382
0.0248949
0.0513389
0.671918
0.0126962
-0.0836149
0.0750215
-0.0155453
0.552457
0.0939125
0.195766
0.332919
0.114943
-1.03603
-0.0753374
-0.0148967
0.0181494
0.0580586
0.594345
-0.282135
-0.453083
0.347973
0.0338415
0.465175
-0.916851
-0.980929
-0.310986
0.177527
0.465255
-0.000348212
-0.0893603
0.159723
-0.0235697
0.592315
-0.101122
0.0688059
0.292336
0.0143199
0.422018
-0.0521622
-0.0587032
0.0969117
0.0256698
0.580074
-0.173367
-0.491611
-0.661186
0.602207
0.0598685
0.292501
-0.144746
-0.164101
-0.0131637
0.512617
0.0108586
-0.0164844
-0.248218
-0.00895339
0.697854
0.0219136
0.140836
0.0691736
0.0735734
0.605721
-0.0245726
0.00165878
-0.0107574
0.0945154
0.598905
-0.119148
0.0615733
0.192266
0.048967
0.457162
-0.493293
-0.911459
-0.463518
-0.764465
0.0517849
-0.395636
-0.0235116
0.0410794
0.118713
0.580798
-0.226593
-0.281856
0.0894343
-0.0770638
0.181631
-0.155217
0.0705616
-0.120039
-0.0147011
0.033644
0.166677
-0.153289
-0.0599839
-0.0559954
0.414264
-0.0784601
-0.0350534
0.0204167
0.0880811
0.589577
-0.0531636
0.0946891
0.119807
0.0963995
0.620932
-0.0681977
0.0192017
0.20212
0.084005
0.563874
0.256189
-0.076985
-0.227931
0.0184346
0.470341
-0.0524824
0.233188
0.165946
0.0114446
0.504323
-0.109437
-0.189076
0.0320608
0.102277
0.5472
-0.0679962
-0.367561
-0.169482
0.432819
-0.062172
-0.10429
-0.172727
-0.0177427
0.0872807
0.566069
-0.147173
-0.215284
0.110951
0.270156
0.483
0.142012
0.180934
0.150832
-0.612212
0.449643
-0.323204
-0.649147
0.318286
-0.46705
0.0180024
0.181335
0.167531
-0.167201
-0.00812035
0.394865
0.0258138
0.0950252
0.0434756
0.0985282
0.616985
-0.821606
-0.00671935
0.248276
0.460198
-0.22866
-0.618721
0.245351
1.22814
0.192115
-0.191033
-1.33296
-0.0552829
0.632464
-0.744224
0.0940923
0.102463
-0.0269358
0.0288659
0.0808639
0.629158
0.027901
-0.01977
-0.0605397
0.0278785
0.55806
-0.0648956
-0.139849
-0.0697042
0.0843066
0.545179
-0.0218012
0.0784417
-0.11249
0.0849111
0.665887
-0.0108748
0.0427372
0.0629515
0.104121
0.591398
0.0067237
-0.000595217
0.0185135
0.0479188
0.603331
0.244707
0.0200867
0.143514
-0.249724
0.509737
-1.4181
-0.0413151
0.130466
-0.523845
0.60125
0.0446507
0.00781745
0.060658
-0.00522
0.49809
-0.162612
0.0280538
-0.0454512
-0.932704
0.315467
-0.0884308
-0.211888
0.194033
-0.0273844
0.537155
0.23399
0.0228335
-0.304336
0.0350821
0.596965
0.627202
0.916788
-0.728347
-0.901664
-0.407342
-0.0151573
-0.053228
0.0940167
-0.00592832
0.544475
0.0753081
0.203979
-0.611747
0.672579
0.184779
-0.0495634
0.221823
0.155319
-0.0050909
0.44096
-0.0353136
0.0204163
-0.0516637
0.017316
0.0316576
-0.482658
-0.182874
0.0887473
0.173259
0.51379
-0.0288188
-0.0894307
0.0993291
0.032243
0.53333
-0.139261
-0.0906946
0.39162
-0.0238989
0.474507
-0.311736
0.028963
0.226427
0.0368641
0.487637
0.0757821
0.1841
0.223894
0.186801
-0.836417
0.00207829
0.0838709
0.0993609
0.0455884
0.53767
-0.054312
-0.0893126
0.171625
0.0212037
0.554606
0.0250199
-0.0737362
0.15283
0.0756404
0.620637
-1.95198
-2.45238
-0.778371
-2.16587
-0.639405
0.168108
0.106047
-0.394449
-0.214333
0.304726
-0.0580595
-0.128953
-0.22318
-0.00706973
0.734754
0.0042717
0.095566
-0.147909
0.129022
0.565705
-0.214062
-0.398825
0.101447
-0.0951548
0.819772
0.0329326
0.0663522
0.129277
0.0187133
0.565768
0.214131
-0.650774
-0.0665791
-0.351662
0.369291
0.0301452
0.0220056
0.182204
-0.0306138
0.548317
-0.0946116
-0.148793
-0.140639
0.0967206
0.593522
0.00670823
-0.043447
0.0548135
0.0283914
0.610238
-0.179279
-0.234774
0.226436
-0.00754532
0.316845
0.139194
-0.309477
0.361123
-0.361137
0.492211
0.0517346
0.0963451
0.036647
0.0137941
0.4668
0.0626795
-0.576813
0.162342
-0.354935
-0.325403
-0.0585378
0.0547621
0.364992
-1.89629
0.343951
0.0308255
-0.191606
-0.162451
0.0764303
0.593932
-0.262311
-0.00909517
-0.161707
0.106458
0.406423
-0.00616797
0.118798
-0.100043
0.099845
0.603656
-0.19838
0.113353
0.24227
0.0341779
0.498486
0.0584719
-0.18148
-0.160882
0.0813436
0.509036
-0.0181673
-0.0136309
0.0437051
0.0207111
0.587263
-0.101566
-0.0990107
0.00387756
0.0501628
0.347913
0.00325388
0.10289
-0.209858
0.0379022
0.0853827
0.47782
-0.138337
-0.082173
-0.537096
0.5767
-0.590699
-0.746788
0.296054
-0.426752
0.0329243
-0.0193655
-0.286561
-0.163696
0.608124
-0.0916142
0.0629413
0.134721
-0.0868525
0.0801673
0.609905
-0.153145
0.0374248
-0.0913222
0.00444187
0.0560629
-0.0987175
-0.00446319
0.176098
0.0682133
0.52849
0.0415579
0.0905161
0.0109756
0.0353442
0.538505
-0.0486788
-0.108589
-0.183285
-0.00649144
0.610362
-0.00951065
0.00792868
0.146
-0.00921915
0.573955
-0.00464476
0.158401
-0.134916
0.126658
0.782521
0.0400329
-0.419268
0.0723599
0.17388
0.639212
0.0103389
-0.0412034
-0.255905
-0.0141446
0.695409
-0.0427073
0.46948
0.461435
-0.0122501
0.197294
-0.0088246
0.524031
0.0676078
0.319357
-0.559421
-0.0201644
-0.140313
0.0509811
0.0157434
0.478737
-0.223784
-0.135758
-0.435886
0.111306
1.05237
-0.267951
-0.452106
0.148409
0.271714
0.22995
-0.044548
-0.0954031
0.00395562
0.0276616
0.556202
-0.0105602
0.124951
-0.105374
0.108874
0.673595
-0.0450554
-0.0147079
0.1664
0.0163711
0.590186
-0.0287667
-0.0179412
0.0164842
0.0424429
0.600101
0.0436294
-0.00888147
0.0365325
0.00516677
0.553684
0.014543
0.126052
-0.236808
0.0358819
0.0536408
-0.0285874
0.050589
-0.117825
-0.00935242
0.0718747
-0.052385
-0.0123552
0.0399547
0.0952754
0.601987
0.280288
-0.674707
-0.0563777
-0.406518
0.387352
-1.12735
-0.305643
0.021479
-0.285125
0.383702
-0.0419137
-0.486547
-0.514663
0.98531
-0.120915
-0.0247193
-0.144127
0.0443817
0.139166
0.529389
-0.217055
-0.491387
0.228452
-0.548549
0.299496
0.0959681
0.130446
0.132023
-0.0118438
0.565888
0.0646906
-0.378192
-0.00845453
0.268991
0.62782
-0.774905
0.288008
0.169071
0.326041
0.461166
-0.241155
-0.0340424
0.468391
-0.0363723
0.328597
0.0796702
0.134386
0.167201
-0.0205243
0.572745
-0.38766
-0.0895633
0.0294854
-0.439364
0.28703
-0.123071
-0.100467
0.121516
0.0930693
0.626
-0.111974
-0.0682937
0.203612
0.0397836
0.294326
0.103871
0.56925
1.14735
-1.18459
-0.248666
0.0506415
0.140907
0.0662668
0.0512859
0.641119
0.0299494
0.0516767
-0.173985
0.0316893
0.0721655
-0.0924524
-0.0198532
0.0478604
0.0679011
0.564566
-0.18873
-0.0912248
0.463956
-1.60817
0.398568
-0.128552
-0.177024
0.0879276
0.2362
0.437349
-0.0778872
0.0633551
0.372766
-0.041694
0.347934
-0.0723147
-0.133205
0.177031
-0.0124237
0.532688
-0.0462546
0.138107
0.142007
0.0250408
0.416078
-0.0691098
-0.0580228
0.0502881
0.0861498
0.612768
-3.63684e-05
0.0278309
0.019663
0.0958231
0.551222
-0.339025
-0.537148
-0.124611
0.836451
-0.246066
-0.154111
-0.411817
-0.641427
0.535894
0.277024
0.0415295
0.0568346
0.0420723
0.0111399
0.603702
-0.10166
0.0415468
-0.174561
0.0885164
0.0780138
-0.0782427
-0.149244
-0.109973
0.100123
0.540282
-0.00400401
0.0745342
0.0697245
0.0571823
0.632497
-0.0821049
-0.178138
-0.209357
-0.0167602
0.788465
-0.847768
-0.252865
0.548434
0.394566
-0.327476
0.060542
0.183162
0.0618468
0.0396449
0.67422
-0.092142
-0.32126
-0.0282077
0.210506
0.434234
-0.271125
-0.524539
0.296788
0.504685
0.561109
0.00404491
-0.0272089
-0.0384463
0.0921269
0.58217
0.0919766
-0.268065
0.275018
-0.314171
0.505561
-0.0895799
-0.471396
-0.442013
-0.794823
0.0401482
-0.0680596
0.0448833
-0.10287
-0.00842352
0.0688853
0.363462
0.180437
-0.345942
-0.0829079
0.329281
0.0698948
0.0608694
-0.0573567
0.0309315
0.5577
0.447671
0.863122
0.331047
-0.806184
0.364187
-0.356922
0.0312393
0.172338
0.0580967
0.563301
0.000921189
0.0126698
0.0303396
0.00914215
0.621539
-0.0706807
-0.159072
-0.249386
-0.00763531
0.807378
0.0346142
0.0579516
0.133738
0.0291391
0.559208
0.310009
-0.623605
0.0568929
-0.406836
0.0125316
0.107297
0.16252
-0.407865
0.0709715
0.311069
-0.054508
-0.122843
-0.206571
-0.00858953
0.696079
0.613467
-0.0554221
-0.0710693
-0.436842
0.46223
-0.434694
-0.891509
-0.457693
-0.745185
0.0288466
-0.154634
-0.120737
0.480239
-0.030492
0.515895
0.187927
0.086234
0.109684
-0.0850536
0.552301
-0.00321965
0.048031
-0.0884877
0.0954349
0.664633
0.0314482
0.0155628
0.0525842
-0.0107817
0.549531
-0.00975288
0.123261
-0.103016
0.107288
0.656344
0.0897162
0.0262332
0.0565482
0.0648664
0.561208
0.0721947
0.152884
0.0504631
0.0489837
0.604766
-0.00558511
0.0490871
-0.00889323
0.0793989
0.565481
0.0827559
-0.00236145
0.766314
0.195572
0.115298
-0.191385
-0.0527387
0.0638048
-0.160415
0.379798
0.191262
-0.667933
-0.0308573
0.655252
-0.151806
0.0417031
0.00659335
0.184394
-1.4186
0.165986
0.270269
1.29511
0.306481
0.189131
0.127412
0.262183
0.154013
0.176155
0.277917
0.441646
-0.715655
-0.862429
0.17032
-2.37508
0.443278
-0.00261596
-1.62651
-1.1404
0.509611
0.035518
0.173798
0.902495
0.170284
0.221142
1.16357
0.134518
-0.640573
0.238589
0.0914067
0.549245
0.269294
0.212673
0.166284
0.285293
0.119574
-0.435528
0.107768
1.67899
0.182238
0.735214
0.269709
0.117748
0.668082
0.308875
0.123335
0.155301
0.133149
0.0467802
0.199043
-0.224383
0.152321
0.736004
0.159998
0.14863
2.78909
0.130676
0.138253
0.123654
-0.374989
-1.25366
0.21443
-0.132105
0.148898
0.120914
0.205147
0.821936
0.670627
0.323254
0.334951
0.109209
-1.90215
0.0087176
0.528307
0.50362
-0.188038
0.496803
0.183798
-0.418503
0.802237
1.17744
0.0394757
0.285081
0.0268865
-0.0134548
0.0511992
0.792622
0.15046
0.186924
0.194113
0.23765
0.668824
0.244044
0.153002
-0.350613
0.225438
0.434721
-0.411585
0.519828
0.389417
0.24466
0.311632
0.887971
-0.0431615
0.163605
0.222078
0.121008
1.79541
0.432436
-0.0141249
1.16507
0.43266
0.1605
0.153718
0.932405
0.0965596
0.136436
0.0403149
-0.083175
0.686771
0.534578
0.238854
0.140226
0.0841327
-0.367945
0.151268
-0.193758
-0.162814
-0.909754
0.0788869
0.188229
0.110352
0.233019
0.0385305
0.314359
0.221512
-0.579268
-0.789745
0.160991
0.275639
0.186884
0.175059
0.823353
0.101419
0.722243
0.218724
1.34456
0.497388
0.0821369
0.165808
-0.345216
0.071392
0.254597
1.04977
0.0906836
0.198854
0.0856424
0.252572
0.221277
0.0782698
0.127118
0.212466
0.243016
1.35842
0.0726791
0.409398
-0.618095
0.292377
0.268653
0.223146
-0.61859
0.213542
0.136063
0.167531
0.0966967
0.0520984
0.100061
-0.168773
1.34562
0.126382
0.321425
0.768799
0.169055
0.496568
0.0821012
-0.13547
0.0125105
0.237677
0.144055
0.418938
0.135573
-0.137978
-0.783497
0.0933846
0.0693694
0.182831
0.702862
-0.132122
-0.377369
-0.0381723
-0.373109
0.0390522
0.241767
-0.156785
0.181072
-0.196147
-0.226821
0.255995
0.0269738
0.233127
-0.387171
0.116383
-1.49755
0.114141
-0.0418979
0.0512983
-0.201617
0.0366782
0.183004
-0.397104
-0.0348547
0.0376228
0.229334
0.0857427
0.225804
0.153756
-0.60773
0.102196
0.159933
0.0626429
0.161415
0.163115
0.708626
0.0457659
0.0341013
-0.447396
0.251736
0.162557
0.184363
-0.731157
1.67764
0.109515
-0.100684
0.15444
1.23702
0.99559
0.460338
-0.107301
0.388446
0.148872
0.225199
0.127383
0.0417931
0.332475
0.0755007
0.932406
0.231766
-0.193088
0.235316
0.406615
0.145081
-1.4375
0.806918
0.262451
0.260379
0.182834
0.191353
0.161149
0.0275665
0.0730205
0.0914694
0.267486
0.0139436
0.43336
0.170741
0.222513
0.129659
-0.129106
0.119237
-0.0525488
0.144893
-0.556382
0.194449
-0.0583495
0.0980386
-0.0309991
0.181204
0.841139
-0.810432
0.0438491
0.0821213
0.766714
0.252744
0.394182
0.210069
0.387718
0.236243
0.160764
0.178214
-0.326939
0.753195
0.146819
0.390536
0.115452
-1.69206
0.226731
0.160779
-0.31447
0.106225
0.131984
0.131876
1.04596
0.30801
0.184602
0.0779288
0.161816
-0.500079
-0.0222465
0.181981
0.188454
0.167755
0.0176657
-0.705013
0.252013
0.062728
0.124447
-0.275737
0.218797
0.323823
0.144458
0.128223
0.265465
0.235037
0.267533
0.236409
0.066155
0.121936
0.14075
0.708548
0.147545
0.970812
0.156867
0.123529
0.103196
0.0224417
-0.444224
0.116003
-1.26506
-1.59949
0.144728
0.449248
-0.981117
0.448868
0.0491673
0.177885
0.185702
0.204873
0.104357
1.02176
-0.489806
0.140786
0.173776
0.345896
0.187304
0.0698074
0.0737329
0.120934
0.1335
-0.40953
0.305337
0.493959
-0.808818
0.11608
0.858829
-0.442061
0.157579
0.40203
0.188053
0.098652
0.105152
0.269847
0.117657
-2.06753
0.264712
0.14548
0.762468
-0.072465
0.170004
0.230127
0.31695
0.19295
0.478466
0.226226
0.146686
0.0918877
-0.581369
0.159282
0.137323
0.23958
0.00480063
0.995195
-0.435985
0.0973651
0.38839
0.662551
0.342932
0.118358
-0.000430134
0.102661
0.131627
0.218607
-1.14354
0.14145
0.247444
0.378335
0.342103
0.448542
0.286198
1.58885
1.29019
-0.000556415
0.168177
0.161279
0.666588
0.243509
0.2967
0.291515
0.210069
0.185239
0.127875
0.135179
0.203199
0.498458
0.362599
0.126476
0.422332
0.0309036
0.158804
-0.187409
-1.03856
0.174635
-1.28873
0.126838
0.690184
0.527553
3.53376
0.380603
0.29557
0.327538
0.0767845
0.220161
0.072937
0.179024
0.553857
0.357118
0.42201
0.210276
-0.294452
0.165831
0.252682
-2.32311
-0.743506
0.112622
0.338174
0.322807
-0.912963
0.212946
0.0951109
0.0923849
0.244486
-1.45483
-0.180507
0.158952
0.0959462
0.175639
0.355362
0.202744
0.0955287
0.232767
0.102019
0.152258
-0.0160659
0.103527
0.0275189
0.70992
0.149614
0.236963
0.551198
-3.24459
0.341746
-1.58667
0.216953
0.428953
0.0629625
0.200488
0.325535
-0.871778
0.744837
-0.263607
-0.429472
0.0923659
0.0909067
0.398805
0.196435
0.102914
0.0541134
0.0855507
-0.681448
0.854518
0.138795
0.312592
0.0795471
0.238487
-3.16938
0.45285
0.139492
0.379436
0.202082
-1.34517
0.169579
0.954638
0.187305
0.832826
0.188038
0.32276
0.190796
1.07898
-0.0687174
-0.97571
0.523397
0.0853713
0.158315
-0.0458196
0.287668
0.211321
0.0782936
0.170008
0.223785
0.34615
0.291986
0.111412
0.169622
0.264737
0.217405
-0.537322
0.0168263
0.350051
0.0668605
0.485851
0.545834
0.352764
0.231133
0.0345596
3.95931
0.439964
0.0583845
0.114482
0.0488721
0.0710932
0.222015
0.0568404
0.304213
0.519234
0.316444
-0.294257
0.422493
0.177055
0.407081
0.284701
-0.276398
0.697875
0.132113
0.136969
-0.224374
0.158705
0.43443
0.248435
0.14865
0.0592074
0.442666
0.204671
0.740731
0.259988
0.21433
-0.979341
0.113949
-0.0244485
-0.24006
0.119639
0.212741
-0.0609963
0.167202
0.1588
-4.47038
2.46639
-2.19105
0.113753
0.141074
0.0806915
0.193551
-0.300019
0.211316
0.17858
-0.40815
0.0974002
0.436868
0.28841
0.282321
0.103399
0.17071
-0.056205
0.164688
0.153782
0.0259959
0.190107
0.233266
0.213546
0.209139
-2.27873
0.18058
-0.00220753
0.250289
0.768731
0.163973
0.622844
0.76102
0.171178
0.186
0.272533
0.142232
-0.182846
0.117539
-0.438238
0.182859
-0.146669
-0.0572827
-2.05432
0.244895
0.144603
0.11333
0.327489
-0.177314
0.376055
0.102801
-0.149022
0.219918
0.981421
0.360898
0.0953671
0.239385
0.137685
0.112634
1.13619
-5.0999
-0.115176
0.658623
0.109501
0.575558
-0.314894
0.180349
1.41562
0.233582
-0.0988695
0.286436
0.276113
0.142557
-0.526558
-1.09962
0.0351005
-0.82528
0.174276
0.0940325
0.0950425
-0.374999
0.168837
0.302189
-0.00365306
-0.162647
0.207649
0.160478
0.073146
0.100209
0.0793807
0.0755718
0.484959
0.170245
-1.40588
-0.122537
-0.133106
0.867023
-0.0324581
0.332655
-5.39607
0.156876
0.0923311
0.107572
0.0915669
0.167934
0.144658
0.144954
0.575089
0.081351
0.136024
0.216525
0.199295
0.0572963
0.234925
0.783191
-0.597773
-0.0440552
0.1702
-0.0753408
0.18271
0.263289
0.244417
-0.936801
0.26739
0.150973
0.128554
0.252101
0.31134
0.901771
0.260524
0.257382
0.776736
0.114646
-0.0909751
0.179088
0.14007
0.0882064
0.23372
0.238055
0.254235
0.151273
0.132472
0.433287
0.181484
0.113165
0.20589
-0.528612
-1.40341
-0.203667
0.110845
0.607507
-0.580633
-0.156985
0.115302
0.26277
0.0646584
0.239551
0.0510167
0.246163
-0.10898
-0.300902
-0.119695
0.374375
0.262198
0.120649
0.0922588
0.0969717
-1.18859
0.273748
-1.74411
0.349436
0.170859
0.0629361
0.281102
0.133773
-0.319976
-0.0604452
-0.728197
0.0271235
-1.37247
0.287845
0.114751
0.177566
0.759592
0.070238
0.183366
0.160575
-0.886856
0.140368
0.174298
0.224112
-0.524229
0.306139
0.485539
0.195278
0.367192
0.114461
0.33775
0.859694
0.109211
1.38572
0.147317
-0.110119
0.066071
-0.121347
0.182888
0.220509
0.168889
0.214994
0.449206
0.164607
0.309037
0.0680098
0.000907152
0.72445
0.186545
-1.66635
0.544378
0.0891001
1.89942
0.281033
0.0838702
-0.33244
0.21082
0.633955
1.4188
0.046555
0.342975
0.142065
-0.665542
0.379706
0.405306
0.129887
0.185147
0.112085
0.185749
0.522191
-0.309731
-0.00411353
0.0952927
0.203593
0.118667
0.103263
0.396122
0.415442
0.0599171
0.110887
0.1079
0.27103
0.666266
-0.239213
0.177549
0.203993
-2.51903
0.00219865
-0.595343
0.0373334
0.154545
0.151283
0.370522
0.103771
0.130221
0.279215
1.68179
0.0401901
0.818486
0.107022
0.617489
-3.11358
0.129121
-0.841291
0.232307
-0.0551092
0.972812
0.129661
0.176671
0.0571962
-0.242073
0.251058
0.0184985
0.0552542
0.74219
0.439009
0.629344
0.118803
0.642427
0.0984323
0.672988
0.142692
0.600554
0.0269861
0.227046
0.285134
0.019062
-0.649852
-1.44587
-0.107554
0.24708
0.420359
0.424429
-0.140045
0.118067
0.0402966
-0.0456234
0.794817
-0.152565
-0.107632
0.199795
0.0123282
0.0886719
0.205205
0.421558
0.176154
0.746007
-0.109657
0.511315
0.626689
0.134482
-0.0426586
-0.908635
0.405055
0.192597
0.424229
0.09976
0.166396
0.0938987
-0.0681266
-0.130577
0.216287
0.686739
-0.120351
-0.356906
0.205601
0.408618
0.0953617
-0.0998255
0.750725
0.48532
0.107238
0.233799
0.142719
0.106135
-0.658716
0.277623
-0.0858347
0.124402
-1.3661
0.272067
0.145236
0.109817
0.236557
0.125223
0.151546
-0.298951
-0.711183
0.133225
-0.0195466
0.351355
0.259437
0.553628
0.452589
0.40675
0.413671
0.789516
0.0851167
0.270564
0.216744
0.0770195
0.778474
0.155408
0.583478
-0.0247499
0.205965
0.655673
0.102371
0.528012
-0.521774
0.532341
0.80535
0.14546
0.28472
0.150372
0.205785
0.213906
0.486666
0.118459
0.230072
0.292691
0.453091
0.289976
0.244115
-0.0423893
0.14062
0.17125
2.35002
-0.942139
0.277789
0.541136
0.635603
0.157889
0.0850198
-2.53258
0.273149
0.495105
0.23014
-0.113743
0.108117
0.194388
0.330397
0.116305
-0.0604115
0.435393
0.287869
0.168377
0.10457
-0.819255
0.315493
0.176394
-0.268353
0.947619
-2.51168
0.0714241
0.228176
0.38642
-0.108599
0.224009
1.19704
0.112735
-0.463949
0.196076
-0.0144965
0.244239
0.285974
0.348865
0.186796
-1.05779
0.167996
0.243709
-0.102198
0.322338
0.266507
0.173785
0.33622
0.253554
0.816504
0.132391
-1.39654
-0.268375
-0.0185458
0.189312
0.266367
0.214503
0.467733
0.2242
0.219046
0.230396
0.217362
0.1893
0.730154
0.182977
-0.0441118
0.256271
0.132982
-3.22554
0.11263
0.10365
0.296671
0.378487
0.275654
0.0728969
-0.688443
0.0756901
0.204172
0.140938
0.149054
-0.290573
0.131495
0.00472722
0.105819
0.338408
0.110979
-0.200934
-0.497166
0.369589
-0.116773
0.323292
0.645272
-0.10766
0.306344
0.128862
0.224281
0.245773
0.0418294
0.0826015
-0.0274647
0.102485
0.433962
0.211803
0.234486
0.212793
0.246314
0.213189
0.698496
0.2245
-0.0538629
-1.33801
0.120051
0.252532
0.30688
0.04613
0.0324956
-0.0250972
0.264176
0.238406
-1.26673
-1.37514
0.304853
0.120786
-0.0449237
0.191269
0.206122
0.204801
0.311894
0.294687
0.116858
0.142172
-0.116061
-0.0927152
-0.0626056
0.337158
0.184958
0.183731
0.552157
0.315539
1.56341
0.492031
0.510661
0.266376
0.296997
0.266095
0.360533
0.181498
-1.16114
0.373941
0.588283
-0.187513
0.299815
0.274653
0.195458
0.168134
-0.00896323
-1.38908
0.183367
0.169523
-2.39337
0.45224
0.242263
0.236417
0.422285
-0.126205
0.213259
-0.0432578
-1.54685
0.265363
0.330146
-0.250755
0.219366
0.240495
-4.34665
0.289038
0.25933
-2.0885
0.314101
0.380537
-0.304601
0.314864
0.241409
0.243559
0.151615
0.266516
0.213943
0.249855
0.356436
0.281033
0.433015
-0.319892
0.310294
0.138362
0.372975
1.73419
0.106267
0.217432
0.106197
-0.0359689
0.103437
0.365936
0.216493
-1.11529
0.368366
0.56492
0.248571
0.236627
1.9641
0.224877
-1.088
1.11522
0.519
-0.571661
0.634205
0.156745
0.140406
-0.649621
0.165194
0.483272
-3.0258
0.411494
0.283181
0.164545
0.673741
0.150322
0.656371
0.213225
-0.000481113
0.203482
-1.07517
-0.387881
0.214218
0.44579
5.62891
0.186764
0.223419
0.147779
0.225895
-5.55463
0.603593
0.17105
0.246681
1.20219
0.255782
-2.64287
-2.29816
0.242145
-0.956228
0.328863
-0.625695
0.333894
0.271334
1.30158
0.314096
0.0928462
1.40364
0.13877
-1.89501
0.340917
0.328383
0.0212443
0.211729
0.177197
0.324466
0.177112
0.187195
-1.05418
0.182903
-0.113435
0.203907
0.11838
0.169154
-0.098745
0.214808
-0.341476
-1.39291
0.232552
0.871778
0.230916
0.099107
0.126929
0.0978868
0.263786
0.0936928
0.272606
-0.0965043
0.0910654
0.231959
0.422435
0.313557
-0.0259201
0.257405
0.218825
0.337913
-0.118129
0.0978808
1.04218
0.12478
-1.67172
0.124462
0.220614
-1.4689
0.276955
0.184721
0.343875
0.156434
0.138137
0.363423
0.291831
0.000264894
0.230174
0.205427
0.415001
-0.149373
0.233759
0.172708
0.140101
-0.378485
0.220552
0.204579
0.432056
0.181952
0.126364
0.17142
-0.040164
0.386249
0.329415
0.200972
0.189996
2.46025
-0.681639
1.87605
0.320146
0.120853
0.179647
0.837322
0.169739
0.420105
0.325878
0.747427
0.126028
0.258482
0.0989338
0.177325
0.104912
0.0881996
0.166001
0.256991
-0.682574
0.186972
0.0996533
0.0333251
0.134971
-0.127285
0.316967
0.225971
0.119482
0.236244
-0.0406103
0.202086
0.82359
-0.879831
0.376613
-1.12916
0.408404
4.52063
0.105412
0.464981
0.146816
0.41094
0.138739
0.0690816
0.14595
0.198953
0.195548
-2.75143
0.16671
-0.0809344
0.231374
0.114027
0.333444
0.25742
0.302791
-0.146158
0.516394
0.229112
-0.0899705
0.592524
0.278732
0.161644
0.295601
0.0687423
0.157201
0.85485
0.241141
-1.55191
0.106487
0.159649
-0.0894661
0.0634935
0.322059
0.294087
0.208132
0.239003
-0.0870414
0.0620466
0.146323
-0.189809
0.723865
0.126247
0.246331
0.0821822
1.60134
-0.322603
2.07565
0.175907
-0.070523
-0.263883
0.114407
0.345433
0.000613889
0.240646
0.291268
0.184392
-0.198164
0.190419
0.216743
0.247527
0.267906
0.221811
0.103464
-0.72423
-0.0673727
0.0492338
0.218785
0.252328
0.257627
0.226821
0.360463
0.215542
0.19522
0.259832
0.189887
0.136475
0.109057
0.161898
0.366791
0.256767
0.245833
-3.13688
0.224943
0.385154
-1.61463
0.240919
-1.77161
0.124617
-1.44352
0.390839
-0.256439
0.00941747
0.386587
0.290989
0.244107
0.219106
0.191224
0.369703
-0.165831
0.291784
-0.232446
0.13683
-1.10282
0.209039
0.164238
3.30933
-1.5788
-1.03109
0.0683981
0.309004
-0.144792
0.325789
0.0599889
0.110328
0.0574663
2.85751
0.820281
0.136455
0.169306
0.226484
0.308331
0.0912625
0.430329
0.262226
0.284158
0.121762
1.63711
0.296283
-0.129425
-1.90185
0.32408
0.106775
-0.261996
0.416591
0.223849
0.440222
0.171295
0.0729896
0.280148
0.329655
0.174894
-0.658172
0.262313
0.47479
0.337658
0.168984
0.100071
0.0911703
0.110021
0.36457
0.040353
0.833511
4.25479
-0.102189
0.123784
-0.104538
0.113166
0.281035
-0.582281
-0.141394
0.185742
0.227013
0.28534
0.347489
0.272533
0.792407
0.184565
0.243132
0.120448
0.174676
0.0957804
-1.0933
-2.6459
-1.25007
0.262174
0.206375
0.343465
-0.0716104
0.265958
0.266041
0.181425
0.254184
0.0974925
0.450611
-4.25685
0.232619
0.196685
0.340767
0.17238
6.47804
-0.369687
0.301662
0.146499
0.0687287
-1.24476
0.314947
0.224706
0.157325
-3.51612
0.0332724
0.202974
0.276059
0.248777
0.0810215
0.258523
0.173572
0.234712
0.652706
-0.176546
1.72586
0.227015
0.0932711
0.574784
0.204543
0.168075
1.38969
0.316984
0.250161
1.22888
0.278288
0.289622
0.190288
0.188177
0.297254
-0.135924
0.141649
0.0278238
0.114426
0.133645
1.50929
0.248072
0.256349
1.62927
0.24796
0.264518
-0.0571313
0.320579
0.216267
-0.323287
-0.441407
0.238075
0.173039
0.286809
0.148001
0.243524
0.322735
0.238393
0.242792
-2.00696
0.211919
0.15206
0.150931
0.354832
0.218948
0.261065
-0.116957
0.243746
0.318705
0.168766
0.148463
0.358311
0.155166
0.22801
2.25993
0.195736
0.111048
0.169986
0.129464
0.15944
0.229525
5.07538
0.259416
0.26956
0.171449
0.264993
0.257681
0.254238
0.471822
0.405168
1.94464
-0.079369
3.2672
0.351484
-0.063227
0.292223
-1.19429
-0.634555
0.166638
0.123848
0.36021
0.215513
0.243136
0.184276
0.169295
0.228381
0.0497516
0.280939
0.0494522
1.32318
2.13529
0.250142
0.112143
0.000956031
-0.50079
0.331232
0.215638
0.207444
1.15542
0.091414
0.0407527
0.141198
0.575354
-1.37611
0.318857
-1.75862
0.0995448
0.0977206
0.179044
0.360577
0.337533
0.186417
0.0973897
-0.741689
0.211891
0.197592
0.151546
0.204767
0.0703417
0.149377
-0.184869
0.116801
-1.35028
0.374091
-0.596265
0.187063
-0.057185
0.0801705
1.07807
0.257824
0.228327
0.126082
0.193721
0.304069
0.0893528
0.0770404
0.158129
0.139876
0.247666
0.384889
0.224738
0.0783444
0.32497
0.0509638
-2.02748
-1.00367
0.262532
-6.14765
0.15872
0.137892
0.368729
0.800563
0.36028
0.247819
0.133242
0.342767
0.203719
0.30615
0.391628
1.589
-0.178834
0.1954
2.12733
0.281522
0.140334
0.227651
0.204461
0.213741
0.203588
0.159583
0.323943
-0.0262582
0.215465
0.206263
0.287123
1.71292
0.952161
0.518891
0.213578
0.0793329
4.72772
-0.297727
0.392883
0.322934
1.74886
0.128749
0.20142
0.244774
-1.19692
-0.439657
-0.55145
-0.00118206
0.239121
0.214837
0.231294
0.238338
0.309242
0.39243
9.59343
0.34059
0.252742
0.195201
0.149285
0.399091
-0.28563
-0.0352399
-9.50474
-0.0489113
0.0183191
0.359195
0.271349
0.296164
-0.142817
0.186563
0.250091
0.225308
0.83284
0.293142
0.175733
0.408565
-0.65101
0.00343053
0.360425
0.139005
0.184992
0.160381
0.274048
0.197878
0.234051
0.546474
0.136083
0.416684
0.173033
-0.508958
0.16992
0.12704
0.204152
0.152551
0.112543
0.301071
0.228925
0.152574
-0.0869125
0.399524
0.193233
-1.7254
-0.0734727
0.266375
-0.150388
0.30979
0.179989
-0.360534
0.265666
-0.316782
-0.0314717
0.223659
0.140402
0.340765
-0.99915
0.00502947
0.509237
0.214599
0.224345
0.256918
1.95622
0.386676
0.0986846
-0.072875
0.0130521
0.279744
0.271709
0.300132
0.055739
0.212131
0.162541
-0.422763
0.336307
0.365373
-0.296308
0.513133
-0.084048
0.138734
-0.033293
1.6089
2.24202
0.245218
0.183081
0.351352
0.308291
0.282729
0.136992
0.239954
-1.9923
0.0449175
0.151527
0.261794
0.137072
0.36226
0.179891
0.608774
0.0940007
-0.0867644
0.0145497
0.136532
0.246968
0.373114
-0.106963
0.127973
0.168917
0.23076
-6.44779
-0.353255
0.449292
0.294814
0.166662
0.178389
0.0573585
0.0772975
0.32596
0.35056
0.104677
0.277013
0.0349682
0.396609
0.284574
0.300409
-0.0456796
0.317971
0.18986
0.174668
0.170113
0.0809162
0.00601803
-0.117331
0.718748
-0.681341
0.355974
-0.0944804
0.307895
0.163332
0.333972
0.120594
0.334429
0.57413
0.413782
-0.171719
-0.4871
0.140993
0.571174
-0.15433
0.279908
0.306945
0.191887
0.177241
0.145033
0.016809
0.0993382
0.164651
0.559977
1.19042
1.28239
0.24526
0.190522
0.201069
0.469675
1.65629
-0.0402544
0.172077
0.0995366
0.248339
0.138127
-1.37861
0.180543
-0.0192779
0.298984
0.111545
0.311486
0.102622
0.237765
0.179603
0.338854
0.283125
1.25858
-0.922945
0.173142
-0.0233128
0.282955
0.242409
0.285853
-1.52925
0.180253
-0.0200109
-0.168283
0.22949
0.368524
0.855978
-0.131048
-0.215791
0.145938
1.20402
0.590614
0.219581
0.218525
0.283106
-0.239086
0.994278
0.493711
0.330679
1.81562
0.168168
0.095642
0.356223
0.182992
0.411671
0.147047
0.165874
0.312488
0.536057
