2
2
7
52
3
4
3
4
3
200
1
0
8
0
1
8
-1.13642
-0.372077
0.474985
-0.184144
0.286178
0.0237767
-0.336651
-0.13953
0.131444
0.126135
0.716599
0.0734453
-1.30498
-1.12446
0.0295344
-0.560872
-0.243415
0.224335
-1.30103
-0.515288
0.496265
-1.32798
-0.398845
0.347217
-0.535982
-0.239062
0.241853
-0.383621
-0.160201
0.155872
-0.416128
-0.165948
0.176857
0.632086
0.776009
0.309219
-0.612847
-0.256728
0.238498
-0.516061
-0.217108
0.196692
-0.540022
-0.228676
0.210897
-0.589677
-0.228763
0.264006
-0.0965172
0.0163812
-0.0902924
-0.641118
-0.234297
0.300621
-1.32119
-0.482011
0.456451
-0.656404
-0.232979
0.314511
-0.600857
-0.247253
0.24451
-0.55358
-0.614158
0.13738
-0.530043
-0.222046
0.21011
-0.810915
-0.136018
0.220637
-0.0819976
-0.0231557
-0.0458127
-0.468194
-0.176826
0.213577
-0.449513
-0.202613
0.218594
-0.614798
-0.263879
0.236096
-1.11219
-0.339191
0.469369
-0.686755
-0.135551
0.166163
-0.374077
-0.154576
0.148187
-0.309624
-0.149751
0.201286
-0.61748
-0.222517
0.292836
-0.696253
-0.236726
0.328822
-0.112079
0.0233282
-0.111499
-0.459228
-0.166774
0.220487
-0.596002
-0.247113
0.240823
-0.599945
-0.219456
0.281848
-0.610065
-0.25682
0.23756
-0.413084
-0.166749
0.167226
-0.541534
-0.175702
0.110807
-0.397886
-0.176905
0.191306
-0.54653
-0.204424
0.253134
-0.773421
-0.192857
0.417004
-0.532904
-0.219601
0.215842
-0.249159
0.500769
0.0568038
-1.01312
-0.10839
0.341698
-0.118521
0.107603
0.0081771
-1.25647
-0.286452
0.239719
-1.14789
-0.129886
0.381208
1
0
0
0
0
0
0
0
0
0
0
0
0
0
0
0
0
0
0
0
0
0
0
0
0
0
0
0
0
0
0
0
0
0
0
0
0
0
0
0
0
0
0
0
0
0
0
0
0
0
0
0
0
0
1
0
0
0
0
0
0
0
0
0
0
0
0
0
0
0
0
0
0
0
0
0
0
0
0
0
0
0
0
0
0
0
0
0
0
0
0
0
0
0
0
0
0
0
0
0
0
0
0
0
0
0
0
0
0.773401
-0.230309
0.0533615
-0.84611
1.39793
0.124804
0.956445
1.08832
0.12956
0.0893166
0.112251
-1.11813
0.124934
0.118561
0.123594
0.179607
-0.0369677
0.234679
1.03623
0.260225
0.143242
0.362727
0.125247
0.317117
-0.0185565
0.15252
0.133535
0.134121
0.733436
0.212566
0.0800514
0.12689
0.230678
0.294145
-0.0574878
0.173082
0.143347
0.213617
0.134144
0.101905
0.0711426
0.122051
0.179739
0.493918
0.131559
-0.586398
0.557755
-0.0692417
1.0066
0.661694
0.253097
1
0
0
0
0
1
0
0
0
0
1
0
0
0
-1
0
1
0
0
0
0
0
1
0
0
0
0
0
1
1
0
1
0
0
0
0
1
0
0
0
0
1
0
0
0
1
-8
1
0
0
0
0
0
1
0
0
0
0
0
1
-1
0
-0.0885313
0.0018327
0.828657
-2.63943
0.00115443
-0.0132002
0.0357312
-0.256777
-0.0368123
-0.027452
0.169928
-0.945015
0.297039
0.185299
0.0381658
-2.49758
0.212387
0.0313125
-0.209698
0.355146
-0.00170827
0.294291
-0.0182719
-2.63426
0.185497
0.00854263
-0.0795345
0.406281
0.295041
0.0865277
0.0788876
-1.83845
-0.343973
-0.00763419
0.0880491
1.71468
0.00500055
-0.169332
0.297241
1.51404
0.228195
-0.0259527
-0.06171
0.272482
-0.424356
0.0408236
-0.10499
5.22657
0.277767
-0.0148372
-0.019192
-0.51043
0.0215793
0.0109402
-0.0891504
0.221591
0.310919
0.0306208
0.075974
-1.52809
0.0540678
0.0763079
-0.0107023
-1.19804
0.303016
-0.00531669
-0.00894809
-0.854932
0.339373
0.0318206
0.00378468
-3.38835
1.64564
0.164604
-0.00746807
-12.9998
0.011632
0.0693159
-0.139976
1.51934
0.321688
0.0914469
0.102222
-2.21293
-0.353749
-0.0413385
0.130046
1.70124
-0.0853239
-0.0590876
0.924441
-2.51656
0.0193941
0.178785
0.0163732
-1.93387
0.255941
0.0929216
-0.097862
-0.789693
0.2157
0.172291
-0.0312221
-1.32097
0.327363
-0.00330757
0.0941874
-1.47496
0.125093
0.175204
-0.16178
-0.188626
0.292603
-0.0176321
0.0774781
-0.97382
0.728481
0.136097
0.0547308
-8.25972
0.0012205
0.0295265
0.0548865
-0.707358
-0.0226966
0.350595
-0.000434757
-3.06397
-0.181684
-0.0305174
0.261624
2.00721
0.242996
0.161585
-0.0209783
-1.56535
0.0182842
-0.121388
-0.117454
2.97055
0.670488
0.0283153
0.091505
-7.01876
-0.419349
0.0656934
-0.0604802
4.79456
0.262869
0.138638
-0.00552409
-1.63738
-0.431281
0.0260061
-0.00730171
4.89054
-0.0589768
0.313372
0.154384
-3.60605
0.131798
0.190696
-0.134025
-0.459422
0.209315
0.0869534
-0.180447
-0.0929392
0.28139
0.204957
0.0750687
-2.64396
-0.411599
-0.203845
0.10002
3.59903
1.15157
0.376857
0.0925099
-14.1491
0.0876189
-0.191622
0.0821664
-0.0867808
0.330241
0.024952
-0.0683502
-1.11289
-1.06609
-0.0979189
-0.00615896
8.96361
0.0197415
0.0286266
0.00909319
-0.615703
0.207622
0.0160549
-0.0747713
0.14055
0.612861
-0.0177536
0.0759874
-6.024
0.0208022
0.0142406
0.0143647
-0.493886
0.016622
-0.00665537
0.169317
-1.5264
0.281459
0.156304
0.0421252
-2.13011
0.275607
-0.0322287
0.0155202
-0.459207
0.0117816
-0.0246888
0.315734
0.144552
0.208639
-0.0185204
-0.0535191
0.275328
0.254359
-0.024771
-0.0421773
-0.0661548
-0.0350776
-0.0140188
0.292374
0.326805
0.00416454
0.0246349
0.0143113
-0.393667
0.100369
0.356966
0.0649517
-4.59932
0.109284
-0.353056
-0.0568931
3.87452
-0.0052851
-0.0577845
-0.0857002
1.22715
0.0793785
0.00428889
-0.189368
1.6728
0.248014
0.0738819
-0.0342827
-0.859406
0.254893
0.181673
-0.0162881
-1.85852
0.002023
0.00908946
0.0400625
-0.43111
0.299269
0.00202839
0.0547114
-1.11055
-0.00873312
-0.0747125
0.312722
0.787637
1.22471
0.0747056
0.130363
-12.6298
-1.20154
-0.116208
-0.00355805
9.80631
1.31607
0.144565
0.00752409
-12.5517
0.0222808
0.253316
0.0086057
-2.58805
0.883741
0.118743
0.0677326
-9.52245
0.014799
0.00123729
-0.097648
0.654094
0.257181
-0.0437023
-0.0326972
-0.0030208
0.31067
0.200595
0.0621791
-2.8373
0.254511
-0.0228755
-0.0315908
-0.176051
0.0599026
0.0259802
0.029674
-1.08418
-0.908802
0.0165547
-0.00108597
7.46679
-0.108879
-0.0141788
1.47457
-4.91106
-0.0145557
0.556915
0.00689725
-5.01534
-0.0447846
0.0329744
0.00676813
-0.0892329
0.0162681
-0.130795
0.123386
-0.308498
0.252904
-0.0954458
-0.0252751
0.428425
-0.0649398
-0.0361618
-0.199337
3.15527
-0.229016
-0.00623357
0.100313
0.698487
0.283695
0.0903176
0.0765137
-1.75096
0.0281188
0.0219886
0.0390244
-0.834759
-0.111846
-0.144075
-0.0414134
2.39549
0.120442
0.1572
-0.204165
0.143944
0.139857
-0.0737742
-0.0835756
1.51172
0.241012
0.0970063
-0.0536474
-0.863357
0.280329
0.158514
0.0372527
-2.11854
0.175009
0.0402623
-0.0874659
0.259703
-0.0400445
-0.173577
0.513699
-0.147126
0.127802
0.00568909
-0.248728
1.49015
1.23922
0.137296
0.0129972
-12.1152
0.0093135
0.0261243
-1.60567e-05
-0.392512
1.21362
0.190421
0.00998759
-11.7194
-0.0157657
-0.0114208
0.870051
-3.77611
0.017455
0.186805
0.0163237
-1.97819
-0.0165098
0.0899235
0.0281657
-0.907034
0.0594359
0.354558
0.0536097
-2.08271
0.00912737
0.267917
-0.189181
-0.068551
0.00310955
-0.037302
0.168421
0.928726
-0.119266
0.13387
0.00166903
1.35225
0.0580877
0.264187
0.0967593
-1.50913
-0.0174875
0.133049
0.0341703
0.357437
0.0118467
0.00326092
0.144741
-1.34995
-0.0441069
0.210428
-0.0231861
0.277846
-0.0606076
0.133446
0.0330948
0.736124
0.0557048
0.139286
-0.0154889
-0.0642008
-0.00323305
0.247128
0.0212787
-2.3898
0.0750475
0.196314
0.0909594
-1.09746
-0.000343117
0.00206587
-0.32486
1.43751
0.0788654
0.142951
-0.00455706
-0.336943
0.0219235
0.00150445
0.0178992
-0.376763
-0.000603688
0.013817
-0.378324
1.51588
-0.0646522
0.221642
0.0233969
0.101234
0.0981463
0.250437
0.113084
-1.80623
-0.00579783
0.0548071
0.00124973
-0.581626
-0.0141595
0.0287058
0.214951
-1.89815
0.00974515
0.0233767
0.232811
-2.13235
-0.0522444
0.353459
-0.0117543
-0.8391
-0.0320838
0.446125
0.0482799
-1.98191
0.0953482
0.153958
0.105214
-0.988096
-0.104806
0.305134
0.00601947
-0.166032
0.177387
0.186897
0.099151
-1.84257
-0.0002622
0.00251982
0.323857
-0.258099
0.00560453
0.0591246
-0.0160925
-0.623037
0.00738028
-0.00106992
0.0147716
-0.237408
0.0197773
-0.236914
0.155712
2.52267
-0.00416856
0.388799
-0.00049991
-1.58595
-0.0820872
0.0878283
0.0293503
1.2808
6.97357e-05
-0.0822949
0.29775
0.763391
-0.0557724
0.0909518
0.034651
1.03055
0.022101
0.337998
0.0128383
-1.46556
-0.0474136
0.114965
0.0267308
0.793186
0.0350573
0.0772051
0.180194
-2.44076
-0.104746
0.305564
0.0124105
-0.193266
-0.012737
0.351421
-0.0523306
-0.97389
0.0483425
0.391631
0.0931994
-2.41839
0.00828264
-0.0583409
0.960217
-3.71546
-0.0145291
0.0219987
0.13316
-1.14747
0.0255881
-0.109602
0.255362
0.930673
0.0428113
0.195227
-0.0605011
-0.258792
0.00190098
0.00248219
0.0285632
-0.316701
0.0303789
0.278803
0.00836446
-2.83838
-0.0271205
0.20365
-0.0649949
0.346704
0.00619403
0.0408026
0.0204359
-0.583424
0.00591443
0.0085207
-0.31241
1.31713
7.917e-05
0.374716
0.0437029
-3.76408
0.0357367
0.341587
0.0636591
-1.80945
0.0246677
0.160671
0.0455257
-0.199842
-0.00209006
0.00713699
0.199338
-1.63211
0.015245
0.120221
-0.0758233
0.677955
-0.0228256
0.207025
0.00501923
0.00752788
-0.00830546
-0.138871
0.129336
2.01405
0.00911987
0.123696
0.00366054
-1.22079
0.053122
-0.000748637
0.0188484
-0.624186
0.0111151
-0.592716
-0.17275
7.30956
0.00338128
0.0131965
0.0350928
-0.565238
-0.0833543
0.0973995
-0.0299929
1.43686
-3.66623e-05
0.293605
-0.0101776
-0.825806
0.0100546
0.401407
-0.00125356
-1.81032
0.0193561
-0.00964344
0.15762
-1.45
0.0597485
0.174789
0.0740511
-0.728784
0.00329729
0.0120491
0.163992
-1.48537
-0.000912862
0.00457307
-0.00165519
-0.0440407
-0.00467724
0.0228935
0.208164
-1.81075
0.00269405
0.222781
0.0400332
-2.32173
-0.00417423
0.201296
0.0223029
-2.01803
0.0583963
0.0901367
0.018614
-1.51227
-0.0135979
0.0881371
-0.00974487
-0.727474
0.00125446
0.160209
0.000987011
0.183794
0.0768606
0.361933
0.0737154
-2.37016
0.0255012
0.148201
-0.0208433
0.150306
0.0375202
0.374703
0.00644741
-3.72821
0.000433651
0.307239
0.0287261
-2.97361
0.0287241
0.339251
0.0132861
-3.38883
0.00538175
0.212955
0.0211708
-2.11229
-0.0061696
0.0456343
0.0151942
-0.503795
-0.0430863
-0.0872729
0.0470919
2.27041
-0.00588064
0.114005
0.0102888
0.58022
-0.0351584
0.0966063
-0.0207388
0.984102
-0.0290674
-0.0347294
0.0923924
1.47768
0.0546068
0.2777
0.0964917
-1.57198
-0.00799537
0.0142294
0.209157
-1.79572
-0.0268299
-0.00704833
0.249202
-1.74039
-0.0919875
0.29981
-0.0108755
-0.170528
-0.0480748
0.419496
0.0409921
-1.60473
-0.0391828
0.355428
-0.0103274
-0.971992
0.0342655
0.344417
0.0592259
-1.80219
-0.123249
0.159966
0.0100354
1.13294
-0.00192418
-0.183421
-0.0904516
2.35789
-0.0570543
0.261733
-0.0487367
0.0116372
0.0157841
0.129463
0.0300403
-1.61519
0.0184112
0.121997
0.0126667
-1.38031
0.0062154
0.127124
0.0286066
-1.54028
0.189588
-0.0456886
0.953689
1.0756
0.66461
0.128619
0.892109
1.16702
2.31173
1.19276
0.89125
0.983632
0.920831
0.000260251
1.14489
-0.0753644
0.948493
0.140385
0.762844
0.931534
1.20938
1.35413
0.134519
0.157272
0.899176
1.06671
1.17952
0.862615
1.15948
0.0164212
-0.0114785
0.472758
0.917689
0.96585
0.910584
0.186072
1.00948
0.987625
0.913886
0.0710065
0.896835
0.754127
1.17416
0.326748
-0.188156
-0.0225358
0.83286
1.00957
0.0696155
0.81925
0.284172
-0.0562509
-0.0112002
1.09393
1.02758
0.924793
0.807201
0.9447
1.12919
0.00256013
-0.0131428
0.983802
-0.156925
0.7715
0.934244
0.966451
-0.0372766
1.09873
1.2283
0.00787388
1.00532
-0.888902
0.351544
0.107974
-0.820746
0.935025
1.12331
0.902798
-0.041131
-0.398858
-0.182379
0.892845
0.0226559
0.0591866
0.947982
0.733835
2.64064
1.17311
0.0736733
-0.0386786
0.814514
1.02316
0.933228
1.08401
0.900638
0.0260187
0.662611
-0.749317
-0.0230131
-0.735369
0
0
0
0
0
0
0
0
0
0
0
0
0
0
0
0
0
0
0
0
0
0
0
0
0
0
0
0
0
0
0
0
0
0
0
0
0
0
0
0
0
0
0
0
0
0
0
0
0
0
0
0
0
0
0
0
0
0
0
0
0
0
0
0
0
0
0
0
0
0
0
0
0
0
0
0
0
0
0
0
0
0
0
0
0
0
0
0
0
0
0
0
0
0
0
0
0
0
0
0
1.24363
0
0
0
0
0
0
0
0
0
0
0
0
0
0
0
0
0
0
0
0
0
0
0
0
0
0
0
0
0
0
0
0
0
0
0
0
0
0
0
0
0
0
0
0
0
0
0
0
0
0
0
0
0
0
0
0
0
0
0
0
0
0
0
0
0
0
0
0
0
0
0
0
0
0
0
0
0
0
0
0
0
0
0
0
0
0
0
0
0
0
0
0
0
0
0
0
0
0
0
0
0.0686264
0.23596
0.0327858
1.08148
0.760344
0.83142
0.949363
1.14803
0.92676
0.936278
0.947974
0.990526
0.981859
0.228175
1.15019
-0.132994
1.00917
-0.00127947
-0.19373
0.962887
1.18501
0.0708008
0.172157
0.104513
0.965058
1.05325
1.18109
0.938136
1.16804
0.41616
-0.0309104
0.00358688
0.906697
0.986424
0.981493
0.75893
0.996673
1.01153
0.965753
0.597904
0.95032
0.884359
1.13001
0.0455809
0.157497
0.783437
0.901913
0.0401723
0.333105
0.889037
-0.0545811
-0.137295
0.267574
1.08969
1.06307
0.0106318
0.875323
0.992303
0.811589
0.0596041
0.00214744
1.15575
-0.0865146
0.859219
0.974177
0.987197
0.152026
1.11907
0.564102
0.000235205
0.0183668
0.157795
0.225564
0.0666036
0.152188
0.989784
1.11666
0.963066
0.41766
0.334692
0.427264
0.187652
0.00127797
0.935858
1.00052
0.817147
0.856542
1.14259
-0.0147246
0.0276839
0.899669
1.04136
0.969304
1.0826
0.956962
-0.509205
0.778549
0.151967
0.0872853
0.166505
1.18256
