3
2
1
200
-0.0885313
0.0018327
0.828657
-0.0183858
0.00115443
-0.0132002
0.0357312
-0.210218
-0.0368123
-0.027452
0.169928
-0.779417
0.297039
0.185299
0.0381658
1.51379
0.212387
0.0313125
-0.209698
1.46595
-0.00170827
0.294291
-0.0182719
-0.366688
0.185497
0.00854263
-0.0795345
1.64046
0.295041
0.0865277
0.0788876
1.52965
-0.343973
-0.00763419
0.0880491
-0.745983
0.00500055
-0.169332
0.297241
1.38835
0.228195
-0.0259527
-0.06171
1.64358
-0.424356
0.0408236
-0.10499
1.73835
0.277767
-0.0148372
-0.019192
1.51624
0.0215793
0.0109402
-0.0891504
0.125145
0.310919
0.0306208
0.075974
1.50812
0.0540678
0.0763079
-0.0107023
-0.197842
0.303016
-0.00531669
-0.00894809
1.49087
0.339373
0.0318206
0.00378468
-0.403667
1.64564
0.164604
-0.00746807
1.45228
0.011632
0.0693159
-0.139976
1.60702
0.321688
0.0914469
0.102222
1.50104
-0.353749
-0.0413385
0.130046
-0.93928
-0.0853239
-0.0590876
0.924441
0.0259096
0.0193941
0.178785
0.0163732
-0.282942
0.255941
0.0929216
-0.097862
1.60976
0.2157
0.172291
-0.0312221
1.65807
0.327363
-0.00330757
0.0941874
1.49423
0.125093
0.175204
-0.16178
1.56663
0.292603
-0.0176321
0.0774781
1.53586
0.728481
0.136097
0.0547308
-1.12417
0.0012205
0.0295265
0.0548865
-0.241836
-0.0226966
0.350595
-0.000434757
-0.442523
-0.181684
-0.0305174
0.261624
1.35609
0.242996
0.161585
-0.0209783
1.58738
0.0182842
-0.121388
-0.117454
1.6759
0.670488
0.0283153
0.091505
-1.06231
-0.419349
0.0656934
-0.0604802
1.72339
0.262869
0.138638
-0.00552409
1.55258
-0.431281
0.0260061
-0.00730171
1.61913
-0.0589768
0.313372
0.154384
-0.95335
0.131798
0.190696
-0.134025
1.58443
0.209315
0.0869534
-0.180447
1.55542
0.28139
0.204957
0.0750687
1.54709
-0.411599
-0.203845
0.10002
-0.924439
1.15157
0.376857
0.0925099
-1.55166
0.0876189
-0.191622
0.0821664
-0.59014
0.330241
0.024952
-0.0683502
1.45525
-1.06609
-0.0979189
-0.00615896
-0.373098
0.0197415
0.0286266
0.00909319
-0.192385
0.207622
0.0160549
-0.0747713
1.63088
0.612861
-0.0177536
0.0759874
-0.959194
0.0208022
0.0142406
0.0143647
-0.156085
0.016622
-0.00665537
0.169317
-0.769398
0.281459
0.156304
0.0421252
1.54049
0.275607
-0.0322287
0.0155202
1.5499
0.0117816
-0.0246888
0.315734
1.30423
0.208639
-0.0185204
-0.0535191
1.5822
0.254359
-0.024771
-0.0421773
1.60184
-0.0350776
-0.0140188
0.292374
1.10353
0.00416454
0.0246349
0.0143113
-0.106026
0.100369
0.356966
0.0649517
-0.680836
0.109284
-0.353056
-0.0568931
1.69677
-0.0052851
-0.0577845
-0.0857002
0.379789
0.0793785
0.00428889
-0.189368
1.58467
0.248014
0.0738819
-0.0342827
1.57863
0.254893
0.181673
-0.0162881
1.56886
0.002023
0.00908946
0.0400625
-0.18196
0.299269
0.00202839
0.0547114
1.51867
-0.00873312
-0.0747125
0.312722
1.37096
1.22471
0.0747056
0.130363
-1.71303
-1.20154
-0.116208
-0.00355805
-0.749909
1.31607
0.144565
0.00752409
-0.836476
0.0222808
0.253316
0.0086057
-0.348849
0.883741
0.118743
0.0677326
-1.23165
0.014799
0.00123729
-0.097648
0.391792
0.257181
-0.0437023
-0.0326972
1.57402
0.31067
0.200595
0.0621791
1.50154
0.254511
-0.0228755
-0.0315908
1.55067
0.0599026
0.0259802
0.029674
-0.278424
-0.908802
0.0165547
-0.00108597
0.32447
-0.108879
-0.0141788
1.47457
0.00275932
-0.0145557
0.556915
0.00689725
-0.648877
-0.0447846
0.0329744
0.00676813
-0.156642
0.0162681
-0.130795
0.123386
-0.731169
0.252904
-0.0954458
-0.0252751
1.58699
-0.0649398
-0.0361618
-0.199337
1.54911
-0.229016
-0.00623357
0.100313
-0.782258
0.283695
0.0903176
0.0765137
1.5472
0.0281188
0.0219886
0.0390244
-0.277802
-0.111846
-0.144075
-0.0414134
0.182469
0.120442
0.1572
-0.204165
1.54842
0.139857
-0.0737742
-0.0835756
1.70608
0.241012
0.0970063
-0.0536474
1.6262
0.280329
0.158514
0.0372527
1.54121
0.175009
0.0402623
-0.0874659
1.63201
-0.0400445
-0.173577
0.513699
0.198698
0.127802
0.00568909
-0.248728
1.56317
1.23922
0.137296
0.0129972
-1.05113
0.0093135
0.0261243
-1.60567e-05
-0.109074
1.21362
0.190421
0.00998759
-0.447128
-0.0157657
-0.0114208
0.870051
-0.513394
0.017455
0.186805
0.0163237
-0.27882
-0.0165098
0.0899235
0.0281657
-0.207062
0.0594359
0.354558
0.0536097
1.44368
0.00912737
0.267917
-0.189181
1.39108
0.00310955
-0.037302
0.168421
1.32887
-0.119266
0.13387
0.00166903
1.47576
0.0580877
0.264187
0.0967593
1.4561
-0.0174875
0.133049
0.0341703
1.41861
0.0118467
0.00326092
0.144741
-0.650127
-0.0441069
0.210428
-0.0231861
1.51567
-0.0606076
0.133446
0.0330948
1.45121
0.0557048
0.139286
-0.0154889
1.43377
-0.00323305
0.247128
0.0212787
-0.35353
0.0750475
0.196314
0.0909594
1.43727
-0.000343117
0.00206587
-0.32486
0.151848
0.0788654
0.142951
-0.00455706
1.41936
0.0219235
0.00150445
0.0178992
-0.117743
-0.000603688
0.013817
-0.378324
0.108294
-0.0646522
0.221642
0.0233969
1.45074
0.0981463
0.250437
0.113084
1.43477
-0.00579783
0.0548071
0.00124973
-0.184553
-0.0141595
0.0287058
0.214951
-0.921977
0.00974515
0.0233767
0.232811
-0.936129
-0.0522444
0.353459
-0.0117543
1.5236
-0.0320838
0.446125
0.0482799
1.52354
0.0953482
0.153958
0.105214
1.42721
-0.104806
0.305134
0.00601947
1.46067
0.177387
0.186897
0.099151
1.46831
-0.0002622
0.00251982
0.323857
1.05539
0.00560453
0.0591246
-0.0160925
-0.169574
0.00738028
-0.00106992
0.0147716
-0.127839
0.0197773
-0.236914
0.155712
1.40842
-0.00416856
0.388799
-0.00049991
1.48909
-0.0820872
0.0878283
0.0293503
1.44413
6.97357e-05
-0.0822949
0.29775
1.29659
-0.0557724
0.0909518
0.034651
1.45059
0.022101
0.337998
0.0128383
1.46659
-0.0474136
0.114965
0.0267308
1.44052
0.0350573
0.0772051
0.180194
-0.82188
-0.104746
0.305564
0.0124105
1.46292
-0.012737
0.351421
-0.0523306
1.52626
0.0483425
0.391631
0.0931994
1.4742
0.00828264
-0.0583409
0.960217
-0.275056
-0.0145291
0.0219987
0.13316
-0.555071
0.0255881
-0.109602
0.255362
1.28001
0.0428113
0.195227
-0.0605011
1.40351
0.00190098
0.00248219
0.0285632
-0.167383
0.0303789
0.278803
0.00836446
-0.331465
-0.0271205
0.20365
-0.0649949
1.49896
0.00619403
0.0408026
0.0204359
-0.125707
0.00591443
0.0085207
-0.31241
0.182971
7.917e-05
0.374716
0.0437029
-0.590907
0.0357367
0.341587
0.0636591
1.46378
0.0246677
0.160671
0.0455257
1.46497
-0.00209006
0.00713699
0.199338
-0.794386
0.015245
0.120221
-0.0758233
1.45839
-0.0228256
0.207025
0.00501923
1.5012
-0.00830546
-0.138871
0.129336
1.35398
0.00911987
0.123696
0.00366054
-0.143618
0.053122
-0.000748637
0.0188484
-0.129805
0.0111151
-0.592716
-0.17275
1.96575
0.00338128
0.0131965
0.0350928
-0.292245
-0.0833543
0.0973995
-0.0299929
1.42925
-3.66623e-05
0.293605
-0.0101776
1.48203
0.0100546
0.401407
-0.00125356
1.47636
0.0193561
-0.00964344
0.15762
-0.741819
0.0597485
0.174789
0.0740511
1.44372
0.00329729
0.0120491
0.163992
-0.706627
-0.000912862
0.00457307
-0.00165519
-0.0213798
-0.00467724
0.0228935
0.208164
-0.832361
0.00269405
0.222781
0.0400332
-0.357792
-0.00417423
0.201296
0.0223029
-0.351843
0.0583963
0.0901367
0.018614
-0.24955
-0.0135979
0.0881371
-0.00974487
-0.17014
0.00125446
0.160209
0.000987011
1.47945
0.0768606
0.361933
0.0737154
1.43505
0.0255012
0.148201
-0.0208433
1.45655
0.0375202
0.374703
0.00644741
-0.404636
0.000433651
0.307239
0.0287261
-0.397325
0.0287241
0.339251
0.0132861
-0.391884
0.00538175
0.212955
0.0211708
-0.280911
-0.0061696
0.0456343
0.0151942
-0.127301
-0.0430863
-0.0872729
0.0470919
1.4159
-0.00588064
0.114005
0.0102888
1.48637
-0.0351584
0.0966063
-0.0207388
1.39273
-0.0290674
-0.0347294
0.0923924
1.33688
0.0546068
0.2777
0.0964917
1.47244
-0.00799537
0.0142294
0.209157
-0.909219
-0.0268299
-0.00704833
0.249202
-1.01461
-0.0919875
0.29981
-0.0108755
1.44855
-0.0480748
0.419496
0.0409921
1.53061
-0.0391828
0.355428
-0.0103274
1.51666
0.0342655
0.344417
0.0592259
1.46417
-0.123249
0.159966
0.0100354
1.46682
-0.00192418
-0.183421
-0.0904516
0.513321
-0.0570543
0.261733
-0.0487367
1.45412
0.0157841
0.129463
0.0300403
-0.333057
0.0184112
0.121997
0.0126667
-0.20638
0.0062154
0.127124
0.0286066
-0.35914
0.189588
-0.0456886
0.953689
1.0756
0.66461
0.128619
0.892109
1.16702
2.31173
1.19276
0.89125
0.983632
0.920831
0.000260251
1.14489
-0.0753644
0.948493
0.140385
0.762844
0.931534
1.20938
1.35413
0.134519
0.157272
0.899176
1.06671
1.17952
0.862615
1.15948
0.0164212
-0.0114785
0.472758
0.917689
0.96585
0.910584
0.186072
1.00948
0.987625
0.913886
0.0710065
0.896835
0.754127
1.17416
0.326748
-0.188156
-0.0225358
0.83286
1.00957
0.0696155
0.81925
0.284172
-0.0562509
-0.0112002
1.09393
1.02758
0.924793
0.807201
0.9447
1.12919
0.00256013
-0.0131428
0.983802
-0.156925
0.7715
0.934244
0.966451
-0.0372766
1.09873
1.2283
0.00787388
1.00532
-0.888902
0.351544
0.107974
-0.820746
0.935025
1.12331
0.902798
-0.041131
-0.398858
-0.182379
0.892845
0.0226559
0.0591866
0.947982
0.733835
2.64064
1.17311
0.0736733
-0.0386786
0.814514
1.02316
0.933228
1.08401
0.900638
0.0260187
0.662611
-0.749317
-0.0230131
-0.735369
0
0
0
0
0
0
0
0
0
0
0
0
0
0
0
0
0
0
0
0
0
0
0
0
0
0
0
0
0
0
0
0
0
0
0
0
0
0
0
0
0
0
0
0
0
0
0
0
0
0
0
0
0
0
0
0
0
0
0
0
0
0
0
0
0
0
0
0
0
0
0
0
0
0
0
0
0
0
0
0
0
0
0
0
0
0
0
0
0
0
0
0
0
0
0
0
0
0
0
0
1.24363
0
0
0
0
0
0
0
0
0
0
0
0
0
0
0
0
0
0
0
0
0
0
0
0
0
0
0
0
0
0
0
0
0
0
0
0
0
0
0
0
0
0
0
0
0
0
0
0
0
0
0
0
0
0
0
0
0
0
0
0
0
0
0
0
0
0
0
0
0
0
0
0
0
0
0
0
0
0
0
0
0
0
0
0
0
0
0
0
0
0
0
0
0
0
0
0
0
0
0
0
0.0686264
0.23596
0.0327858
1.08148
0.760344
0.83142
0.949363
1.14803
0.92676
0.936278
0.947974
0.990526
0.981859
0.228175
1.15019
-0.132994
1.00917
-0.00127947
-0.19373
0.962887
1.18501
0.0708008
0.172157
0.104513
0.965058
1.05325
1.18109
0.938136
1.16804
0.41616
-0.0309104
0.00358688
0.906697
0.986424
0.981493
0.75893
0.996673
1.01153
0.965753
0.597904
0.95032
0.884359
1.13001
0.0455809
0.157497
0.783437
0.901913
0.0401723
0.333105
0.889037
-0.0545811
-0.137295
0.267574
1.08969
1.06307
0.0106318
0.875323
0.992303
0.811589
0.0596041
0.00214744
1.15575
-0.0865146
0.859219
0.974177
0.987197
0.152026
1.11907
0.564102
0.000235205
0.0183668
0.157795
0.225564
0.0666036
0.152188
0.989784
1.11666
0.963066
0.41766
0.334692
0.427264
0.187652
0.00127797
0.935858
1.00052
0.817147
0.856542
1.14259
-0.0147246
0.0276839
0.899669
1.04136
0.969304
1.0826
0.956962
-0.509205
0.778549
0.151967
0.0872853
0.166505
1.18256
