2
1
5
50
1
2
1
2
0.448233
0.376165
-0.0871847
-0.737387
-0.638978
-0.0797714
-0.17478
-0.184304
-0.0718668
-0.268548
-0.288103
0.0543852
-0.0709109
-0.342432
0.258492
-0.499679
-0.598078
0.0529149
-0.0895046
-0.128379
0.0189617
-0.926126
-0.796006
-0.176217
-0.049578
-0.0710812
-0.0726276
0.211627
0.260138
0.0242171
-0.20097
-0.171566
-0.0563824
-0.389845
-0.352931
0.0243594
-0.0538309
-0.755779
0.556742
-0.12979
-0.201604
0.0717168
-0.188507
-0.413308
0.236356
-0.238849
-0.284638
0.0215934
-0.48946
-0.591471
0.0522985
-0.110221
-0.145269
-0.072173
0.0274791
0.0428962
-0.0491038
-0.0748571
-0.0985808
0.0113988
0.438906
0.394956
-0.0990056
-0.354282
-0.42082
-0.0311329
0.462764
0.413239
-0.0440328
-0.237828
-0.282836
-0.0240906
0.223374
0.274277
0.0258705
-0.521486
-0.441356
-0.116271
-0.222567
-0.222262
-0.0672984
0.480606
0.435034
-0.0753431
-0.269106
-0.219641
-0.0963998
0.0122766
-0.148433
0.107739
-0.140781
-0.377285
0.243091
0.137959
-0.313486
0.128768
-0.269827
-0.16255
0.0072201
-0.191039
-0.31988
0.139363
0.0130155
0.0486481
-0.0398837
0.412013
0.376177
-0.0693424
-0.0944002
-0.0998292
-0.0304353
0.0333023
-0.752453
0.594548
-0.265943
-0.104841
0.0272642
0.44078
0.378316
-0.0423921
-0.298408
-0.226402
-0.0819799
-0.0829112
-0.187335
-0.0878717
-0.0406155
-0.754255
0.574055
0.434554
0.410169
-0.0853462
-0.0949081
-0.106599
-0.011393
-0.00521858
-0.0062402
-0.00608687
-0.21847
-0.220412
-0.0316172
-0.475574
-0.591326
0.0552461
0.0250422
0.0517067
-0.0632945
-0.499021
-0.44632
0.0349359
-0.976638
1.43914
0.01167
0.153599
0.332414
0.348834
0.0151003
2.62566
-0.0110297
-0.0253927
0.0807419
-0.237507
0.815575
0.0293591
0.111491
0.0118466
0.360009
0.0321369
-0.00996073
0.00998313
-0.879285
-0.523759
-0.97376
-0.199115
-0.0839683
1.19856
0.00171393
-1.53634
0.291824
0.0918829
0.191968
-0.168264
0.043062
0.0493543
0.0594834
-0.733992
-0.000634484
1.02207
0.0672608
-0.670387
0.352704
0.0249694
0.861153
-1.15456
-0.0113744
-0.00136463
0.131498
0.328083
-0.00225229
-0.471923
0.243496
1.0
0.0
-1.0
0.0
1.0
1.0
0.0
1.0
0.0
1.0
-4.0
1.0
-1.0
0.0
