18
1
1
10
0.163223
0.438531
1.20363
-0.509218
0.0177037
-0.454345
-0.414798
-0.537784
0.6718
-0.234879
-0.266468
-0.41496
0.656753
0.802317
0.704048
0.227536
-0.440113
-0.590141
2.05069
-0.685804
-0.741393
-0.769284
-0.20069
-0.317204
-0.0469688
0.0601978
0.359123
0.237631
-0.437548
-0.510583
-0.537691
0.342294
0.276259
-0.0323384
-0.306455
-0.714782
0.522422
2.02216
-0.420921
-0.277736
0.852364
0.509539
0.309695
-0.43051
-0.466138
-0.505002
-0.491247
0.694205
0.787267
-0.207649
-0.707888
0.146074
1.01608
0.687519
-0.462437
0.4299
2.14398
0.653476
0.717835
0.977904
-0.111737
-1.15942
-0.305638
-0.438625
-0.0939836
-0.412934
0.399822
0.541104
0.642679
-0.566407
-0.281367
-0.578432
0.658529
-0.184823
-0.215942
2.09864
0.187354
0.429981
-0.723185
-0.615017
-0.66444
0.693677
0.533992
-0.244039
0.0681334
0.124649
0.777103
-0.16379
0.26314
-0.945168
0.603085
-0.588471
0.195249
-0.614737
1.83933
-1.09856
-0.19097
-0.0483643
0.226063
0.553994
-0.574581
0.551329
-0.436222
-0.0930167
-0.49778
-0.63946
0.481769
0.437482
-0.284948
-0.474868
-0.717049
0.614589
-0.446847
2.35247
-0.283116
-0.277751
-0.663825
-0.00949966
0.611276
0.650776
-0.577224
-0.120001
-0.683711
0.506421
-0.626856
-0.215303
-0.340287
-0.652068
-0.211651
-0.892983
0.615696
0.894788
1.98029
0.297915
-0.14792
-0.750699
-0.52563
-0.497785
-0.0130527
0.514435
0.429695
0.457451
-0.453693
-0.478814
-0.229286
0.55968
0.409117
0.589924
-0.539646
-0.526739
-0.700157
1.85023
-0.546643
-0.602781
0.401062
0.127933
-0.526305
-0.570876
0.494696
-0.297626
-0.219873
-0.385962
0.759982
0.506485
0.280608
0.468999
-0.328414
-0.670161
-0.640064
0.456105
2.18581
0.842511
-0.423657
0.510634
-0.703934
0.499159
-0.583564
-0.126616
0.761396
-0.235065
0.623044
-0.685437
0.428855
-0.767699
-0.430346
-0.421888
0.90156
0.154258
0.770046
2.1296
1.51196
1.5125
1.51483
1.64844
1.42905
1.47318
1.44494
1.4666
1.42717
1.6354
1.84952
