18
1
1
30
-0.111807
-0.0107888
-0.00715786
0.00518575
0.106055
-0.00233928
-0.122697
0.0887581
0.0842026
-0.0391086
-0.00305177
-0.0753215
-0.0669484
-0.0968961
0.0234727
0.114427
-0.0359612
-0.172727
-0.00413046
0.0801768
0.049764
0.0516437
0.0374955
0.0653503
-0.223226
0.278134
0.223067
0.230282
2.17895
-0.0365186
0.122402
0.127249
0.268478
-1.1576
-1.08812
0.0383042
-0.161631
2.14516
-0.0610872
-0.133004
-0.0167618
0.25293
0.127114
-0.123984
0.389692
0.370341
0.0192766
2.0978
-0.155632
0.15976
0.220506
0.164522
-1.027
-0.985663
0.13175
0.118913
2.21394
0.0637863
0.0970478
0.26816
-0.162624
-0.120842
-0.23242
0.277762
0.169706
0.0563123
2.01934
-0.00809511
0.196404
0.275297
0.189137
-1.14745
-1.07552
-0.116854
-0.0931395
2.17195
-0.00697513
0.087049
0.070294
0.0726886
-0.0405328
-0.0138387
0.24656
0.237475
0.258809
2.00675
0.00221133
0.0588965
0.0957344
0.432071
-1.29902
-1.00865
0.1768
0.104606
2.16753
0.094247
-0.0673511
-0.43916
-0.237182
0.0308076
-0.157838
0.168997
0.0591364
0.0989922
2.13268
0.0771978
0.57227
-0.364558
0.20988
-1.02736
-1.03635
-0.0357447
0.0233287
2.09221
0.129093
-0.0258681
-0.569595
-0.0909485
-0.416836
0.762995
-3.58861
-3.35045
-1.05979
1.91664
0.688738
-2.19017
-1.39755
-2.22165
2.82111
1.68188
-0.15272
0.0205049
2.09662
-0.0928025
0.0273732
-0.0874078
0.0161999
0.109004
0.0165612
0.00221767
0.107162
0.129405
-0.0495867
-0.0677116
-0.0367121
0.02598
0.132461
0.0900635
-0.0285472
-0.0408521
-0.113063
0.0509753
0.0688758
0.0669154
0.196606
0.0968469
-0.076408
-0.236065
0.52551
0.11159
0.190481
2.13623
-0.108621
0.110385
-0.0609353
0.249287
-1.19957
-1.14205
-0.0137227
0.0679312
2.13405
-0.0162228
0.0547128
0.101036
-0.136603
0.0790165
0.0242101
0.339646
0.403709
0.0601822
2.19498
-0.0702878
0.154331
0.292612
0.468589
-0.972081
-1.05049
0.156864
0.186217
2.17408
-0.0272272
7.15552e-06
0.0793528
-0.104286
-0.104653
0.0545889
0.666939
0.268933
0.305871
1.87908
-0.157869
-0.132291
0.173069
0.372028
-1.15054
-0.852581
-0.251526
-0.195521
2.02793
-0.0642303
-0.00735582
0.147606
0.167506
0.107317
-0.175387
0.476604
0.2217
0.137801
2.17069
-0.107783
0.17556
0.117587
0.435497
-1.11048
-1.04441
0.164626
0.169323
2.23155
-0.0161894
0.217483
0.0733419
0.0789191
0.0168883
-0.0246489
0.48889
0.314666
0.0618319
2.05527
-0.138319
0.160359
0.150954
0.399166
-1.02724
-1.08334
0.226145
0.123502
2.1715
0.120194
-0.0528864
-0.502239
0.055247
-0.361257
0.888843
-3.57643
-3.37482
-1.16395
2.14034
1.07727
-1.87021
-1.34206
-2.03367
2.7575
1.72783
-0.0495342
0.114285
2.0943
-0.0720169
-0.01543
0.0972913
0.188503
-0.0703624
0.0207352
0.335494
0.0241689
0.0705611
1.9491
-0.00421307
0.153745
0.166155
0.401009
-1.11779
-1.13382
-0.091005
-0.156878
2.11073
-0.00262439
-0.0702562
0.0446663
0.116224
0.150776
-0.183824
0.371245
0.37199
-0.0633095
2.11879
-0.0908328
-0.056874
0.103871
0.268701
-1.18098
-1.18555
0.136754
0.032871
2.16584
-0.163261
-0.0140749
0.0114056
0.162438
0.150917
-0.0482499
0.351145
0.237682
-0.0113261
2.04964
-0.168008
0.219874
0.189228
0.286757
-1.28076
-1.05359
0.146135
0.155836
2.19245
0.124238
-0.238192
-0.253498
-0.251368
0.0244754
0.107857
-3.08819
-1.83018
-2.62074
1.92654
1.42737
-1.54215
-1.04943
-3.15444
1.57255
2.14699
-0.203296
0.0751081
2.16998
-0.0356791
-0.00430488
-0.565999
0.347832
-0.308139
1.29769
-6.15111
4.63455
0.673635
1.33822
0.253639
-1.98822
-0.938433
0.930231
2.24742
2.21298
-0.895944
-0.111058
1.50495
-0.0109036
0.0389184
-0.0758212
0.0349042
0.0713612
-0.160989
0.387719
0.220572
0.196263
2.23579
-0.145427
0.179921
0.171351
0.448008
-1.19457
-1.13684
0.136377
-0.104049
2.17868
-0.0454113
-0.000514788
-0.396588
0.284946
-0.14843
1.23068
-6.13676
4.02803
0.772179
1.2142
-0.0403375
-0.871719
-1.02125
-0.108395
4.83145
3.01441
-0.805106
-0.108946
1.43352
-0.00737453
-0.0588016
-0.193131
-0.0802943
-0.498422
0.0517755
2.52168
-3.63144
-1.01107
0.906229
-0.0124589
-0.108043
-2.01705
-0.283538
0.911727
-0.190236
-1.29961
-0.102501
1.16266
-0.0670675
0.0576279
-0.0209668
-0.0190656
-0.0446588
-0.122952
0.0983595
-0.00567223
0.106268
0.0350919
-0.000371296
0.0178621
-0.0513205
0.00918325
0.0688371
0.130475
-0.192939
-0.181642
0.0466339
-0.0573683
0.113096
0.0331873
0.054731
0.084426
-0.181644
0.458639
0.074904
0.109576
2.15673
-0.170558
-0.0406361
-0.0692507
0.353062
-1.3166
-0.937948
0.0836335
-0.00296816
2.2191
-0.0835802
-0.00795609
-0.0791821
-0.0613125
0.015954
-0.0551493
-0.0562741
-0.0887949
-0.143209
-0.016592
-0.049654
-0.0174785
0.122005
-0.0910661
0.000386587
0.00135869
-0.0247381
-0.133587
0.0706625
-0.0727106
-0.236782
-0.391985
-0.104823
0.0547404
0.122965
0.334919
0.220701
-0.160589
1.93727
-0.0920006
0.386726
-0.453359
0.343268
-1.00635
-1.06314
-0.0802265
0.0669043
2.1397
-0.0369811
0.108374
0.111834
-0.0529917
0.015052
-0.123309
0.453366
0.178894
0.0937605
2.24841
-0.200331
0.202425
0.0607747
0.245483
-1.19499
-0.913415
-0.0340616
0.123721
2.19511
0.0582705
-0.145157
-0.0301224
-0.0648905
0.0443483
-0.220008
0.192238
0.364105
0.251509
1.92327
-0.0279494
0.12583
-0.0740496
0.404567
-1.17887
-1.02912
0.12917
-0.0230543
2.13595
-0.0174499
-0.00446921
0.869027
-0.0966144
0.0732811
-0.349685
-2.26472
0.307179
-0.556792
0.298995
0.276282
0.200496
0.229605
-0.164237
1.20089
1.72963
0.263887
-0.498253
0.344226
-0.0616165
0.0980865
0.103658
0.0461019
0.108425
-0.125075
0.470686
0.0794003
0.0878538
2.00074
-0.0490035
0.0651437
0.112228
0.191926
-1.15173
-1.07939
0.11946
0.130813
2.22529
-0.00263235
1.45587
0.816332
1.10749
0.86375
1.10317
0.551139
-0.11302
0.946128
0.836177
2.48644
0.708151
0.802956
0.445806
1.38286
0.906082
0.766748
0.865016
0.108069
1.21652
0.0179801
-0.00504875
-0.0176742
0.996886
-0.0494559
0.882614
0.945051
0.9725
-1.06574
0.783264
2.01998
