2
1
5
100
1
2
1
2
-0.61644
-0.430957
0.446308
0.780012
0.452967
-0.233358
-0.373282
-0.132237
-0.0225921
0.059579
0.182816
-0.00544188
0.46758
0.271278
0.277069
0.822955
0.489798
-0.260866
0.0543677
0.0334403
0.0585352
0.788338
0.466253
-0.248361
0.759136
0.440117
-0.225033
-0.372622
-0.1367
0.00344093
-0.228305
-0.240769
0.215609
0.660074
0.457579
-0.195259
0.112147
0.201945
-0.0338849
0.416442
-0.454365
0.457123
0.787435
0.519234
-0.289205
0.790167
0.518743
-0.290581
0.259158
0.166667
0.136942
-0.313003
-0.105796
-0.0147508
-0.606603
-0.41801
0.449635
0.20022
0.136226
0.0427615
-0.396844
-0.31342
0.299297
0.814964
0.482843
-0.259383
-0.611497
-0.422317
0.449621
-0.231865
0.12537
0.153524
-0.271213
-0.249258
0.232117
-0.274177
-0.24284
0.227192
0.328542
0.0305375
0.375743
-0.333606
-0.294559
0.167216
0.419966
0.240812
0.204121
0.247412
0.147256
0.139826
0.833797
0.544249
-0.199725
-0.61507
-0.423179
0.453817
0.210055
0.257493
-0.0293317
-0.31954
-0.104913
-0.0231061
-0.271913
-0.267707
0.228934
-0.282362
-0.281543
0.226214
0.470303
0.252775
0.305172
0.285641
0.144332
0.0996218
0.00514863
0.083502
-0.10751
-0.356665
-0.308903
0.139128
0.0911371
0.151269
-0.00137999
-0.345008
-0.124492
-0.00254912
0.033986
0.0323589
-0.0309702
-0.249786
-0.254359
0.225634
0.244837
-0.27387
0.287569
-0.619064
-0.432163
0.449768
0.180416
0.142294
0.115357
0.796574
0.524548
-0.292667
-0.0441514
0.386732
0.103149
-0.607997
-0.433778
0.436607
-0.341201
-0.117299
-0.00675613
-0.267475
-0.264098
0.225279
-0.392197
-0.299827
0.303807
0.755473
0.434577
-0.226629
0.418446
0.238012
0.248249
0.773035
0.45517
-0.243281
0.745233
0.420653
-0.209568
-0.115249
-0.096087
0.255949
0.638705
0.512215
0.0104241
-0.337746
-0.114752
-0.0163191
-0.656483
-0.457498
0.467121
0.696549
0.369492
-0.170113
0.450266
0.264946
0.298358
0.256665
0.163547
0.044907
0.78381
0.464107
-0.247193
-0.213236
-0.108242
0.0472705
-0.322985
-0.109583
-0.00864825
0.702917
0.510046
-0.24697
0.372281
0.141941
0.257216
0.818489
0.512385
-0.19357
0.19282
-0.257616
0.253547
-0.28569
-0.235362
0.236145
-0.351423
-0.130176
-0.0402312
0.0464936
0.237735
-0.0485825
0.103555
0.134559
-0.0369232
0.739168
0.405791
-0.19895
0.756218
0.438746
-0.224578
-0.340946
-0.111997
-0.0119577
0.748222
0.420758
-0.213992
-0.335389
-0.110758
-0.0234646
0.0297919
0.10156
-0.103576
-0.287783
-0.243389
0.236577
-0.346279
-0.324283
0.171253
-0.318055
-0.103841
-0.0232287
-0.302315
-0.270207
0.152263
-0.177674
0.183464
0.0266561
0.466572
0.257242
0.352552
0.203956
0.137324
0.0456387
-0.0293472
0.340804
0.046415
0.438433
0.268214
0.303975
-0.262255
-0.241905
0.22705
0.701766
0.564668
0.00640097
0.214827
0.134732
0.059138
-0.368401
-0.127976
-0.0160611
-0.300349
-0.264145
0.160559
0.694698
0.487116
-0.227793
-0.317952
-0.265283
0.141673
-0.249002
-0.234014
0.215831
-0.0297452
0.0157168
-0.0527417
0.678863
0.534717
0.0037468
-1.10729
-1.6558
-0.136587
0.0345113
0.655317
-1.70462
-0.0179184
-1.57487
-1.54515
-0.186929
-0.296662
-1.27126
0.0296239
0.415774
-1.7325
-1.71877
0.196048
-0.0900056
-1.07683
0.152785
-0.627731
-1.69542
-1.08308
0.104003
-0.337166
-0.372904
0.152864
-0.259265
0.426678
0.405269
-1.35409
-1.09791
-0.112618
-0.148654
-0.273568
-0.278572
0.718304
0.485493
-0.010991
-0.252711
-0.0234869
-0.216103
-0.010653
-0.267097
0.212821
-1.1042
0.164751
-1.74108
0.0549817
-1.05185
-0.192361
-0.285542
-0.637433
-1.57695
0.745831
-1.56196
-1.55665
-0.0982769
-0.852087
-0.145435
-1.06386
-1.36433
0.788117
0.111903
-1.67248
-0.025547
-0.177412
-1.35843
0.375394
-1.37075
0.166535
-0.419646
-0.0864189
-0.00278866
0.0131969
-1.43794
-1.67019
-0.156285
-1.60523
-0.163287
0.00602048
-0.40948
-0.280779
-0.14877
-0.184947
-0.131081
0.938499
0.160206
0.0445421
0.57648
-0.309076
-0.95588
0.220483
-0.143889
-0.208263
-1.32761
-0.182246
-0.259503
-0.0307938
-0.94668
0.000426556
1.0
0.0
-1.0
0.0
1.0
1.0
0.0
1.0
0.0
1.0
-20.0
1.0
-1.0
0.0
