2
1
6
100
50.0
1
2
1
2
-0.152211
0.404089
0.229778
-0.018104
0.105423
0.0452632
0.101717
-0.21254
0.195029
0.142268
-0.2458
0.226595
-0.00420189
-0.383362
0.227342
-0.2227
-0.328915
0.0481263
0.129623
-0.314896
0.27688
-0.239001
-0.28555
0.0753831
-0.133301
0.0415208
0.141545
-0.116573
-0.238991
0.0514453
-0.0969904
0.165974
0.121438
-0.178614
0.437013
-0.0406872
0.0859122
-0.250376
0.218811
-0.366307
0.868304
0.143187
-0.387208
-0.121211
0.0682493
-0.119207
0.3507
0.173238
-0.164216
0.234749
0.163899
-0.289988
0.599777
-0.00686466
0.0533359
-0.188892
0.201433
0.0509012
-0.0605161
0.135366
-0.125607
-0.174319
0.1906
-0.00795387
0.00134458
0.12524
-0.00703586
-0.0851754
0.175159
0.0144117
-0.229746
0.206484
-0.155244
-0.0134254
0.144985
-0.0727986
-0.309748
0.213536
0.0437075
-0.10029
0.171116
-0.171061
0.461403
0.245432
-0.117098
0.412486
-0.0353875
-0.00650952
-0.145851
0.191279
-0.0854967
0.243743
0.125364
0.119257
-0.284974
0.250927
-0.302819
-0.351877
0.0861879
-0.289005
0.2962
0.211062
-0.229657
-0.334065
0.0536342
0.0310017
-0.19331
0.193523
-0.093173
-0.0919341
0.174657
0.0858914
-0.114094
0.192945
-0.298741
0.557742
0.0394445
-0.0389177
-0.0542764
0.139374
0.0870382
-0.208836
0.230901
0.0428276
-0.180374
0.187161
0.102299
-0.298893
0.229466
-0.332051
-0.00696229
0.0873226
0.0228724
-0.0828503
0.1495
-0.0475196
0.114139
0.0536731
-0.0802934
0.151831
0.0922741
-0.0846871
-0.107249
0.174888
-0.0940241
0.159643
0.106187
-0.0914914
0.0264483
0.100967
0.0498032
-0.351302
0.200126
-0.170082
-0.127509
0.0992445
-0.00429067
-0.0685619
0.1689
-0.0725809
0.0554399
0.093821
-0.303391
-0.054756
0.0627593
0.0536748
0.108309
-0.012058
-0.137667
-0.0123534
0.135591
-0.0858083
-0.263195
0.194345
-0.0653854
-0.0761082
0.167071
0.0978949
-0.247714
0.20601
-0.0680699
0.191863
0.0935193
0.049929
-0.149037
0.193816
0.0707084
-0.312601
0.22824
0.0339641
-0.248202
0.208201
0.0222095
-0.251227
0.213178
-0.321885
-0.368084
0.0948566
-0.34104
-0.162132
0.0288119
-0.262731
-0.317093
0.0811787
-0.0248426
0.109155
0.0501401
0.131038
-0.325229
0.256868
0.0173293
-0.24745
0.206954
-0.159778
0.375218
0.205295
0.0678505
-0.194125
0.206738
-0.078067
-0.281172
0.1994
-0.0548241
0.0647502
0.0832482
-0.0708854
-0.10425
0.169181
0.105107
-0.317683
0.242324
-0.0991494
-0.0305619
0.158074
0.0702504
-0.289802
0.210602
-0.102443
0.277005
0.146506
0.0853742
-0.311609
0.21636
-0.0430012
-0.287081
0.203678
0.121823
-0.140172
0.184815
0.349652
0.2032
0.184906
-0.055578
0.0300361
0.147905
-0.00608643
-0.394963
0.238725
0.02576
-0.130132
0.191695
-0.0903151
0.0614581
0.10819
-0.021024
-0.0373305
0.142463
0.00174141
-0.360045
0.209428
0.00207766
-0.352035
0.204409
-0.00108417
-0.390848
0.230015
0.0211136
-0.046984
0.153273
0.106295
-0.31746
0.235117
0.0105527
-0.20234
0.209998
-0.297326
-0.356462
0.0884615
-0.0385955
-0.14191
0.201632
-0.019267
-0.303644
0.200616
-0.0469417
-0.274842
0.19959
0.247425
0.520456
-0.0196008
-0.159128
-0.00218842
0.0487385
-0.185241
0.0417194
0.00754582
-0.0285039
-0.121472
-0.0781949
-0.0310614
-0.042682
0.1589
-0.164209
0.211511
-0.0403379
-0.0712071
0.0879686
0.109688
-0.201489
0.00221863
-0.0602994
-0.15026
-0.0494803
-0.0200654
-0.115976
-0.255267
-0.0803503
-0.00998844
0.219852
-0.112168
-0.0202739
-0.216676
-0.145344
0.138581
-0.0150841
-0.0998404
0.125183
-0.195832
-0.00326159
-0.0322936
-0.23488
-0.131706
-0.185975
0.0202271
0.0252634
-0.0311662
-0.14368
-0.131576
0.0726114
0.036438
-0.0295263
-0.225776
-0.187123
-0.0496738
-0.103371
-0.0349955
0.0232965
-0.0611947
-0.251725
-0.125017
-0.121317
-0.0801313
-0.264033
-0.026482
-0.0339176
0.0496
-0.238767
0.0424371
0.0160549
-0.0933455
-0.210531
0.110431
0.000858349
-0.138724
-0.048544
-0.15707
-0.228209
-0.0629918
-0.12286
-0.0999109
-0.0583057
-0.0284797
-0.22733
-0.267607
-0.0884809
0.060336
-0.0237276
0.0391365
-0.197671
0.0155455
0.110756
-0.117717
-0.0532516
-0.126866
0.055554
0.101848
-0.0467091
0.0709844
-0.0925518
-0.0533838
0.0398896
0.238253
0.0445622
0.14532
0.0232457
0.0632635
0.25282
0.0893753
0.034693
0.168073
0.0285098
0.232768
-0.256707
0.0806163
-0.637307
0.0276203
0.273291
0.162624
-0.263658
0.0663194
0.120298
0.094252
0.0731217
0.142292
-0.0889677
0.153717
0.0649709
0.12206
0.188729
-0.245967
0.167106
0.0111088
-0.0577993
0.118071
0.064951
0.144954
0.127848
0.0718126
-0.0667985
-0.170556
-0.0368359
-0.0881661
-0.0648361
0.0700088
0.141535
-0.0146594
-0.0349258
0.0135228
0.176203
0.106663
-0.00501212
-0.0139908
0.0456057
-0.11166
0.105737
0.284903
-0.0284974
0.159305
-0.0196449
0.0527482
-0.0708854
-0.0104589
0.199448
0.058498
0.0130299
0.177961
0.102997
0.0250349
0.243644
0.262861
0.0195986
0.208596
0.144214
0.200418
0.141229
-0.0127648
0.0804089
-0.00203375
0.13783
0.108126
0.202564
0.0414519
0.00519061
0.11301
0.163179
0.0623313
0.0934645
0.0396362
0.208225
0.0325236
-0.0716408
0.126798
-0.116451
-0.0228063
0.0962266
0.0567171
0.177256
0.10898
0.0573928
0.044407
0.269926
0.192508
0.202956
0.101111
0.0148388
0.0605566
0.138567
-0.00493735
0.197593
0.0404843
0.220108
0.00772067
-0.0121697
-0.275686
0.0167008
-0.749569
0.00539317
0.307816
0.0438259
-0.246199
-0.00224561
-0.0396491
-0.0129579
0.0843252
0.0869497
-0.00566647
0.130696
0.0660719
0.108394
0.260411
-0.210132
0.0983711
0.183835
0.00666225
0.295599
0.151239
0.0817901
0.224926
0.102727
0.203374
-0.210875
-0.0642589
0.00559782
0.16966
0.0572734
0.250562
-0.0955562
0.0435228
0.0893491
-0.0373384
0.277671
0.000895839
0.0294698
0.0311086
0.0138675
0.146572
-0.0433618
0.110879
0.0884135
0.106474
0.218484
0.179835
0.143555
0.188353
0.0353081
0.0136268
0.227145
0.169115
0.307543
-0.013808
0.00455166
-0.157383
0.0313111
0.188974
0.197237
0.230948
0.217383
0.146876
0.118408
0.137472
0.0817441
0.222909
0.0601502
0.164155
-0.0149682
0.14384
0.136042
0.0600061
0.128408
0.05743
0.238123
0.179851
0.0752898
0.0957034
-0.00631048
-0.0804206
0.177291
0.167913
0.150288
0.0961136
0.0718089
0.259154
0.189992
0.216266
0.0934263
-0.00111095
0.0746285
0.0607656
0.135515
-0.0735666
0.0950224
-0.0506364
0.147616
0.0775086
-0.203372
0.200052
-0.531465
0.17295
0.0272425
0.247942
-0.140677
0.117221
0.127671
-0.105145
0.201931
0.144869
-0.0404972
0.172134
0.0730648
0.100728
0.28064
-0.0195699
0.133254
0.233715
-0.051921
0.0858727
0.232467
0.212053
-0.00689507
0.130571
-0.0189015
-0.0829799
0.0298385
0.175797
0.045283
-0.0980976
0.221677
-0.0279558
0.195766
0.205307
0.166439
0.131664
0.0839886
0.00728396
-0.0667879
-0.0700484
0.201833
0.224689
0.000812276
0.0380797
0.0919849
-0.0646101
0.0497479
0.139492
0.0930893
-0.00754055
-0.0626473
0.0576631
0.0346343
0.154132
0.239377
0.0329803
0.0839659
0.131731
0.00945076
0.146552
0.106412
0.0752558
0.101876
0.114005
0.209401
-0.00969783
0.0444122
-0.0575015
0.108431
-0.083876
0.296044
0.0135493
0.111837
0.0847039
-0.0414167
-0.02252
0.114102
0.0240407
-0.0351732
0.164262
0.0524948
0.152206
0.210508
0.115277
-0.0402733
0.139619
0.134314
0.18952
-0.046906
-0.0839077
-0.148596
0.0902388
-0.0564089
0.0310102
-0.153898
-0.100379
-0.0456223
0.0256557
0.0232773
0.0792605
-0.0385543
0.0323019
-0.186741
-0.106522
-0.00834885
-0.111426
-0.102995
0.0674939
-0.08465
0.068729
0.0347214
0.00739736
-0.0848682
0.0825602
0.0270896
-0.0961799
-0.0205618
-0.0346428
-0.0349738
-0.0163386
-0.123552
-0.0317802
-0.00501278
0.0710281
0.182716
-0.0340302
-0.0448305
0.0727085
0.0756257
-0.168252
-0.0206615
-0.0920968
-0.00139073
-0.00136339
0.00336407
-0.160265
0.0357077
-0.101167
-0.0128826
-0.0584813
-0.0707744
0.0357618
0.0409745
-0.0071523
0.116032
-0.0604682
-0.000801016
0.108189
-0.00565079
-0.00374449
-0.0785649
0.155616
0.12654
-0.0792306
0.153797
-0.0311305
-0.0317023
-0.103995
-0.0352034
-0.100639
-0.0149299
-0.108095
-0.0513102
0.00114686
0.0146791
0.0247097
-0.128364
-0.152364
-0.0751463
-0.0472113
-0.201422
-0.153361
0.0176531
0.0460912
-0.0793365
-0.153349
0.062265
0.0570814
-0.0469656
0.0860827
-0.0725572
0.0783534
0.179237
0.0817447
-0.0895687
-0.028464
0.0115877
-0.090331
0.0900838
-0.0515893
0.125702
-0.0373873
0.0945316
0.0153878
-0.100199
-0.0733119
0.102845
-0.0305618
-0.0338996
0.0480721
-0.0510612
-0.103101
-0.14346
-0.142187
-0.0740296
0.0762463
-0.137608
0.0486001
-0.019312
0.058579
-0.112825
-0.066922
0.0327688
-0.0921534
0.00638869
0.0445042
0.0869889
-0.0262826
-0.0979334
-0.0359879
-0.00621807
0.103616
0.0400168
0.0465549
-0.223051
-0.0907018
0.125273
-0.051496
-0.200295
-0.0811034
-0.12049
0.128999
0.0880329
0.0998807
0.0637451
-0.0907959
0.112976
0.150368
-0.131733
0.00949108
0.112172
-0.0971799
0.0770356
0.0493406
-0.100907
0.0183565
-0.0395601
0.0931466
-0.0801918
-0.0555238
0.171737
-0.0365948
-0.0676946
-0.0760433
-0.0345399
-0.109325
-0.0410031
0.0130429
-0.125652
-0.0544607
-0.16942
-0.000545433
0.019247
-0.113024
-0.1597
0.084693
0.00615484
0.0071957
-0.09105
0.0783506
0.00520219
-0.01902
0.0967055
-0.0294154
0.0592515
-0.0277869
-0.0254354
-0.0214822
0.00496098
-0.0930976
0.0976108
0.0844956
-0.112772
0.0400716
-0.203703
-0.0907142
-0.0396404
0.025448
0.0680508
0.0742984
0.257254
0.0275387
-0.073293
0.052813
0.07299
0.145666
0.0184622
0.196889
0.0910514
-0.0238128
0.17025
-0.219774
0.00837867
-0.738241
0.217755
0.015013
0.0879238
-0.146935
0.00558747
0.0666616
0.218588
0.120704
0.0860348
0.116184
0.00764941
0.0510059
0.0786123
0.120134
-0.256318
0.00848005
0.161647
0.0383109
0.0072213
0.268527
0.0879046
0.0668426
0.145408
0.0265926
-0.0653066
-0.00933852
0.0404252
0.0468767
0.13694
0.0417546
0.0810305
0.0312492
0.147521
0.26946
0.287941
0.0974243
-0.00806823
0.230536
0.0095862
-0.0546955
0.0620846
0.159834
0.0661113
-0.0841369
0.122799
0.125037
0.261307
0.0482377
0.0125825
0.227688
0.0986639
0.141232
0.0743503
0.277894
0.126431
-0.00422153
0.106144
0.129253
0.00456614
0.207761
0.0449926
0.123275
0.0551445
0.168056
0.0766563
0.188038
0.0248138
0.203837
-0.027898
0.117326
0.0400196
0.000456105
0.0494557
0.170039
-0.00405161
-0.114387
0.134965
0.0102383
0.0911726
0.171939
0.0534717
0.0988476
0.138942
0.0906418
0.129742
0.231078
0.191169
-0.102572
-0.0840305
0.0238234
-0.0889864
-0.00290682
0.0223041
-0.138327
0.0171863
0.138101
0.00803136
0.0754068
0.0039644
-0.0969995
-0.146743
0.0108472
-0.0908504
-0.096953
-0.192899
-0.0348489
-0.0814482
0.0422878
-0.0651971
-0.112011
-0.137162
-0.0184129
-0.0655062
-0.104731
-0.149633
0.0542677
0.0162509
0.0839616
-0.05341
-0.0654719
-0.0892348
0.106887
-0.190595
-0.0181739
-0.0459704
-0.170385
-0.147505
0.127713
-0.114511
-0.0266458
-0.0548053
-0.0355009
0.061952
0.0393032
0.000809449
-0.075194
0.0439516
0.0808842
-0.0049069
-0.0305471
0.155585
-0.116589
0.114228
0.0460882
-0.114582
-0.139567
-0.0283355
-0.0763376
0.136627
0.181631
0.0217596
-0.115935
0.00768072
-0.0867498
0.0271263
-0.00289733
-0.136363
0.0134761
0.000474458
0.0889914
-0.00209277
-0.182535
0.104609
-0.0117882
-0.0517211
0.074527
-0.0364482
0.091981
0.030736
-0.0474698
0.0244242
-0.0708651
0.137114
0.0528132
-0.0499148
0.0474965
-0.0512043
-0.148206
0.0875609
-0.0295914
-0.125714
-0.043945
-0.0734424
-0.0573606
-0.0142329
0.0279804
-0.0162663
0.0927304
-0.0952449
-0.0594589
0.0402389
-0.0319811
0.00149325
-0.0713131
-0.0387933
0.00592417
-0.116801
-0.119753
0.00768284
-0.0285446
-0.0269636
0.113696
-0.223251
-0.119017
-0.0211919
0.0507626
-0.143886
0.125968
0.0424873
0.0561485
-0.146917
-0.0900598
0.0203274
0.146284
0.0565121
0.162825
-0.0736
-0.00706942
-0.179043
0.088292
-0.13199
0.0326997
-0.0437301
0.147578
0.127979
-0.0261749
0.0110872
-0.0936567
0.128625
0.038834
-0.166918
-0.0161551
-0.132307
0.0402386
0.0801041
-0.0594823
0.0988151
-0.138564
0.00198391
-0.130259
-0.102941
-0.0741637
-0.103897
-0.0236071
-0.0221865
0.137094
0.0162336
0.0501817
0.0329428
-0.0019772
0.0541257
0.0852855
-0.136019
-0.00588267
-0.0146179
-0.00556275
-0.12062
0.0318933
-0.198874
-0.100079
-0.022092
-0.0917514
0.0198905
0.036257
0.00466038
-0.0105738
0.00770751
-0.150088
-0.0412116
-0.0722781
-0.137973
-0.160122
-0.188967
0.0863137
-0.0754442
0.0789311
-0.0499676
-0.220661
0.00353659
0.0216805
0.0958412
0.0873085
-0.0724048
0.160389
-0.101702
0.0808996
-0.120698
-0.0421784
0.0663379
-0.0513932
0.0514172
-0.0443387
-0.0602194
-0.0963025
0.0561408
-0.01818
0.0482135
-0.106161
-0.0498818
-0.0803007
-0.0703842
-0.14736
-0.0914253
-0.149205
-0.131561
-0.103779
-0.0175491
0.153932
-0.00212432
-0.107605
0.0903591
-0.0913736
0.0279767
0.0403668
0.0145635
-0.11191
0.0141018
0.0799526
-0.0433067
-0.178089
0.0218059
0.126874
0.0397459
-0.166975
0.0990553
0.143633
-0.0873331
-0.133683
0.0901127
-0.0151601
-0.0809027
0.00646103
-0.0589957
0.0247211
-0.0933356
0.0638822
0.0394049
-0.144959
0.0284952
0.0251517
0.0176265
0.0199185
-0.0118172
-0.207622
0.0346425
0.0760939
-0.130454
0.0292918
-0.0529344
-0.0631206
-0.0382036
-0.00497945
-0.0893939
-0.0776331
-0.0392302
0.00377073
0.0136613
-0.0838637
-0.106107
-0.112692
-0.115194
-0.189975
-0.120067
0.0837679
-0.0963637
0.104929
0.0569571
-0.10312
0.148045
0.0159847
-0.0831816
0.1312
-0.0433864
-0.107319
-0.0298589
-0.124059
-0.0406756
-4.98292e-05
-0.123822
0.0137038
-0.0202057
0.0140033
-0.0743762
-0.023255
-0.0368594
-0.220838
0.0779768
0.138864
0.0629979
0.0733901
-0.0542528
0.126935
0.0781199
0.168254
-0.0991097
0.0294984
0.103701
0.164371
-0.119045
-0.180474
-0.120173
-0.11922
-0.0477845
-0.0984488
0.028396
-0.103934
-0.0510444
-0.0281516
0.043871
-0.218646
-0.179244
-0.091345
-0.0990207
-0.114474
-0.149899
0.126145
0.158012
-0.113659
-0.0271658
0.0923893
-0.153656
0.159491
-0.0185959
0.145137
0.0209413
-0.0486696
-0.092414
0.0703081
0.0396533
-0.00653499
-0.0974036
-0.0303597
-0.0850805
-0.0710232
0.0808255
-0.192259
0.100101
0.0756897
-0.0756616
0.119128
0.00526495
0.101062
0.130023
0.00265556
-0.0234748
-0.105277
-0.0704593
0.0223366
-0.066336
-0.032455
-0.0596471
-0.0557448
-0.0626248
-0.14021
-0.185262
0.0833798
-0.211631
0.106664
0.0311958
-0.0329104
-0.0743314
0.0516962
-0.0499833
0.114987
0.161746
-0.0525222
-0.0972213
-0.0502294
-0.0367334
0.0431474
0.101136
0.00516119
-0.16715
-0.161419
-0.142188
-0.110567
-0.0254781
0.0701706
-0.0463797
0.0713892
-0.0401169
0.0139556
-0.0560511
0.0483606
-0.18558
0.00309886
-0.150984
0.0992554
-0.0932968
0.163047
0.0690401
-0.0469189
0.0319005
0.0312975
-0.0597802
-0.0675053
-0.128939
-0.0175483
0.0611502
-0.0510014
0.0312441
0.0291366
-0.054717
-0.00437901
-0.0402068
0.141371
0.103598
-0.057641
0.105789
0.0792206
0.128979
-0.141008
-0.0956119
-0.0114594
0.0637854
0.0089995
-0.185235
0.0403354
0.104733
-0.0725542
-0.0916808
0.094639
0.0557717
-0.0615893
-0.0634027
-0.00815018
0.105965
-0.155424
0.0276315
0.0930705
-0.042956
-0.118176
-0.0577619
-0.0401165
-0.101219
0.076354
0.0158362
-0.0253558
0.144276
-0.100896
-0.0186287
-0.0113555
-0.151249
0.0130774
-0.0445832
0.00471253
0.148045
-0.000748667
-0.215208
-0.0198715
-0.158262
-0.11004
-0.0568847
0.0187028
0.000799236
-0.0835014
0.0592151
-0.109631
-0.116012
-0.105146
-0.0323155
-0.0269398
-0.00733316
-0.140476
0.0331391
-0.026896
-0.1544
-0.0955244
-0.119291
-0.0847229
-0.110346
0.0322121
-0.0233189
0.0645564
-0.0165731
-0.140137
-0.0542608
-0.0375042
-0.0960017
-0.10641
0.111277
-0.135887
-0.0216042
0.030783
0.0519122
0.084054
0.0149515
-0.216775
-0.0706977
0.167729
-0.0953273
0.0760105
0.168715
0.1009
-0.0225884
-0.071096
0.092199
0.0875642
-0.0632972
0.047904
0.242745
0.0454985
0.0697629
-0.192308
0.0536374
-0.556098
0.209141
0.29002
0.09946
-0.185984
0.138136
0.223386
0.108113
0.147334
0.0827599
0.0901193
0.1576
0.205771
0.0307039
0.117241
-0.0353416
-0.0455022
0.296459
-0.0720906
0.216275
0.0842042
-0.0413502
-0.0206503
0.0483354
0.131012
-0.0521891
-0.0105506
0.0289155
0.136898
0.183043
0.181858
-0.021148
-0.0363029
0.0066153
-0.0138208
0.0426999
0.168635
0.132844
-0.0221998
0.100961
0.16687
0.0814685
0.23542
0.137393
0.123385
0.112577
0.0882202
0.135536
-0.0232123
-0.0192686
-0.0275754
0.00760677
0.252797
0.229512
0.291673
0.213735
0.0540381
-0.0227029
0.127137
0.00221513
-0.00415121
0.0996514
0.0420368
-0.00197632
0.0930365
0.0915319
0.27452
-0.0345363
-0.0450175
0.0852031
0.312663
0.108572
0.205309
0.0499074
0.141533
0.0431723
0.0563198
0.0237148
0.181673
0.222905
0.0556805
0.183212
0.0687081
0.183443
0.208756
0.0902668
0.199369
0.187419
0.128744
0.0904297
0.22031
-0.0728864
0.00906018
0.0368168
0.155324
0.0467379
0.202548
0.11095
0.233047
-0.236526
0.227131
-0.628135
0.0387707
0.0755358
0.157354
-0.0984928
0.127575
0.0699427
0.187668
0.097237
0.0531189
0.121913
0.174344
0.0823391
0.203237
0.358124
-0.178812
0.14883
0.0819354
0.029917
0.22674
0.0563015
0.240243
0.0118177
0.00596963
0.177701
-0.0754582
-0.00818836
0.0838567
-0.027054
0.203707
0.238443
0.0618641
0.148799
0.246572
0.213298
0.306974
0.1678
0.0379925
0.137516
0.167485
0.107251
0.137304
0.0377504
0.076114
0.03791
0.092616
0.0417232
0.272026
-0.0754705
-0.0226978
0.0585173
0.0187754
0.149296
-0.0256422
0.168793
-0.0390061
0.0569283
0.0619298
0.0602756
0.0903422
0.0826046
0.137494
0.0626641
0.0726546
-0.0313757
0.114596
0.256101
0.0306553
0.147429
0.0905864
0.0446165
0.206427
-0.031891
-0.120808
0.0674907
0.117402
0.0775081
0.1582
0.0330259
0.0245538
0.0965039
0.0481752
0.165528
0.0475331
0.171623
0.148936
0.199673
0.187381
-0.175742
-0.0139476
0.031287
-0.0879941
-0.0477468
-0.0661727
0.109546
0.0256403
0.0374162
-0.0319566
-0.118214
-0.00423341
-0.17803
0.0128534
-0.0553892
0.0093521
0.134016
-0.104376
-0.00812378
0.0137414
0.0421687
-0.165108
-0.0981676
-0.0402378
0.0981333
0.0313678
-0.0893247
0.0786634
0.0710884
-0.0193023
-0.0700746
-0.0151169
-0.077895
-0.0424432
-0.116035
0.130531
-0.0204364
-0.0219046
-0.080591
-0.149532
-0.0589022
0.0783722
-0.096993
-0.0219691
-0.103743
0.0701325
-0.0381403
-0.0671668
0.168005
-0.0830965
-0.0602299
-0.133433
-0.058435
-0.127686
-0.0251766
0.19301
0.102517
0.0227497
0.0307765
-0.0132163
0.129532
-0.0560875
-0.0655265
-0.0676304
0.0100078
-0.015309
0.0340328
0.116769
-0.177521
-0.0158393
0.1098
-0.0159103
-0.106216
0.0900308
-0.0880163
-0.0240193
0.060121
-0.0931296
0.00856176
-0.0553243
-0.026651
0.136818
-0.101473
-0.205406
-0.0569656
0.0152292
0.105293
-0.0886434
0.0880612
-0.0651294
-0.0773198
-0.185312
0.0797812
-0.0510018
0.117876
0.00995473
-0.00128588
-0.00963819
-0.0360562
0.0545675
0.0844842
0.152269
-0.0823665
0.183447
-0.0020471
0.0986169
0.329659
-0.0645094
0.193017
-0.00393488
0.0314848
0.0378535
-0.0622693
0.119777
-0.515223
0.273255
0.0730499
0.0321935
-0.034969
-0.0615308
0.0443937
0.197928
0.0583861
0.0651633
0.00990274
0.291342
0.152506
0.141425
0.286353
-0.144948
0.131623
0.138034
0.100262
0.057256
0.0681339
0.203933
0.132901
-0.0108725
0.0254274
-0.28935
-0.0865627
0.198737
-0.108158
-0.0483007
0.0598982
0.0372318
0.109285
-0.0131904
0.0418374
0.106769
0.182346
0.0257559
0.136248
0.143174
-0.0633692
0.0622947
0.269366
0.035386
0.0738102
0.181123
-0.0740012
0.114206
-0.0519651
0.190276
0.117999
-0.0777443
0.243446
0.155719
0.0952245
0.0265267
0.0312217
0.124834
0.226447
0.00953568
0.0931987
-0.0563147
0.172813
0.0633069
0.02245
-0.00032533
0.164792
0.0466859
0.00624957
-0.0390862
0.363358
0.233811
0.217629
0.168881
0.0601889
-0.0120538
-0.024238
0.112609
-0.0266288
-0.022759
-0.00277244
0.114598
0.033866
0.13072
0.0339372
0.0554364
0.18871
0.187355
-0.167313
-0.129835
0.0984368
0.00235517
-0.0358354
-0.0467723
0.0204543
0.00740737
-0.0150854
0.0333019
-0.0140317
-0.182546
0.0768564
0.0455034
0.032841
-0.0125394
-0.082394
-0.0376506
-0.0418192
-0.0879992
-0.00368097
-0.148045
7.20137e-05
0.0668777
-0.0198673
0.0629124
-0.0248654
0.0306379
-0.0167934
-0.0212932
-0.02458
-0.0426734
-0.00607194
-0.105123
-0.0109753
0.0708365
-0.0630162
0.00811254
0.0196527
-0.209931
0.0246175
0.116701
0.0436924
-0.211732
0.130787
-0.0767898
-0.0928703
-0.0798478
0.032182
-0.107089
0.0589594
-0.165232
0.158111
-0.15196
0.0493327
0.0253026
-0.000618471
-0.142288
-0.0399332
0.0341649
-0.202424
-0.140767
0.0295088
0.0730959
-0.0479135
-0.0645427
-0.0938669
0.0921166
0.02258
-0.0430996
-0.0258655
-0.000822037
-0.158423
-0.0139781
0.0164358
-0.0243878
-0.0492879
-0.0843191
-0.0310848
-0.193259
0.0813682
0.018784
0.0447825
0.0841397
0.100453
-0.122825
-0.0983869
-0.152767
0.0136094
-0.134782
0.0770718
-0.133768
-0.0361666
-0.0890791
0.0464412
-0.0491543
-0.123225
0.00299395
0.077827
0.00373783
0.0658825
-0.0917431
-0.130936
0.0556162
-0.0431087
-0.21433
0.113708
-0.105107
-0.0279197
-0.104626
0.0286278
0.0463239
0.0268323
-0.150984
0.0111486
-0.0787321
-0.085967
0.0425789
-0.00050739
-0.0398582
0.0831818
-0.134218
-0.0299773
-0.0717615
0.104732
-0.0862683
-0.0705728
-0.0546899
-0.0102649
0.164735
-0.0628596
0.0197114
0.0603219
-0.038622
-0.0520239
-0.0191927
-0.0276523
-0.114844
0.127298
0.0494057
0.0555218
-0.014966
0.0701556
-0.0933767
0.0230409
-0.231811
-0.00690841
-0.134054
0.0446803
-0.058801
0.155203
0.117093
0.0556845
-0.1181
-0.108223
-0.0222116
-0.00720598
0.0409482
-0.0136304
-0.138586
-0.0280555
-0.124701
0.0258234
-0.107157
-0.0869916
-0.07297
-0.0920546
-0.132172
0.0487538
0.0910744
-0.055804
-0.0116362
-0.0187869
-0.0254691
-0.165722
-0.210196
0.0200814
-0.0235697
-0.0696372
-0.139004
0.0109019
0.143446
-0.0442413
0.048717
-0.0286567
-0.151225
0.062023
0.0312529
0.00619726
0.0328513
-0.0399298
0.0225674
-0.0540559
-0.00030816
-0.0755316
-0.0864982
0.000868785
0.0195205
-0.0494579
0.00137251
-0.0623848
0.0624656
0.165601
0.172701
-0.0109065
0.105995
0.0662894
0.139836
-0.0668989
0.0967051
0.0671296
-0.000956295
0.145698
-0.206427
-0.0960495
-0.591983
0.261717
0.0271902
0.124977
-0.21083
-0.0957508
0.198201
0.0127719
-0.0302184
0.051386
0.110788
0.227246
0.0789647
0.144946
-0.00722776
-0.116633
-0.000864779
0.0607374
-0.0763764
0.0968932
0.0616622
0.165218
0.0406006
0.14338
0.113874
0.0339975
-0.0432897
-0.0290916
-0.0666679
0.0896707
0.164604
0.252973
0.0896466
-0.0875335
-0.0523825
0.227731
0.0992606
0.149626
-0.0306964
0.0651882
0.228746
0.209457
0.226991
0.126887
0.040699
-0.0253334
-0.0360719
0.0879529
0.0431451
0.048404
-0.0970265
0.212964
0.200635
0.161762
0.224587
0.0905759
0.154188
0.133667
-0.0148515
-0.0754453
-0.024615
0.133546
-0.0743086
-0.0286153
0.180191
-0.039715
0.12041
-0.032919
0.0413901
-0.0634668
0.21127
0.209525
0.107946
0.171509
0.150677
0.109015
0.104284
0.0964748
0.0937028
0.0727372
0.0111474
0.0986236
0.0929797
-0.0999622
0.148421
0.198752
0.377421
0.188764
0.213894
0.174997
0.0823635
-0.0674164
0.212709
0.112013
0.195981
0.148963
0.0355964
-0.0372092
0.233557
-0.203769
-0.00532666
-0.733534
0.133103
0.111194
0.0922941
-0.151179
0.14914
0.0983827
-0.0186092
0.0714354
-0.0715794
0.0593658
0.144831
0.10349
-0.0368918
0.0396788
-0.145789
0.218496
0.190224
0.165087
-0.00650744
0.152658
0.211192
-0.0279466
-0.0181699
0.176997
-0.148274
0.103884
0.0448424
0.163843
0.0623861
0.0553193
0.113202
0.0666121
0.13584
0.160346
0.128438
0.137017
-0.16308
0.130721
0.225942
0.270493
0.0585885
0.0752918
-0.0812113
0.169954
0.185684
-0.102341
0.115151
0.182939
-0.00358021
-0.0703534
-0.111874
0.0965046
0.0605906
0.127293
0.0560961
0.0835681
0.150744
0.297973
0.217887
0.16489
0.161515
0.0723304
-0.00680508
-0.0209313
0.0232447
0.0344831
0.0470787
0.0492795
0.0836389
0.254627
-0.0728288
-0.0579487
0.0321352
0.0161342
0.263494
-0.00569817
0.0685568
0.0548033
0.0484896
0.106922
0.0541332
0.196761
0.115735
-0.00608777
0.0450661
0.122738
0.190054
0.458317
0.0777468
-0.461686
-0.683648
-0.549376
0.0250421
-0.718439
0.0507468
0.214497
-0.0853982
0.279767
0.760048
-0.480604
0.899659
0.240316
0.576053
0.263515
0.998949
-0.278055
-0.0432697
-0.154029
0.040362
-0.161192
-0.352385
0.0665856
-0.17865
-0.0594968
0.528484
0.300041
-0.197366
0.275336
-0.593351
0.0952706
0.563969
-0.102472
-0.347647
-0.0665039
-0.199916
0.761565
0.0171465
-0.386937
-0.219546
-0.540568
0.242708
-0.0706772
0.113826
0.213853
-0.0780361
0.120792
0.0944876
-0.69107
-0.0915768
-0.0197042
0.197404
0.193313
-0.0324341
0.0468208
-0.173593
0.0459097
-0.484131
0.218833
-0.218964
-0.522906
-0.261633
-0.505848
-0.0229846
0.128625
0.112086
0.178741
-0.659959
-0.296194
0.571019
-0.424702
-0.400482
0.00872599
0.0113702
-0.73336
0.0116909
-0.486789
0.38386
-0.702123
-0.325402
-0.235709
-0.361489
-0.0457561
-0.624635
-0.219119
0.194171
0.0351165
-0.588603
-0.673272
-0.631594
-0.053963
-0.706184
-0.359309
-0.119809
-0.23202
-0.41662
-0.301107
0.0538349
0.0895658
0.192441
0.0237705
0.0625805
0.189828
0.0897575
0.135583
0.0424946
0.122478
0.0414475
0.0642867
0.0904503
-0.20279
0.025336
-0.630747
0.245573
0.178727
0.27713
-0.140107
0.0898035
-0.0318224
0.0704818
0.101999
0.132434
0.176723
-0.0835012
0.0542498
-0.00929863
0.100367
-0.0440819
0.012495
0.0210621
-0.0541808
0.230075
0.129607
0.15628
-0.0297046
0.138815
-0.114979
0.0685017
-0.0338416
0.164104
0.067452
0.0813852
0.182733
0.144939
0.0956606
0.274716
0.0886477
0.0568163
0.0316021
0.0626695
0.246985
0.165978
0.107522
0.0868557
0.0603501
0.00451721
0.0294315
0.237307
0.00138631
-0.0131997
0.200634
-0.106543
0.132847
0.209962
-0.0343473
0.178245
0.0426426
-0.077483
0.166758
0.0474902
0.238305
0.0562037
-0.0756798
0.0476783
-0.0109063
0.0828156
0.209141
-0.0318474
-0.0156178
0.0732552
0.00841833
0.0718282
0.347311
0.0428079
0.126012
0.115133
0.0807156
0.0367253
0.00411098
0.123595
0.0738026
0.0220346
0.23082
0.130016
0.0442663
0.00854881
0.0734125
-0.0504567
0.357747
0.18845
0.142126
0.123689
0.0781168
-0.00845169
0.189796
0.0958498
0.121335
0.0769434
0.0663284
0.128486
0.0738519
-0.192659
-0.137613
-0.725203
0.122949
0.0576312
0.304688
-0.23131
0.0201978
0.0297157
-0.0184378
0.055851
0.157564
0.208456
-0.0395972
0.164231
0.138215
0.166097
-0.00186715
-0.128608
0.203773
0.100611
0.0722217
0.180551
0.235842
0.0376028
0.0372397
-0.00660116
-0.316094
0.0603042
0.154467
-0.0835636
0.142474
0.119513
0.070074
0.12891
0.0487955
0.172879
0.1477
0.127386
0.0172472
0.0492198
0.0727165
0.00882538
0.0728187
0.00400194
0.209357
0.0270828
0.107819
0.00322023
0.0174397
0.0452838
0.219442
0.081147
0.00426936
0.22825
0.242874
0.265816
0.0519037
0.0470261
-0.024458
0.0402327
-0.149795
0.113594
0.0999436
0.0342672
0.0802033
0.132993
-0.0146457
0.0937922
0.191223
0.0896431
0.0413392
0.15195
0.1544
0.0832913
0.0429018
0.106954
-0.0190928
0.100593
-0.0611988
0.0969945
0.106347
-0.105952
0.00834569
0.0243751
0.0880249
0.0302583
-0.105075
0.233748
0.19016
0.11308
0.0106504
-0.0520217
-0.0908937
0.113593
0.144477
0.0212364
0.0558283
0.127377
0.118441
0.0626018
-0.387842
0.0988961
-0.889396
-0.0198567
0.127827
0.313674
-0.313849
0.106256
0.0869994
0.181915
0.0630113
0.170044
0.0973684
0.150538
0.136787
0.0928181
0.251825
-0.0615159
0.00568319
0.307474
0.0363161
0.149996
-0.0432458
0.272429
0.157925
0.0199661
0.145077
-0.0954034
0.0742631
0.0282541
0.0156056
-0.000768923
0.273978
0.166589
0.10133
0.20963
0.114788
0.00884255
0.234328
0.155594
-0.0648303
0.156318
0.0406242
0.182758
0.217348
0.169844
0.0265681
-0.00916881
-0.0260566
0.00285494
0.0418244
0.0227507
0.234952
0.190762
0.303198
0.0933396
0.059726
-0.113306
-0.114751
0.0298179
0.0826735
0.129253
-0.0971496
0.222671
0.163068
0.0866429
0.115877
-0.106791
0.289068
-0.17998
0.208646
0.151579
0.328314
-0.0584197
-0.0173904
0.0766405
0.137037
-0.0319636
0.246818
0.199167
-0.0236934
0.116331
0.142629
-0.0496989
0.250569
0.10205
0.0575354
-0.00904953
0.368396
0.180747
0.316227
0.176062
-0.381325
-0.480617
-0.435435
-0.202623
-0.79263
0.215599
0.0137148
-0.182368
0.212852
0.742888
-0.371969
0.9195
0.166785
0.56849
0.291133
0.7097
-0.143819
-0.0425209
-0.108906
-0.023217
-0.0801327
-0.333183
0.11551
-0.439779
-0.168371
0.416778
0.458212
-0.190751
0.235775
-0.751493
-0.0541324
0.452517
-0.242534
-0.256327
-0.0742808
-0.269189
0.748839
-0.0534277
-0.357599
-0.331518
-0.476519
0.339656
-0.0308188
0.275048
0.238803
-0.094793
0.300374
0.0559498
-0.553218
0.0946792
-0.0814736
0.0406496
0.224657
0.154903
0.0113344
-0.205548
-0.181482
-0.313845
0.30365
-0.197285
-0.524479
-0.457506
-0.355413
0.201865
0.149815
0.0307195
0.0088603
-0.692279
-0.301443
0.455508
-0.258639
-0.131776
0.131858
-0.0527115
-0.489021
-0.0430643
-0.450509
0.232718
-0.674521
-0.310636
-0.315171
-0.310914
0.0839458
-0.542
-0.0833767
0.0280167
-0.0273904
-0.59126
-0.41953
-0.540674
0.0252321
-0.589405
-0.292948
0.155512
-0.206132
-0.199355
-0.336274
0.0265231
0.0866811
0.223043
0.0260942
-0.45614
-0.483597
-0.543952
0.0292109
-0.76395
-0.0152263
0.0893828
-0.112743
0.023596
0.646762
-0.270309
0.694103
0.182179
0.269224
0.208092
0.496044
-0.259718
-0.151713
-0.0932475
0.0470886
0.0593583
-0.10485
0.0728857
-0.236578
-0.170003
0.472688
0.375648
0.072065
0.257372
-0.516346
0.0931676
0.468425
-0.0189844
-0.139909
0.0788031
-0.113314
0.317651
-0.0140989
-0.203226
-0.0978887
-0.550797
0.100557
-0.140356
0.0891339
0.0542894
0.0556272
0.160966
0.0766025
-0.481922
-0.00845929
-0.138744
-0.0961746
0.108932
0.0548107
0.0642612
-0.220983
0.0411475
-0.397571
0.0480968
-0.135275
-0.237985
-0.292425
-0.258733
0.107835
0.134717
-0.126099
0.0465301
-0.542059
-0.238304
0.329376
-0.234408
-0.123014
0.117531
-0.166655
-0.588529
0.137176
-0.380527
0.216179
-0.481441
-0.27723
-0.101909
-0.164977
0.0833103
-0.473109
-0.162774
0.146561
-0.101717
-0.50774
-0.376561
-0.35786
-0.10789
-0.569003
-0.0795384
0.0353503
0.114403
-0.355813
-0.152491
0.126566
0.112635
0.189465
0.153653
0.0525106
-0.102568
-0.00088709
0.319573
0.0177672
0.184642
0.192458
0.120442
0.0664062
-0.30313
0.138851
-0.555712
0.215269
0.209879
0.141036
-0.270864
0.179898
0.00781621
0.0985573
0.175121
-0.0289597
0.152898
0.0542002
0.0943574
-0.0597744
0.0744991
-0.219749
0.190403
0.0554231
0.120572
0.101229
0.114743
0.177306
0.168098
0.131297
0.14657
-0.0985691
-0.0306904
0.088591
0.196253
-0.00598703
0.174506
-0.0534001
-0.0438408
0.251415
0.143649
0.0505659
0.272488
-0.0495324
-0.0793058
0.039886
-0.11747
0.0530143
0.0896836
0.103742
0.00236567
-0.0312591
0.0466392
0.164622
0.0987226
-0.0828227
0.0306016
-0.0462536
0.231179
0.319245
0.171241
0.0810811
-0.0352392
-0.0699666
0.235886
0.145653
0.0616124
0.0978653
-0.0436735
0.00872384
0.079941
-0.0859584
0.338925
0.0458593
0.0942582
0.0796838
0.268626
-0.100989
-0.0557796
0.067694
0.0722283
0.00691102
-0.0409869
0.204145
-0.0787586
0.121773
0.104124
0.0879238
0.090052
-0.115152
0.0678475
0.104119
0.23828
0.189988
-0.0358462
-0.0706276
0.109078
-0.012115
-0.119982
-0.0614985
0.0139052
0.132529
-0.103678
0.0161737
0.0289082
0.17427
0.0341451
-0.159232
-0.0838587
0.0445986
0.0139795
-0.109708
0.0176343
-0.0943468
-0.0475558
-0.0163503
0.0224311
-0.0810692
-0.171085
-0.143732
0.047917
-0.015722
0.0359415
0.00416043
-0.0433962
0.0895101
-0.0281247
-0.0204669
0.05369
-0.0546454
0.0856183
0.144696
-0.206362
0.0414952
-0.15032
0.0821963
-0.133033
-0.105716
0.0076182
-0.0992251
-0.105549
-0.0533289
-0.00312842
-0.00174341
-0.0103242
0.169803
-0.160412
-0.149735
-0.040309
-0.00882943
-0.103916
-0.106589
-0.0909765
-0.108477
0.0378126
0.142717
-0.0398189
0.109801
-0.0846779
-0.0826184
-0.098198
-0.109209
0.0108651
-0.00128367
-0.0716061
-0.143354
-0.0880162
0.141604
-0.175883
0.0873528
-0.0395684
-0.117177
-0.130957
0.0930032
0.104304
-0.126443
-0.0491277
-0.0465121
-0.00675353
-0.0607042
0.112326
0.0763934
0.0939245
0.0246
-0.0747396
0.0338283
-0.0708166
-0.123408
-0.0398136
-0.10206
-0.187358
0.043937
-0.0579494
-0.175853
0.0747735
0.143
0.114307
0.18328
-0.059263
0.0384556
0.259939
-0.0989471
0.114176
0.147565
0.0839798
0.0752377
-0.261254
-0.0332884
-0.546709
0.125935
0.0904823
0.194852
-0.336435
0.20672
-0.0238422
0.0254332
0.0468625
0.0557669
0.0406085
0.142932
0.203044
0.103562
0.108602
-0.011065
0.0379686
0.207756
0.0447974
0.125526
-0.00224844
0.288102
0.238259
0.144967
0.0335457
-0.225956
0.0709424
0.0937878
-0.0306625
-0.03661
0.209135
0.171443
0.204075
0.0143893
0.147369
0.205814
0.105794
-0.133171
0.0528498
0.110079
0.0977379
0.00918457
-0.0529519
0.0627523
0.0676582
0.0500709
-0.0562683
0.110172
0.188496
0.0463143
0.188641
0.0276759
0.182312
0.272213
0.282457
-0.039743
-0.00776278
-0.0385426
0.0654582
0.149238
0.0705886
0.0980915
0.18805
-0.0346897
0.0318125
0.032927
0.249133
0.118361
0.108291
-0.0927943
0.36717
0.087387
0.119793
0.0918246
0.227368
0.103124
0.194899
0.0179584
0.00285635
0.102265
-0.0408521
0.0278462
0.16851
-0.00361516
0.164179
-0.0102823
0.424435
0.189029
0.129655
0.0359894
-0.0033586
0.125004
0.0343505
0.363904
0.176476
0.250763
0.106142
0.192678
0.268101
-0.0543003
0.0793162
-0.661364
0.188658
0.0504203
0.0244681
-0.208225
-0.0330513
0.046198
0.188023
0.130916
0.202016
-0.0510008
-0.0439415
0.203568
0.198975
0.242116
0.0416744
-0.0239281
-0.0357689
0.0238158
0.298592
0.243446
0.19742
0.0255329
0.00966459
0.0100932
-0.23311
0.226003
0.125946
-0.129735
0.0161577
0.308917
0.0950011
-0.0798437
0.195369
-0.0816974
0.170747
0.257049
0.209961
0.126163
-0.039885
0.0653619
0.217338
0.220079
0.200367
-0.00291526
0.229793
0.195062
-0.0345046
0.107706
0.00561506
0.187671
0.171513
0.0546994
0.213155
0.0778716
0.0321649
0.113931
0.0883559
0.186998
-0.01063
0.239875
0.0484163
0.0336601
0.136664
0.0662623
-0.0606862
0.0599528
-0.00575734
0.163943
-0.0257334
0.132181
0.23291
-0.115983
-0.0739822
0.241916
0.137718
0.103744
0.0259104
0.1536
0.0318384
-0.0820865
0.00586007
0.277753
0.0275572
0.179087
0.0497357
0.28039
0.189423
0.235029
0.124618
0.204821
-0.0715716
0.0190866
0.168422
-0.0423741
0.262741
0.0384126
-0.0389368
0.135834
-0.17587
0.0522076
-0.568097
0.154949
0.112991
0.0576839
-0.1781
0.118358
0.121586
0.0603684
0.00724828
-0.0132056
0.221264
0.0470068
0.0812137
0.0240298
0.194793
-0.0998343
0.217261
0.224965
0.0627749
0.319647
0.212593
0.0568576
-0.0831649
0.174798
0.105249
-0.0491423
0.20662
-0.0759129
0.164394
0.0348597
0.023115
0.0047463
0.226841
0.0421137
0.0616285
0.0358379
0.0537021
0.211975
0.0769152
0.0202514
0.0674511
0.10689
0.144345
0.119672
0.201936
0.0641471
0.0503894
0.109298
0.0178939
0.066412
0.226416
-0.0402507
0.102799
0.269358
0.154092
0.11258
-0.073801
0.0985254
0.207592
0.107126
0.00112071
-0.0577863
0.201071
-0.0376818
0.00490693
-0.10205
0.0490398
-0.0653711
-0.0756972
0.0101347
0.256119
0.176897
0.0667428
0.181101
0.0212122
-0.0230415
0.134752
0.0452922
-0.00488643
0.168819
-0.0145218
-0.112301
0.211507
-0.0667744
0.146925
0.146865
0.232655
0.190221
0.210235
-0.0258419
-0.0440803
-0.0346605
0.170006
0.0838337
-0.0463609
0.214474
-0.019257
0.00949845
0.123742
-0.159396
-0.135898
-0.433555
0.0550493
0.245746
0.163313
-0.133953
0.172041
0.0208762
0.178116
0.113108
0.0270633
0.0473143
0.0600498
0.180698
-0.0286876
0.0750938
-0.187521
0.101665
0.244965
0.111026
0.288854
0.0355379
0.115385
0.000295385
0.0834054
-0.000173213
-0.0149939
0.0942774
0.106207
0.0757684
0.14919
0.0142158
-0.0697298
0.222574
-0.0695025
-0.0527089
-0.0119446
0.133238
0.0587273
0.0498309
0.0362112
0.0898181
0.164329
-0.0488307
0.152031
0.215549
0.0398143
0.148909
-0.0089941
0.110019
-0.0428827
0.179151
0.053797
0.156106
-0.0132072
0.178
0.0840684
0.0499946
0.000380352
0.0974921
0.0385456
0.14636
-0.0022953
0.125835
0.104879
0.217143
0.0968713
0.0778347
0.0324829
-0.0133567
0.0511091
0.324371
-0.0484615
0.0603933
0.145355
-0.00417306
0.0709541
0.179942
0.013739
0.109736
0.159323
-0.0108819
0.0550819
0.181694
0.133054
-0.0420447
0.0281232
0.191942
0.192151
-0.117076
0.1364
0.0115322
0.0308398
0.0652991
0.187248
-0.0830814
0.0529204
0.0529003
-0.00189735
0.0176411
-0.160636
-0.0357643
0.00919714
0.0861697
0.00967812
-0.0411894
-0.000310947
-0.0700782
-0.170272
-0.0575196
-0.120393
-0.0089568
0.0616498
-0.0592877
0.0333618
0.0930122
0.00182439
0.105461
-0.0465312
-0.034701
-0.108697
0.170299
0.00599839
-0.150719
-0.116384
-0.153694
0.058865
-0.051651
0.132831
-0.101117
-0.00633558
0.00287348
0.079289
-0.196095
0.140338
-0.039319
0.0733567
-0.0657261
-0.00875342
0.0521093
0.0605147
-0.00826149
0.0115532
0.0546803
0.0121089
-0.179991
0.132876
-0.134335
0.0596557
-0.0347315
-0.0406352
-0.00663071
-0.0799333
-0.0783365
-0.00950554
0.032578
0.0748994
-0.0100447
0.0498338
-0.0116169
-0.133509
0.0395265
0.137573
0.150745
-0.0107403
-0.145232
0.131271
0.0623278
-0.103325
0.100112
-0.124599
-0.0648857
0.0462912
-0.0241047
0.0433357
-0.0384179
-0.081097
-0.200054
-0.0648358
-0.139124
-0.00995128
0.152385
-0.106239
-0.108178
-0.0471307
-0.0962094
-0.0474311
-0.154964
0.0582774
0.0937478
-0.209643
0.179463
0.12346
0.0553188
-0.0351298
0.0817514
-0.0406264
0.00561129
-0.00668453
0.127714
-0.0249123
0.094859
0.110604
-0.082441
-0.0367546
0.133365
-0.0732771
0.0870208
0.0563009
0.166825
-0.0658022
-0.0250549
-0.0706629
-0.0984013
-0.0275043
-0.137842
-0.0128923
-0.0943824
-0.146207
-0.0269102
-0.0344389
-0.0755731
0.0411245
-0.194396
-0.000157571
0.0235188
-0.0552675
-0.044197
-0.0256299
-0.0348681
-0.0510026
-0.0598191
-0.0690459
-0.146134
-0.139695
-0.116523
0.0379134
-0.0506824
-0.0254653
0.0825377
-0.022904
0.110425
0.00839786
0.139857
-0.0441774
-0.0475231
0.0514392
-0.0678777
0.0128085
-0.0625634
0.147027
0.0373692
-0.153142
-0.0573043
-0.0122187
0.145697
-0.154611
-0.136269
-0.0269688
-0.106811
0.0525299
-0.0449662
-0.098095
-0.0858977
-0.0351394
-0.0682843
-0.0325669
-0.046692
0.0871266
0.135072
0.0405022
0.0111238
-0.0802512
-0.113041
0.0438119
0.0415162
0.0695196
-0.0912159
-0.0459476
0.0751122
0.0807296
0.00172202
-0.0394711
0.067869
-0.0425981
0.0172928
-0.173818
-0.026053
-0.0425306
0.0739565
0.0812508
-0.084503
0.0223861
-0.115139
0.0168009
-0.128293
-0.0600808
0.0277343
0.0118264
0.0238411
-0.0566159
0.0477956
0.0761481
-0.291773
0.103475
-0.0314719
-0.0748142
0.150227
-0.112772
-0.238681
-0.132301
-0.189661
0.0850406
-0.0388836
-0.186074
-0.0816832
-0.32114
-0.149475
0.0290221
0.00638766
-0.157779
0.113961
-0.151204
-0.0122566
-0.222245
-0.197061
-0.00728652
-0.15934
0.162401
0.062307
-0.013208
-0.0414235
-0.00607392
-0.205003
-0.00700573
-0.0472105
0.0748591
-0.0135075
-0.187383
-0.0499289
-0.0984632
-0.128421
0.0482211
0.0110911
-0.0840459
0.0270429
-0.00181621
-0.246764
-0.250372
-0.0956247
0.0812315
0.0953885
-0.0776189
-0.171177
-0.169173
0.030073
-0.151493
-0.0867672
-0.146855
-0.0638287
-0.0211478
-0.155905
0.0799185
-0.0632023
-0.184083
0.0386384
-0.0362668
0.027544
-0.0450922
-0.151069
0.0188803
-0.211066
-0.385667
-0.0129153
-0.0357381
-0.177627
-0.597056
-0.123584
0.0425757
-0.0567423
-0.227885
-0.391297
-0.246223
-0.207771
-0.250967
-0.085434
-0.196473
-0.0618676
-0.156577
-0.162256
0.0723178
0.0478875
0.140531
-0.0242492
0.0260107
-0.150639
0.22265
0.196316
0.0384931
0.0139435
0.0165983
0.146304
0.229938
-0.0367417
-0.0754354
-0.561818
0.142754
0.203222
0.130434
-0.224218
-0.0582519
0.047547
0.0299254
0.060864
0.213893
0.0309596
0.0880803
0.124369
-0.00306011
0.342158
-0.0737498
-0.08628
0.0355663
0.00714008
0.0577725
0.0992562
0.256028
0.067117
0.0979916
0.145191
-0.135188
0.114889
0.0790658
-0.126853
-0.0737047
0.152473
0.0324647
0.136218
-0.0684969
0.0199826
0.203369
0.22096
0.128588
0.0231329
0.0633154
0.0925219
0.108893
0.100765
0.0746218
0.0025556
0.162232
0.0236017
0.128394
0.0476767
-0.10268
-0.139651
0.160015
0.253845
0.0411294
0.182247
0.131249
-0.0597627
0.137332
0.149064
0.0632453
0.0256377
0.11505
0.0553852
0.0109824
0.0205518
0.0294136
0.292266
0.0715652
0.186647
-0.00234235
0.0952769
0.2512
0.199614
0.0554849
-0.0727549
0.106078
-0.0425364
0.100939
0.163064
0.0776026
-0.0986931
-0.0425258
0.189202
0.158637
0.086381
0.105027
0.379851
0.188784
-0.0833943
0.0112766
-0.02278
-0.0243273
-0.0698388
-0.056609
-0.0163606
-0.0999436
0.00272414
0.035498
-0.168361
-0.101817
0.17566
-0.0679594
-0.115373
0.0590832
0.0362814
0.0540713
-0.0329202
-0.0791513
-0.128216
-0.108353
0.0777784
0.0821101
0.0188952
-0.0791695
0.0499358
-0.0388921
-0.0655816
-0.0511708
0.069028
-0.105323
-0.0540948
-0.00860659
0.147874
0.0194585
0.0307155
-0.0703314
0.0976987
-0.0869548
-0.116058
-0.0443334
-0.0502597
0.00396344
-0.113251
0.0516378
0.0188823
-0.0110364
-0.0771882
0.0259686
0.0330689
-0.155443
0.154842
-0.109811
0.0304442
-0.0915599
0.0651841
-0.213924
-0.0594037
-0.0319353
-0.145295
-0.0597083
0.0285075
-0.0204605
-0.144625
-0.0849346
-0.111602
-0.0699727
0.0349473
0.10597
-0.0997659
0.0516863
-0.139773
0.00707242
0.0333071
-0.0560071
-0.0221095
0.0209022
-0.0202728
-0.0563067
-0.0109582
-0.0273814
0.0399603
-0.0434583
-0.129937
-0.0709112
-0.0337099
0.0484312
-0.0377315
0.0223627
-0.125628
-0.00478565
-0.107487
0.0330139
-0.0463408
-0.0485045
-0.0702565
0.0548438
0.0242674
-0.032934
0.0801591
0.202227
0.0680633
0.0723786
0.0851574
0.0398554
0.129983
0.000133845
0.10348
0.0566194
0.0169936
0.119117
-0.0865598
0.00642608
-0.568577
0.106295
0.227094
0.141711
-0.216126
-0.0428586
-0.0730833
0.18023
0.0796852
-0.0267641
0.111244
0.0560148
0.0905881
0.0950793
0.314878
-0.131579
-0.00593949
0.0712556
0.0560965
0.214041
0.0695903
0.190068
0.0260706
0.0908675
0.0227235
-0.200097
0.170386
0.0829878
-0.0289623
0.0889414
0.0162936
-0.00761785
0.016667
0.125169
-0.0623336
0.00584508
-0.0180438
-0.0937042
0.117099
0.141163
-0.00507565
-0.00494873
0.0604019
0.114712
0.0921365
0.00433251
-0.15234
0.161905
0.0292276
0.104128
-0.0256328
0.0694196
0.250831
0.076524
0.191926
-0.0765478
0.0802969
0.000405029
0.142361
0.0308187
0.0668183
0.236012
-0.060895
0.0368059
0.163043
0.102665
0.268996
-0.00733343
0.049766
0.026726
0.410815
0.0146442
0.0676252
0.160638
0.181072
0.0579725
-0.0768532
-0.115776
0.100182
0.111883
-0.072576
0.113757
0.228066
0.00739974
0.0517442
-0.00463945
0.334143
0.189399
-0.180033
-0.0190269
0.111157
-0.00674317
-0.0313369
0.00912765
0.131077
-0.153762
-0.194068
0.0863887
-0.0241599
-0.0198444
-0.0379802
-0.122673
0.0228165
-0.136818
-0.0552149
-0.128336
-0.245411
-0.0258896
0.054679
-0.0277554
-0.032812
0.0185169
-0.161686
-0.0748018
0.0195151
-0.190141
-0.175356
-0.0718779
-0.0401985
0.05043
-0.0677552
0.0554486
0.0686435
0.0636544
-0.0939327
-0.0601131
-0.211248
-0.110376
0.0715081
0.0737305
-0.104802
0.0573024
-0.215548
-0.0479738
0.0121797
-0.0453621
0.0943057
-0.129442
0.0961019
0.0407009
-0.0645036
-0.0624958
-0.0160591
-0.0614254
-0.111883
-0.00510664
-0.126533
0.0146395
0.0210404
0.0595769
0.100812
-0.0483774
0.0218609
0.0238548
0.0349125
-0.0654052
-0.249459
-0.123871
-0.156875
0.014293
-0.0546462
-0.0506948
-0.147608
0.0984583
-0.194403
-0.0545153
-0.0306257
-0.0747131
0.0803883
0.0284217
0.00433803
-0.242978
-0.150869
0.15711
0.0635081
-0.0934745
-0.0404413
0.128967
0.0317077
-0.0742039
0.0139184
0.0889005
-0.128421
-0.0260593
-0.212275
0.0798854
0.18161
0.0654993
0.0394054
0.153329
0.0598604
0.063368
-0.0689854
0.0961206
0.344516
-0.164124
0.125965
0.126494
-0.0270989
0.031722
-0.163939
0.0316917
-0.532302
0.241289
0.125645
-0.033351
-0.128929
0.0577297
0.035921
0.0544644
0.0202653
0.058635
0.169618
0.193339
-0.0570793
-0.0450668
0.314203
-0.19533
-0.0217788
0.283024
0.132208
0.162327
0.128072
0.0655458
0.00263621
0.00435847
0.0977411
-0.161525
0.105285
-0.0256368
0.114686
-0.0476092
0.166218
-0.124822
0.216339
0.0804244
-0.0701004
0.158653
0.0802166
0.083856
-0.0758523
-0.00688455
0.102427
0.0636402
-0.0611773
0.0840593
0.120169
0.0850513
-0.0870018
-0.00204124
-0.0086468
0.0119245
-0.0306546
0.18335
0.310258
0.158511
0.216657
-0.0101998
0.0360193
0.247039
0.0266029
-0.0276862
0.0293241
0.0687629
-0.0631726
-0.0206281
0.0320496
0.143088
0.178905
0.104705
-0.0134645
0.123237
0.38172
0.246213
0.213477
0.050382
0.186556
0.05482
-0.0292524
0.182469
0.0814046
0.194331
0.0459775
0.0868874
0.355411
0.0982421
0.0604005
0.099646
0.324941
0.188652
0.164718
0.0402468
0.0266378
-0.0915522
-0.0168138
0.116001
-0.0210922
0.210036
0.292822
0.114926
0.217275
-0.262276
0.088848
-0.652615
0.171717
0.12129
0.169936
-0.264427
-0.102993
-0.0851511
0.23539
0.0719861
0.00350079
0.13615
0.241361
-0.0219565
0.193189
0.0875425
-0.0473141
0.0921504
0.0519573
-0.0514598
0.167977
0.162419
0.181056
0.163803
0.1449
-0.0500316
0.00920118
0.0422898
-0.077675
0.128447
0.00379823
0.0646724
0.146921
-0.0111924
0.0146718
0.136934
0.115005
-0.0142083
0.104078
0.0189712
0.261276
0.195282
0.118242
-0.0889518
0.114777
0.12903
0.136345
0.0706117
0.097573
0.0743123
-0.0664272
0.125117
0.208994
0.316653
0.195001
0.0310537
0.0264544
0.105417
0.0876051
0.240179
0.136894
0.262289
0.0813455
0.0988594
0.163136
0.203591
-0.0792009
0.24721
0.155122
0.076192
0.0969472
0.35486
0.0937993
0.139654
-0.0685577
0.150966
0.0736357
0.042267
0.0673092
0.0902809
0.05354
-0.0723706
0.123493
0.2859
0.0128254
0.0515648
0.00166289
0.380884
0.188117
0.154166
0.0479904
0.0479862
-0.122382
0.0292811
0.154345
0.160702
0.0911565
0.158071
-0.0486221
0.211208
-0.0863268
0.00109577
-0.518318
0.0578712
0.161798
0.125444
-0.310387
0.0526618
-0.0751692
0.139863
0.0543639
-0.0187218
-0.0330762
0.112223
0.13178
0.159272
0.367155
-0.0969149
0.127025
0.292781
-0.0720554
0.066882
0.0569366
0.103558
0.16397
0.0959515
-0.0171495
-0.137231
0.101313
0.000582669
0.0310418
0.0903829
0.0240991
0.0894276
0.19603
0.131281
0.141472
0.259111
0.104395
0.0211361
0.0241825
0.23825
0.0981876
0.199751
0.226847
0.198715
0.161626
0.0737805
-0.045516
0.229179
0.0657293
0.062464
0.0127804
0.0891302
0.318768
0.0349005
0.168075
0.0918499
-0.0181531
0.00463082
0.148603
0.119737
0.0708894
0.039159
0.0492743
0.140114
0.183679
0.0388117
0.028098
-0.0662472
0.0827385
-0.00602584
0.311775
0.100177
0.0676939
0.135256
0.0910434
0.12207
0.145971
0.0299743
-0.00518174
0.0697428
0.0745452
-0.0611948
0.208169
0.0941299
-0.0789745
0.049524
0.330177
0.187037
0.200604
0.142659
-0.0919676
0.0609107
0.0380611
0.0245541
-0.0647941
0.144509
0.073949
0.130133
0.133968
-0.1172
0.0998394
-0.754591
0.143455
0.229097
0.134646
-0.181632
0.0131334
0.0685383
-0.0455802
-0.0259651
-0.0753293
0.106266
-0.0243764
0.191465
0.060962
0.0996244
-0.284392
-0.125513
0.102072
0.0728056
0.19563
0.087722
0.127715
0.141385
-0.0421941
0.190137
-0.239989
0.0344742
0.166635
0.056282
-0.0176258
0.156595
0.169902
-0.0638702
0.212106
0.0633712
-0.00276558
0.132706
0.0328334
0.145499
0.180204
0.0358024
-0.0178843
0.183717
0.0675331
0.0979048
0.174613
0.11044
0.208341
0.0917645
0.14869
0.215786
0.0692675
0.193704
-0.0666755
0.211613
0.27367
-0.0185298
0.0263538
0.277751
0.0939277
-0.00838543
-0.105068
0.0408234
0.0196582
0.14152
0.148786
0.119866
0.0417746
-0.0289768
-0.0622977
0.330735
0.115188
0.19816
0.0892009
0.127639
0.111711
0.249189
-0.00486813
0.228502
-0.051778
0.0352775
0.0640635
0.318448
0.0655312
-0.00152304
0.0450665
0.117735
0.190523
-0.133911
0.0343352
0.061232
-0.125347
-0.0671086
0.102263
-0.214832
-0.112106
0.0358021
-0.0294288
-0.0321425
0.00373234
-0.0809396
-0.0465515
-0.0516411
0.0537339
-0.0713978
-0.0200691
0.0160255
-0.0232753
0.159645
-0.186567
0.0424125
-0.0825641
-0.166544
-0.0307221
-0.0138948
0.0140109
-0.0486093
0.00548284
-0.0377088
-0.112377
0.0839204
-0.0956008
-0.129844
0.0560799
-0.00825172
-0.0643533
-0.00534644
-0.128619
0.0544439
-0.128823
0.094397
-0.184766
-0.0945331
-0.11387
0.13719
-0.199142
-0.0413227
-0.131615
-0.0669333
-0.11599
0.0265883
-0.0722647
0.0425684
-0.124009
-0.12262
0.108554
-0.117402
0.0631877
0.160446
-0.07535
-0.160339
-0.156646
-0.0783893
-0.0109905
-0.13618
0.150771
-0.0570565
0.0996511
-0.0677254
-0.00779895
-0.12226
-0.0801542
0.0585164
-0.111636
0.15249
-0.0562835
0.129762
0.077498
0.0339633
-0.0113505
0.0155808
0.0838391
-0.213438
-0.00962875
-0.0103538
-0.112881
-0.0379575
-0.124088
0.0305197
0.0707846
0.0273699
0.00237731
-0.0871823
-0.00245368
-0.047744
0.0279485
0.10198
-0.0169084
0.0801756
0.169065
0.0571824
0.0520281
-0.0111857
0.0695938
0.0842497
0.0509292
0.180573
0.0154178
0.149705
0.181249
-0.19695
0.24054
-0.712539
0.161901
0.0163265
0.0761131
-0.357447
0.0620797
-0.0961622
0.14035
-0.0575455
0.187262
0.202822
0.175505
0.14581
0.168628
0.167567
-0.0850374
0.214998
-0.0135115
0.0746445
0.210987
0.0516944
0.111602
0.122307
0.124065
-0.0664358
-0.15733
0.205241
-0.0474487
-0.0329588
0.116127
0.114687
-0.0263049
0.180407
0.181908
0.155161
-0.00879979
0.112392
0.18463
0.141202
0.0829612
0.072147
0.241935
0.239514
0.088554
0.226285
0.195972
0.154913
0.251276
0.126014
0.164144
-0.0933365
0.103872
0.078911
0.00685078
0.297908
0.126049
-0.0662792
-0.0371518
0.238459
0.108309
0.150902
0.150965
0.0661304
0.185116
0.0273914
0.117511
0.0691253
0.0352092
0.0739415
0.198398
0.185581
0.028356
0.00702923
0.136482
0.00757646
0.0860134
-0.0648043
-0.114001
0.155798
0.0896877
0.087512
0.179494
0.191689
0.151766
0.0652292
0.11117
0.332088
0.188873
0.20585
-0.0257949
0.136228
0.0314765
-0.0785114
0.319767
0.0536279
0.176189
0.0448641
-0.0938344
0.147094
-0.268154
0.0560513
-0.710419
0.227425
0.000401915
0.122406
-0.10616
0.032883
-1.7575e-05
0.192097
0.0597549
0.0778184
-0.0108826
0.213053
0.24724
0.0988775
0.161211
-0.0583565
0.186602
0.296717
-0.0301596
0.200626
0.00875354
0.226115
0.000102239
-0.0758983
0.0574185
-0.196531
0.168437
-0.0867442
0.0720809
0.0995926
0.0545821
0.0592357
0.278606
0.282963
-0.0830329
0.102828
0.0227148
0.0428497
0.133179
0.136679
0.0641695
0.134225
0.052048
0.220207
0.0703843
0.163548
0.0456364
0.0762691
0.185822
0.132742
0.147851
0.0832164
0.197614
0.108771
0.0611443
0.0679484
0.0194914
0.132805
0.117694
-0.0388163
0.150205
-0.010519
0.156825
0.0983406
0.160718
0.101067
0.0843491
0.0205881
0.101681
-0.0871859
0.10718
0.0917689
-0.0912412
0.100978
-0.0101347
-0.0327557
0.141935
-0.030354
0.222446
0.0599832
-0.0176467
0.0489771
0.0654773
-0.00233694
0.0424343
0.207008
0.0865963
0.190741
0.137091
0.0347792
0.124751
0.0252214
-0.00740564
0.0322197
0.0229821
0.038511
0.18798
0.00910508
0.265459
-0.184053
0.00709999
-0.745022
0.0376804
0.130413
0.249007
-0.330136
0.240371
0.0190683
0.280284
0.0801968
0.044653
0.0896205
0.0623538
0.122806
-0.00143243
0.102549
-0.174462
-0.0463917
-0.00920323
0.0295386
0.351992
0.172704
0.122224
0.0241478
0.0150245
-0.00536489
-0.198216
-0.0764118
0.106234
-0.00442933
0.0642031
0.0301868
0.07124
0.18426
0.110968
0.027851
0.103694
-0.0446546
-0.0467474
0.127645
0.0599436
0.00677999
0.235403
0.116717
0.104267
0.116482
0.243773
0.0717367
0.051708
0.0738322
0.136278
0.14743
-0.0767697
0.164991
0.0857236
0.167976
0.115258
0.230386
-0.0248077
0.173041
-0.117428
0.0630323
0.165517
0.194272
0.044483
0.200915
-0.103654
0.23556
-0.114526
0.140769
0.0984463
0.197915
0.113536
0.21301
-0.0637642
0.037949
0.0552832
0.228126
-0.00284551
-0.0724186
0.0416457
0.0740676
0.107888
0.26164
0.0548362
0.0341659
-0.0398557
0.180538
0.192261
-0.0718154
-0.0664928
-0.0393547
-0.0916843
-0.0873597
0.0782935
0.124107
-0.0307049
-0.140536
0.00800115
-0.145044
-0.218597
-0.152624
-0.056006
-0.0604161
-0.0644312
-0.11149
0.0173648
-0.0558571
0.0684096
0.0475138
-0.0329748
0.136281
-0.00195024
-0.0563119
-0.156494
0.0249649
0.03554
-0.134051
-0.080764
-0.00806763
0.0282894
-0.0308602
-0.143147
-0.0516769
-0.16298
-0.115545
-0.181329
-0.063043
0.15773
0.0143335
-0.119248
-0.0415238
-0.192634
0.0766815
-0.0643639
-0.0195546
0.116245
-0.0821249
0.1313
-0.101817
-0.0705707
0.025477
0.0598196
0.0727648
0.0434113
-0.0684797
0.074491
0.0978184
-0.169566
-0.0819833
0.0663553
-0.0368399
0.0591262
-0.049938
-0.1131
0.0773488
-0.0865947
0.0695623
0.0371147
0.0994617
-0.0561781
-0.108139
-0.157326
-0.0495777
0.0564166
0.0106066
-0.0125585
-0.126367
-0.0444271
0.0155062
-0.0911038
0.0368457
0.137633
-0.0589392
0.097002
0.0615858
0.0230815
-0.0221554
0.149248
-0.0824446
0.0649818
-0.101952
-0.0629242
-0.0626321
-0.203849
-0.0596469
-0.017806
-0.0845824
0.00933812
0.0695395
0.112859
0.0218473
0.133599
-0.0519699
0.10409
0.170927
-0.0176312
0.0464773
0.150792
0.0251817
0.231756
-0.115071
-0.000247764
-0.616404
0.23589
0.0827004
0.0799183
-0.347114
-0.0511187
0.0462186
0.084111
0.0423049
0.205551
0.160221
0.0227895
0.101411
0.160996
0.300053
-0.320444
0.122749
0.101625
0.148263
0.259678
0.104886
0.174771
-0.0425076
0.265745
0.066609
-0.135871
0.147436
-0.0105399
-0.0274541
0.0197124
0.161441
0.038355
0.218175
0.257426
0.0614907
0.0737873
-0.0559467
-0.051814
0.0776595
0.0827074
0.0383383
0.140146
0.0546089
0.115436
0.110393
0.201266
-0.139281
0.259356
0.108675
0.104537
0.0305761
0.159444
0.257458
0.0342373
0.0859785
0.0215337
0.00828469
-0.116406
0.185371
-0.0338428
0.181395
0.137471
0.0190796
0.106072
-0.00483629
0.0248223
0.137565
0.190135
-0.121071
0.0200539
0.259464
0.172032
0.218417
-0.0233065
0.0426781
0.138793
0.0101148
0.134545
0.0565708
0.090259
0.183973
-0.00283
0.183167
0.0556354
0.0980839
-0.0479642
0.268051
0.179554
0.142893
0.26887
0.0694289
0.0908919
-0.0217525
0.181175
-0.105073
0.122378
0.108546
0.173167
0.081577
-0.188404
-0.0359061
-0.729511
0.226349
0.048504
0.16212
-0.187815
0.0782524
0.0666103
0.0746899
0.0856433
0.00885393
-0.0562206
0.219921
0.112031
0.153106
0.282991
-0.0136302
0.182289
0.0757176
0.0473032
0.150103
0.104593
0.0549706
-0.0974373
0.0635315
0.119218
-0.0440425
-0.0353404
0.0225953
-0.110908
-0.0231052
0.162891
0.169104
0.0391512
0.14021
0.109684
0.21259
0.11582
-0.0497754
0.0150691
0.144689
-0.0327963
-0.0239989
-0.0154632
0.132334
0.0949406
-0.0184707
0.092653
0.196598
0.0462751
-0.106763
0.127328
0.078484
0.0539695
0.0412959
0.100088
-0.0387435
0.0537337
0.00599374
0.12362
-0.0510105
0.0877813
0.0785599
0.0741817
0.0360961
0.117935
0.0959318
0.132568
0.149485
0.0132739
0.171441
0.280982
-0.0703723
0.143246
0.139544
0.225161
-0.0111575
-0.0561787
0.0760702
-0.00903654
0.0142066
-0.0387206
0.0127258
0.118619
-0.0280464
0.154935
0.0391042
0.393333
0.189495
-0.306945
0.239839
0.19746
0.205548
-0.0283816
-0.00981225
0.24909
-0.0901311
-0.031914
-0.000460449
-0.0105151
-0.0364452
0.154206
0.103557
-0.148865
0.137192
-0.121057
-0.0750344
0.152399
0.199588
-1.00841
0.172695
0.143109
0.121903
-0.808788
-0.608916
0.194135
0.0122064
0.137843
0.110831
0.227214
0.192569
-0.11174
-0.181016
-0.157156
0.134874
-0.0463519
0.209557
-0.194716
0.150576
0.157541
0.143489
0.195942
-0.0961932
0.154774
0.19783
0.122826
-0.0368369
0.11029
0.133956
0.198237
1.0
0.0
-1.0
0.0
1.0
1.0
0.0
1.0
0.0
1.0
-8.0
1.0
-1.0
0.0
