3
1
1
50
0.0266703
-0.0388719
0.380932
1.89967
0.107708
0.134994
0.252359
1.4661
0.0379443
-0.0012818
0.394179
1.95688
0.181655
0.209791
0.341691
1.83809
0.118282
0.0814148
0.388713
1.88321
0.237549
0.0306648
-0.300028
1.99465
-0.0772499
0.395564
-0.538833
1.9066
0.407001
0.0880833
-0.262198
1.85941
-0.0706886
-0.0808036
0.343484
1.68499
0.314692
-0.0727328
-0.366533
1.85579
0.194374
-0.280772
-0.502514
1.92412
-0.0153996
-0.0332395
0.391629
1.85479
0.323464
-0.0377903
-0.352858
1.85709
0.390005
0.0204048
-0.269872
1.89695
0.378992
0.100188
-0.295714
1.8353
0.105007
0.324535
0.246923
1.43146
0.356166
-0.11463
-0.333928
1.83119
0.0539367
-0.650815
0.234202
-0.691021
0.182191
0.232051
0.343587
1.87026
0.0226163
-0.0227682
0.335848
1.67791
0.426054
-0.0378558
-0.239749
1.83384
-0.22583
-0.140641
0.223148
0.462811
0.354949
0.0970409
-0.316589
1.89048
0.368439
0.0247024
-0.310414
1.84682
0.354701
0.0161417
-0.328205
1.98262
0.0886684
0.089017
0.383875
1.91069
0.359997
0.172479
-0.304255
1.82177
-0.0298421
0.024123
0.369228
1.76541
0.333473
0.0193455
-0.33913
1.87048
0.194051
0.129644
-0.344758
1.96266
0.0179856
0.311948
0.105925
-0.105856
0.0146832
-0.0435335
0.37835
1.87952
0.34556
-0.0405855
-0.341844
1.96843
0.18791
-0.103468
-0.0228156
1.96376
0.200516
0.166461
-0.361347
1.95677
0.333899
0.0071909
-0.36261
1.99015
0.0198439
-0.109137
0.382815
1.83596
0.239082
0.133148
-0.074378
1.94149
-0.00764334
-0.0488611
0.38953
1.86583
0.0460984
-0.00704532
0.344217
1.72365
-0.0155555
-0.186767
0.390922
1.84525
0.252754
0.225453
0.22127
1.87437
0.095997
-0.00159605
0.394543
1.86594
0.18731
0.200321
-0.335967
1.95391
-0.0632203
-0.107948
0.349607
1.76364
0.210425
0.0454266
-0.409034
1.98011
0.436508
0.0142975
-0.234268
1.81847
-0.0676882
1.21931
0.289416
-1.10414
-0.0088034
-0.0869896
0.382063
1.89247
0.223559
0.148256
-0.417592
1.96278
1.17665
0.710579
1.44409
1.51497
1.35392
1.25005
0.983027
1.21716
0.848697
1.02377
0.942212
1.30434
1.03243
1.21362
1.13374
0.725213
1.06317
0.46743
1.45158
0.832269
1.2421
0.102868
1.12011
1.11043
1.12996
1.3091
1.09171
0.897447
1.05139
1.16781
0.147314
1.27258
1.10091
1.42913
1.14552
1.06897
1.08594
1.45709
1.23977
1.01448
1.06113
1.38218
1.49324
1.18947
0.973063
1.03564
1.2515
0.660317
1.26212
0.971765
1.33475
