3
1
1
200
-0.321431
-1.12198
3.26674
2.83817
-0.213964
1.22155
0.0549239
-1.36905
0.0826116
0.149102
0.00526034
-0.219282
0.0492984
0.0427235
0.0216783
-0.18327
0.0740303
0.383319
-0.00317191
-0.387687
0.125313
0.048065
0.0289409
-0.252167
0.413245
0.55552
0.04941
-0.117828
0.0199601
0.15527
0.005881
-0.248634
0.235563
0.188776
0.0101154
-0.392523
0.0145123
5.09797
-0.256814
3.94665
-0.331542
-0.526628
0.527287
1.90856
-0.243528
-0.91487
1.67923
4.20984
0.0259634
0.205828
-0.000975111
-0.194692
0.180145
3.81186
-0.149136
2.92297
0.232417
0.0567377
-0.000220563
-0.232608
-0.0944572
7.5361
-1.92346
-2.1189
0.0216842
0.264102
-0.000802532
-0.333575
0.695974
-0.342449
0.10596
-1.32163
0.0148687
0.0857576
-0.00600737
-0.131953
-0.495474
0.10068
0.407807
4.88409
0.0919353
0.245494
0.00883146
-0.334129
-0.126096
1.45863
0.00840145
-1.3466
0.0413144
0.205257
0.00591007
-0.239879
-0.0895135
3.70419
0.201238
-2.55468
0.0716572
0.125932
0.0104086
-0.226385
0.0396949
0.155673
0.000183893
-0.16131
0.0859869
0.130091
-0.00191641
-0.184448
0.207919
-0.484028
0.00708495
-0.697928
0.286152
0.212096
-0.0292402
-0.549746
0.103631
-0.313707
0.0788077
-0.652023
-0.118567
0.606006
0.685439
-2.81452
0.196846
0.194341
0.017011
-0.393863
0.089575
0.0897833
0.00566723
-0.214053
0.12381
0.251161
0.018338
-0.386207
0.303528
0.130149
0.00309412
-0.394835
-0.0212784
4.42624
-0.232911
3.36236
-0.00259409
0.292427
-0.0240598
-0.363867
1.49894
-0.0847698
0.00168071
-1.3138
0.173743
0.625994
-0.351715
-2.13606
0.0471967
-0.22408
0.0050855
-0.36054
0.0636931
0.0124251
0.0110522
-0.103109
0.0771094
0.194397
0.00170653
-0.248561
0.0717542
0.161912
0.00401221
-0.201919
-0.136106
2.42705
0.722918
0.0468231
0.486322
-0.251503
0.144228
-1.13816
0.0203503
0.159819
0.00977241
-0.225439
0.0779783
0.29983
-0.00383994
-0.326724
-0.222
2.01547
0.766136
-3.69078
-0.0748319
1.97086
1.68235
-4.20657
0.91496
0.132132
-0.0124178
-0.897692
0.0166168
0.372849
-0.000584508
-0.36876
0.00236466
0.0100153
0.0146256
-0.0601366
0.0716617
0.136769
0.00619818
-0.199257
0.0278589
0.155366
0.00187258
-0.1694
0.18851
2.27048
0.14144
3.03598
0.0789293
-0.738348
1.55493
4.29145
0.197867
0.21105
-0.0105989
-0.385022
0.00820493
0.222019
0.00536906
-0.242375
0.596172
0.514228
-0.224845
-1.82342
0.0583834
-0.333054
0.489456
2.52529
-0.0224463
0.154429
0.00936745
-0.192325
-0.0727944
4.86892
-0.47737
-3.35753
0.902608
-2.33804
-0.65244
-5.16894
-0.00218808
0.150445
0.00473594
-0.177489
0.00318847
0.205594
-0.000196334
-0.172184
-0.00571903
0.346063
0.012157
-0.345364
-0.565168
3.27763
1.09679
-2.70311
0.0616928
1.39406
-0.253297
-2.31945
0.0214045
0.204817
0.00898558
-0.239794
-0.0368851
4.28735
-0.130592
4.51111
0.199433
0.631348
0.37935
-1.92951
-0.000184394
0.119828
-0.0050058
-0.173673
0.0695155
0.176488
0.00448173
-0.256702
0.146503
0.339864
-0.000702769
-0.403829
0.00273554
0.250522
0.0146722
-0.311081
-0.317667
2.65134
0.678133
4.54335
0.0370831
0.201398
0.00596131
-0.216443
0.485786
0.15549
0.00983836
-0.617333
-0.0405339
0.222994
0.00992763
-0.253135
0.0460717
5.74318
-0.786114
2.24645
0.00525532
0.265219
0.00185374
-0.243661
0.000510278
0.0353221
-6.55994e-05
-0.0344863
-0.0502714
-1.9801
1.40647
0.514631
0.193808
-3.47876
-0.836867
-5.15583
-0.0151569
0.389528
0.0144127
-0.377955
-0.327507
0.940519
0.0845486
-1.35163
-1.07368
-0.883369
-0.0875966
5.62771
0.0182993
0.164005
0.0140197
-0.221721
0.051134
0.105093
0.0601882
-0.335908
1.08419
-1.57212
-0.420511
-3.06363
1.18451
-1.24952
-0.35713
-1.29738
0.133704
-0.447054
0.678568
1.17946
0.777265
2.58769
-0.152848
-3.32623
0.517387
2.3644
0.234749
-2.10832
0.041787
0.167863
-0.0014941
-0.228151
0.320929
-1.69717
0.024372
-2.08599
0.86822
1.12939
0.270735
1.47336
-0.376647
2.52563
-0.098557
4.4458
-0.00568966
0.140533
0.0226796
-0.215348
0.00983963
0.188866
-0.00467512
-0.180073
-0.281821
-0.852935
1.48545
3.63315
0.0591389
-3.19295
0.970063
0.834372
-0.0829229
2.57934
0.0911667
3.85484
0.00277869
0.0969375
-0.00173312
-0.18883
0.187267
0.913296
-0.0079305
-0.920965
0.0292327
0.124344
-0.00138787
-0.143198
-0.805716
2.60366
0.941614
-3.63643
-0.244994
2.56388
0.0473965
4.01746
0.201615
2.295
0.132949
3.02997
-0.0125262
2.28844
0.0359671
-1.96559
0.0188001
4.46667
0.197572
-3.01868
1.78119
2.2717
0.213523
4.57214
-0.124425
0.518198
0.475705
-2.06353
0.0163252
0.0912589
-0.0104022
-0.140628
0.00346204
0.271273
0.00120923
-0.224027
0.310478
-2.62814
0.842131
0.35506
-0.08043
4.58483
0.051945
-1.63246
0.0045327
0.210758
-0.00269771
-0.209471
0.0475319
0.310138
-7.14259e-06
-0.295261
0.267023
0.148223
0.0236916
-0.415776
0.0580144
0.148097
-0.00290733
-0.184654
0.193172
0.103945
0.0149087
-0.303239
0.0598573
0.265264
0.0266471
-0.443679
0.00450098
0.152367
0.00467906
-0.298547
0.0282334
0.167865
-0.000955129
-0.178941
0.0469635
0.188237
-0.00183868
-0.195522
0.130405
-1.46447
0.0376379
-1.73595
0.260488
-0.100843
0.0298355
-0.423261
0.36204
-0.968318
0.03575
-1.39672
-0.355688
1.03892
0.0971061
-1.5496
0.0594594
0.514313
-0.00804663
-0.500548
0.017624
0.174341
0.00369098
-0.167002
-0.243925
3.36132
-0.149949
3.35256
0.0553254
1.10095
0.27718
-1.92897
0.475035
-3.13749
0.587384
-2.04592
0.389807
0.456665
0.0298632
-0.783295
0.00399888
0.278998
0.00582239
-0.261075
0.245008
0.260433
-0.00717824
-0.471147
-0.00437749
2.56516
0.130517
3.71281
-0.0698429
-2.30608
1.23705
2.66211
0.0321682
0.165013
-0.00989886
-0.198143
-0.0131518
0.181634
0.0114859
-0.198447
-0.00955316
0.247079
-0.01784
-0.318106
-0.71861
0.822772
0.0900726
-1.66521
0.231884
0.115412
0.0186926
-0.383784
-0.208544
-0.446648
0.69688
3.73157
-0.00247253
0.301744
-0.000297504
-0.255839
-0.347686
5.1823
-1.08869
-3.21959
-0.123022
2.55267
0.0306384
4.04748
-0.0554767
-5.36188
0.127587
-3.87042
0.00898913
0.0912867
0.00167134
-0.14262
-0.750587
-0.456165
0.102784
5.20746
0.00718791
0.225812
0.00604741
-0.231476
-0.00286998
0.0832996
0.000993716
-0.1261
0.214599
0.560612
0.0786806
-0.910578
-0.00881915
-6.44283
0.699846
-2.34184
-0.156698
0.979204
0.404479
-2.23918
-0.0756371
-0.546179
0.891307
3.25497
0.0746871
-0.236219
0.246349
-1.18836
0.805541
0.914692
0.0653546
-1.17146
0.0447965
0.232495
0.015822
-0.278229
-0.204812
1.89658
1.27585
-3.93556
0.238357
2.65226
-0.44767
-4.11797
0.224159
1.18199
-4.17077e-05
-1.13469
1.48631
0.853234
-0.630243
-4.49648
0.0928018
0.372232
0.00226836
-0.387552
0.757241
-0.0203893
0.299565
-0.0140889
-0.431276
3.63557
0.925826
6.2152
-0.0718323
0.149182
0.570833
3.5741
0.11539
0.434088
-0.017481
-0.515213
0.0966089
0.0541575
-0.00214473
-0.138859
0.471086
0.700438
-0.0218243
-1.03216
-0.0883848
0.577201
0.0230744
-0.627678
0.0318958
0.195257
0.0170094
-0.274183
-0.780532
-0.565744
0.071025
5.14354
0.397558
-3.2728
-0.832504
-6.2823
0.00154231
0.343929
-0.00198468
-0.285219
0.242471
-0.982228
0.0296324
-1.29924
-0.54199
3.57794
1.16547
-1.66246
0.0457621
0.259191
0.00080819
-0.255367
0.00720548
0.0209901
0.000161069
-0.0269359
0.107962
0.381483
-0.00544128
-0.436423
0.123389
0.350602
-6.94872e-05
-0.392939
0.229978
0.164527
0.00358988
-0.356813
-0.0138895
-0.0276971
0.0144786
-0.0931776
0.28694
0.245484
-0.00323891
-0.44053
0.254584
0.0279645
0.00543408
-0.247068
0.550074
0.909385
-0.00189473
-1.24917
0.10386
0.248528
0.00606298
-0.307303
0.0337411
0.166496
3.47515e-05
-0.21255
0.0474649
0.165599
-0.000843436
-0.174675
-0.0156621
0.299979
-0.0048828
-0.308652
0.0603594
0.45978
0.00154732
-0.434673
0.0118725
0.269213
0.0028289
-0.240314
0.319065
0.551958
0.0673215
-0.941495
0.401736
1.73804
0.628272
1.62622
-0.264523
3.82923
0.727348
3.66871
0.0197407
0.303107
-0.00731166
-0.289745
0.0413916
0.0659064
0.0247453
-0.170619
0.0497127
0.203606
-0.000277766
-0.208758
-1.23734
2.15789
0.0021799
-0.00743593
-0.108593
-0.00340819
-0.12247
0.00085221
-0.0246128
2.14428
0.41666
-0.431802
0.000820138
0.53735
0.000219268
-1.89492
0.00310907
-0.406319
-0.00302348
1.83335
1.22515e-05
0.00837102
0.00186573
0.513381
-0.0343916
-0.000606129
0.00109227
-0.0109443
0.00359627
-0.0623011
2.93921
-0.0182766
-0.00243893
0.00493916
0.00407916
1.18234
-0.00483558
0.0059776
1.01384
-0.00837665
-0.00341815
-0.0236101
0.00498899
0.392089
-0.534999
0.00551986
-0.0341574
6.10619
-0.660141
-0.0160824
0.0011802
-0.0524243
0.00412982
0.00698279
0.217312
-0.597528
-0.0254744
0.00276903
0.410888
0.501193
0.00341994
-1.41045
-11.2975
-0.00123122
3.7742e-05
-0.000613908
0.391869
-3.55491
0.00581334
2.20435
-2.61157
0.000350468
-0.00993324
0.0205246
0.00704694
-1.2563
0.0021299
0.00877565
0.00593802
2.78754
0.000653802
0.00021557
1.32524
-4.16999
0.00234425
2.50764
3.02009
0.00442929
-0.0654154
-1.33939
-0.280095
0.321956
-0.330994
-0.947989
-0.00461352
0.254994
0.193969
1.45036
0.00875341
-0.000210772
-0.248129
3.67979
0.879687
-0.0117202
0.00900236
0.00495756
0.789875
1.05986
0.204637
0.00186171
1.37805
1.95357
0.411216
0.00130286
0.000766184
-0.436397
0.463279
-0.000982459
-0.00160098
-0.00827601
-0.00756661
0.00215349
-0.00120595
0.0121363
0.00236013
0.00315451
1.68035
-0.0461049
0.408896
2.56046
-0.000429268
-0.00065944
0.565218
0.00886362
0.405828
-0.084367
0.00281328
-0.0104986
0.739779
3.03224
-0.00353383
-0.000660187
0.00534886
0.286154
0.00147401
2.51373
-0.00294649
-0.821337
1.04917
-3.54992
-4.82226e-05
2.11742
0.00162961
0.00065408
-1.00843
-2.22641
1.64466
2.99118
0.00139526
0.388558
0.000199527
1.37451
-6.82485
0.975767
0.110712
0.00706594
0.138102
-5.77655
1.07072
-0.0232305
0.0229866
-0.39727
0.0295856
0.00465408
2.08739
-26.6593
-0.000566545
0.249939
0.403254
0.00309767
0.000289534
-0.00539203
0.00303997
-0.0100766
-0.0717995
0.00660296
-0.00643462
0.0138952
0.0187826
0.000497597
0.00179887
0.00973598
-0.000165173
0.0005584
-0.87505
0.477424
-1.70021
0.000281033
0.000445271
-0.00239964
6.82786
