2
1
6
100
50
1
2
1
2
-0.238482
0.0947039
0.174545
0.229248
-0.0954394
0.193446
0.104511
-0.153768
0.127613
0.033355
-0.173592
0.1384
-0.0066322
-0.325521
0.212232
-0.241331
-0.151302
0.133413
0.0414312
-0.296311
0.205168
-0.140767
-0.057992
0.170049
-0.22715
-0.0134252
0.137006
0.197891
0.0729439
0.0702345
0.0436497
-0.00283271
0.130022
-0.0474183
0.12068
-0.0942907
0.121297
-0.153789
0.150809
-0.0548813
0.3992
0.146244
-0.251252
-0.039575
0.154256
0.211124
0.244004
0.0855483
-0.12336
0.200961
-0.0680202
-0.062663
0.14139
-0.115796
0.0405902
-0.108932
0.182883
0.196575
-0.153519
0.135506
-0.201688
-0.110628
0.177572
0.109932
-0.107821
0.124427
0.00704479
-0.0378376
0.141322
0.0314229
-0.175114
0.173901
-0.0857845
-0.05782
0.18204
-0.262859
-0.208078
0.214969
0.135925
-0.131462
0.14965
0.064261
-0.0458481
0.00333384
-0.120318
0.350126
0.0960348
0.00183108
-0.114962
0.182161
0.272299
-0.112987
0.217414
0.158273
-0.183777
0.147097
-0.354566
-0.0623996
0.172893
-0.0721845
0.0127339
-0.115413
-0.33156
-0.217307
0.174005
-0.0603616
-0.121638
0.163856
-0.156217
-0.108607
0.170863
0.166834
-0.0893737
0.155362
-0.143316
0.222215
-0.0831
-0.313839
-0.0278702
0.182842
-0.00908073
-0.103917
0.158707
0.11246
-0.130566
0.135142
0.0414774
-0.261309
0.193333
-0.144725
0.174503
-0.0635283
-0.101772
-0.0715467
0.166704
0.154626
-0.112589
0.141841
0.181498
0.0326217
0.176296
-0.0475915
-0.0868525
0.179395
0.093262
-0.00435537
0.122745
0.0970085
-0.0925216
0.114232
-0.00214472
-0.271128
0.176333
-0.0685195
0.0806093
-0.0703822
0.136703
-0.0992911
0.120822
0.168244
-0.0911289
0.154877
-0.095894
0.172709
-0.0560414
0.214613
-0.126187
0.204085
-0.126717
-0.084994
0.160499
-0.168168
-0.165406
0.186852
-0.0658777
-0.0683812
0.190869
0.143763
-0.17903
0.143343
0.466432
0.0679679
0.287314
0.152237
-0.120198
0.162856
-0.00118612
-0.192119
0.16785
-0.0137051
-0.152038
0.20093
-0.0504727
-0.157829
0.191198
-0.103813
0.0150196
-0.0888695
-0.270563
0.00256574
0.139915
-0.164239
-0.11201
0.170681
0.150361
-0.0957455
0.148439
0.00639256
-0.319832
0.203065
-0.0130009
-0.155415
0.200088
0.254777
0.140105
0.117682
-0.024279
-0.0916782
0.193532
-0.127407
-0.167549
0.199784
-0.0270032
0.00590893
0.0967392
-0.0549261
-0.0805999
0.184729
-0.00672197
-0.29341
0.191341
-0.0854403
-0.0500212
0.192076
0.0495451
-0.18202
0.163319
0.370538
0.383122
0.162427
-0.00836953
-0.26562
0.173207
-0.141384
-0.0280477
-0.122547
0.172267
-0.143448
0.152552
0.157115
-0.102611
0.197443
0.0864676
-0.0649959
0.102296
-0.361581
-0.365034
0.194217
0.143966
-0.138852
0.143519
0.0867095
-0.0870555
0.0941813
0.17007
-0.193041
0.069987
-0.390558
-0.318605
0.2094
-0.316462
-0.377791
0.141877
-0.342396
-0.343726
0.181236
0.148176
-0.123845
0.140202
0.0751086
-0.203853
0.182374
-0.037492
-0.128417
0.183818
-0.31961
-0.193115
0.157288
-0.254748
-0.11012
0.143045
-0.318445
-0.203724
0.16295
-0.0454136
-0.139268
0.166936
0.232175
-0.126651
0.142135
-0.232752
-0.12349
-0.000705859
-0.204262
0.000948851
-0.00859559
-0.0310035
-0.171305
-0.121038
-0.065445
-0.0129568
0.0975073
-0.208093
0.199681
-0.0967407
-0.047048
0.0230596
0.0284127
-0.223942
-0.0844379
-0.0992586
-0.224374
-0.0608609
-0.0684162
-0.160872
-0.277781
-0.140686
-0.0503304
0.243583
-0.141593
-0.153152
-0.165642
-0.188569
0.0788962
-0.0223025
-0.111088
0.101085
-0.270373
-0.0853937
-0.0525531
-0.230971
-0.210912
-0.215281
-0.0192606
0.000275638
-0.132643
-0.165314
-0.168149
0.0992045
-0.0525671
-0.0413174
-0.240286
-0.267598
-0.117803
-0.1446
-0.0737668
-0.0213046
-0.0844516
-0.288214
-0.0868278
-0.243574
-0.151595
-0.297177
-0.0502397
-0.0604577
0.0095248
-0.282088
0.00591675
-0.0796362
-0.0760133
-0.238948
0.0992445
-0.00273775
-0.166911
-0.0053744
-0.198555
-0.227171
-0.100324
-0.198307
-0.0648787
-0.0603234
-0.0156325
-0.264814
-0.315619
-0.0641445
0.0356444
-0.103849
-0.047932
-0.239786
0.00300419
0.0941143
-0.139184
-0.130448
-0.169679
0.0245402
0.0813422
-0.0769266
0.0764662
-0.111719
-0.0642823
0.00861054
0.196655
0.00279784
0.19388
0.1189
0.152103
0.327209
0.235945
0.0365695
0.206024
-0.0545699
0.155155
-0.051695
0.119247
-0.14381
0.0420635
0.0989572
0.097572
-0.0280016
0.110743
0.0998446
0.153082
0.0640481
0.140528
-0.0284842
0.169394
0.177703
0.140875
0.00744163
-0.263949
0.207699
-0.128724
-0.0103134
0.135958
-0.00948869
0.222252
0.198925
0.137499
-0.0759967
0.00691621
0.11473
-0.0419983
-0.0479132
0.181286
0.091269
0.0596418
-0.091617
-0.0795098
0.208256
0.0196624
-0.0208622
0.115722
0.0117972
-0.136066
0.0392161
0.266849
-0.0726034
0.20178
0.0497401
0.0914961
-0.0219733
-0.161676
0.224249
0.13259
0.0844616
0.251137
0.00697023
0.0566974
0.234977
0.23642
0.158012
0.276485
-0.0401803
0.264593
0.201649
-0.0147897
0.113047
0.121067
0.174776
0.185797
-0.0914569
0.177626
-0.0672709
0.156887
0.0142787
-0.0103886
0.253586
0.0435351
0.171414
-0.0134835
0.145608
0.336629
0.0965382
-0.0249438
0.177336
0.11377
0.247628
0.211118
0.244635
0.0827505
0.0361766
0.215756
0.154756
0.0528463
0.059332
0.152469
0.228646
0.0658974
0.333687
0.0380683
0.252349
-0.0801795
-0.0955425
-0.0727025
0.0548157
-0.25474
0.0151781
0.127548
-0.0293055
-0.012116
0.0410322
-0.0656988
0.0424658
0.0718293
0.0817897
0.0542742
0.143083
0.178476
0.123293
0.0715211
-0.234216
0.138116
0.0379257
0.0511137
0.306954
0.0705685
0.156019
0.293817
0.165037
0.192112
-0.0379094
0.0812793
0.0505664
0.184566
0.166657
0.191869
-0.0253428
-0.0187614
-0.0086746
-0.00661631
0.18418
-0.0182859
0.155008
-0.00767108
-0.0122218
0.0768474
-0.0677802
0.0601739
0.127596
0.174028
0.255103
0.223869
-0.0136251
0.211565
0.111046
0.0851734
0.300299
0.0687522
0.332559
-0.0255254
-0.0261562
-0.0267897
0.0997496
0.000186423
0.259847
0.290545
0.208376
0.177552
0.239795
0.171711
0.157615
-0.0745595
0.191491
0.0869831
0.0213658
-0.00938337
0.0588275
0.220178
0.131121
0.017333
0.189786
0.396627
0.285285
0.3087
-0.0121076
0.000583091
0.233643
0.234083
0.248997
0.282536
0.109415
0.0156901
0.209809
0.164293
0.0434285
0.0401815
0.162918
0.147289
0.200906
0.0579168
0.0899758
-0.0216356
0.054432
-0.00682135
-0.00834783
0.23539
-0.0432992
0.178705
-0.153017
0.170049
0.0842747
0.158178
0.0994366
-0.0537221
0.187648
0.137895
0.0170843
0.182765
0.181671
0.113006
0.0905278
-0.047887
0.171411
0.0869546
-0.0116616
0.0912047
0.147189
0.279279
0.060018
0.189048
-0.0326702
0.082054
0.170295
0.218918
0.0577527
0.00752865
0.156125
0.0392266
0.131966
0.106516
0.196424
0.0370359
0.0633369
0.128948
-0.112453
-0.0976957
0.131126
0.194726
-0.0528084
0.0747985
0.156372
-0.0297984
0.0899076
-0.0191473
0.113633
0.0657092
0.00652722
0.128841
-0.0727002
0.174153
0.225684
0.000451029
0.210175
0.197958
-0.180607
0.207032
0.163802
0.0648484
0.130855
0.231581
0.241746
0.0630768
-0.252072
0.0698407
0.0224959
-0.0513008
0.139124
-0.0656115
0.264043
0.0852998
-0.0824324
-0.0719276
0.321014
0.226506
0.171065
0.156081
0.130188
0.206874
0.269675
0.209781
0.139961
0.175008
-0.111607
0.20557
0.0445289
-0.148958
-0.253444
0.0150338
-0.133893
0.134728
-0.29241
-0.0389391
0.0167323
0.0436526
0.0706304
0.165611
-0.0984321
0.163428
-0.0970766
0.012908
0.0858694
-0.00822805
-0.15234
-0.011381
-0.0169795
0.0196026
0.0358387
-0.0259451
-0.0372585
0.155551
-0.0101628
-0.152903
0.119373
-0.050049
-0.100078
-0.10146
-0.0146109
-0.0152949
0.100997
0.100808
0.23077
-0.0571192
0.0583913
0.120186
0.0672923
-0.217622
-0.105052
0.0227808
0.0240604
-0.0778126
0.0353883
-0.134457
0.0568354
-0.169422
-0.0948543
0.0511142
-0.111919
-0.0302748
0.135653
-0.064107
0.161044
-0.010711
0.0382446
0.0114121
-0.0849167
-0.0911142
-0.129723
0.126395
0.143786
0.0333323
0.245095
0.0212005
-0.0719524
-0.176996
-0.0597723
-0.009572
-0.00994326
-0.067685
-0.0528602
0.0353703
-0.0440241
0.0668428
-0.200222
0.13554
-0.153528
0.0332555
-0.287997
-0.245726
-0.0382746
0.0669191
-0.156524
-0.218755
-0.00468033
0.157486
0.0154036
0.0933456
-0.146434
0.0341312
0.181317
0.178858
-0.0353403
0.060027
0.0195166
-0.154515
0.146843
-0.0589417
0.123343
-0.0448779
0.0884019
0.00728631
-0.110714
-0.077402
0.0872397
-0.0459836
-0.0438018
0.0330204
-0.0496251
-0.113469
-0.14924
-0.163417
-0.0790587
0.0701946
-0.138069
0.0379319
-0.0246192
0.0445375
-0.122868
-0.0780474
0.0221808
-0.107157
-0.00571676
0.0345782
0.0786628
-0.0275175
-0.110145
-0.0364405
-0.0141736
0.0911108
0.0312517
0.0386969
-0.23247
-0.104276
0.115378
-0.0570526
-0.208858
-0.0898352
-0.131112
0.12066
0.0880088
0.0894755
0.0557805
-0.10447
0.100128
0.138239
-0.142799
0.00370811
0.104638
-0.109716
0.0641508
0.0498978
-0.100317
0.00604049
-0.0510036
0.0799496
-0.0891436
-0.0547396
0.160331
-0.0460893
-0.0786298
-0.0874888
-0.0528605
-0.119677
-0.0553609
0.00456257
-0.13098
-0.0662136
-0.183785
-0.0113293
0.00784164
-0.120709
-0.173369
0.0765841
-0.00810302
-0.0017787
-0.103175
0.0730781
-0.00596926
-0.0238604
0.0947799
-0.0410593
0.0502081
-0.0404081
-0.0376397
-0.0319694
-0.00190869
-0.0991236
0.0900439
0.0739628
-0.122736
0.0274573
-0.215993
-0.103981
-0.0470503
0.0130183
0.0704481
0.0629836
0.21225
-0.0220181
-0.0340044
0.137574
0.158427
0.21686
0.145346
0.196217
0.125661
-0.10857
0.0905317
-0.0203209
0.042146
-0.255083
0.23083
-0.162621
0.0199226
0.0820659
0.0453783
0.0380419
0.274415
0.106516
0.0800493
0.17259
0.0211498
0.163533
0.0903605
-0.0637828
-0.280672
0.046182
0.0170139
0.0760354
0.0218475
0.191507
0.162538
0.133292
0.207517
0.012067
0.10585
0.134992
0.0821981
0.0589158
0.239453
-0.0114472
0.149324
-0.0314093
0.0519678
0.299931
0.1979
0.0777078
0.110905
0.193583
-0.0175399
-0.12402
0.0409564
0.104988
0.105735
-0.0171995
0.15906
0.163099
0.10424
0.0679542
0.0838009
0.295497
0.169178
0.0457081
0.102443
0.267202
0.0944935
0.117739
0.1712
-0.0577623
0.0637356
0.266356
0.0361976
0.153705
0.169232
0.202544
0.147464
-0.106147
0.149304
0.129453
0.00264553
-0.0427045
-0.0364101
0.159163
0.0498274
0.130646
-0.052889
0.0986276
0.341675
0.219685
0.0828769
0.247247
0.107736
0.165897
0.237244
0.274829
0.165996
-0.0152792
0.210252
-0.107329
-0.0860635
0.0211424
-0.0916623
-0.00597787
0.019224
-0.141023
0.0139187
0.135002
0.00497778
0.0725456
0.000870366
-0.0997997
-0.150834
0.00597724
-0.0928641
-0.101826
-0.197673
-0.0376413
-0.083912
0.0390629
-0.0677665
-0.114758
-0.140128
-0.021552
-0.0687087
-0.107368
-0.152402
0.0521277
0.0133569
0.0823756
-0.0561413
-0.0703364
-0.0941325
0.103688
-0.19347
-0.0212834
-0.0484874
-0.175106
-0.150238
0.124975
-0.117287
-0.0294494
-0.0596332
-0.0381878
0.0597161
0.0366737
-0.00230674
-0.0778867
0.041135
0.0779735
-0.0079633
-0.0332797
0.152858
-0.121333
0.11241
0.0429728
-0.11773
-0.142553
-0.0310732
-0.0780442
0.133879
0.178734
0.0188401
-0.118903
0.00276209
-0.0900489
0.0238303
-0.00519612
-0.139127
0.0105206
-0.00256567
0.0862128
-0.0052056
-0.184926
0.101573
-0.0146012
-0.0547584
0.0716382
-0.0397111
0.0890978
0.0274126
-0.0498346
0.0223646
-0.0735053
0.13385
0.0500213
-0.0527467
0.0447953
-0.054255
-0.151315
0.0845054
-0.0321986
-0.128562
-0.0469065
-0.0768085
-0.0604081
-0.0173344
0.0248985
-0.0182969
0.0898141
-0.103522
-0.0658196
0.0373852
-0.0327655
0.00765966
-0.0676767
-0.0353334
0.00144485
-0.12084
-0.11536
-0.00207424
-0.0267714
-0.0312918
0.0949382
-0.228721
-0.129785
-0.0252976
0.0523166
-0.148854
0.121355
0.0416393
0.0493607
-0.152258
-0.0928478
0.0143562
0.149506
0.0512322
0.150901
-0.0911493
-0.0133398
-0.190937
0.0872178
-0.127704
0.0253068
-0.0352308
0.143745
0.125387
-0.03301
0.00248388
-0.0933527
0.123394
0.0340637
-0.164892
-0.0109199
-0.136664
0.0321723
0.0705732
-0.0653502
0.0902057
-0.144106
0.00639819
-0.122617
-0.110695
-0.0822337
-0.103215
-0.0291593
-0.025436
0.137416
0.0107978
0.0480691
0.0185658
-0.00791468
0.0524886
0.0814463
-0.140049
-0.00246998
-0.0139438
-0.00977711
-0.128565
0.035177
-0.202886
-0.114897
-0.027881
-0.0928949
0.0111289
0.0305429
0.00704372
-0.0166044
0.0071132
-0.151485
-0.0366514
-0.0590138
-0.141012
-0.164494
-0.195909
0.0978525
-0.0826906
0.072194
-0.0563341
-0.209275
0.012876
0.0293614
0.0891649
0.0848248
-0.078417
0.164858
-0.103205
0.0859983
-0.123839
-0.0486273
0.0647536
-0.0432476
0.279739
0.150068
0.0639695
-0.0324443
-0.233013
0.101772
0.0676703
-0.115013
0.15784
0.0190619
-0.0229085
0.0347538
-0.052403
-0.196141
-0.00754237
-0.123156
-0.012873
0.30606
0.236424
-0.126578
0.283992
0.0417844
0.156174
0.113869
-0.0190715
0.116118
0.0366732
0.101789
0.0801951
0.0560628
0.266465
0.0199351
0.0368344
-0.353625
0.169255
0.144464
0.150206
-0.136749
0.0602804
0.0951213
0.111855
0.133185
-0.0948498
0.0832636
0.146407
0.215404
0.13221
-0.0317877
0.213864
0.09918
0.0535122
0.216432
0.216135
-0.171768
0.271928
0.100581
-0.14191
0.113769
0.196569
0.152796
0.157474
0.0984301
0.0257139
0.00589055
-0.129132
-0.0599692
-0.00342684
0.146622
-0.0286844
0.00167951
0.04559
-0.0765547
-0.0940451
0.17842
-0.00563392
0.170868
0.133505
0.0405363
0.312042
0.0808693
-0.188729
0.366664
0.182159
0.0438537
-0.215948
0.0731231
0.140138
0.194241
-0.305015
-0.328389
-0.347777
0.246715
0.0682013
0.0707948
-0.276624
-0.266085
-0.0976564
0.226921
0.306152
0.136051
-0.0723096
0.110527
0.0732876
0.162465
-0.1155
0.0216216
0.0940685
0.148705
-0.136711
-0.18768
-0.131747
-0.132307
-0.053755
-0.10392
0.0166926
-0.117136
-0.0654169
-0.0365477
0.0379982
-0.233846
-0.189562
-0.1024
-0.103639
-0.121701
-0.165215
0.117201
0.149305
-0.137211
-0.0314926
0.0856518
-0.172861
0.153974
-0.0203982
0.128503
0.0194917
-0.0676618
-0.107521
0.0569888
0.0309705
-0.0227865
-0.102505
-0.037202
-0.0896404
-0.0699397
0.0559824
-0.209741
0.0860684
0.0623944
-0.0873626
0.110753
-0.0103764
0.100095
0.11991
-0.00938479
-0.0301732
-0.123905
-0.0880037
0.00964428
-0.081084
-0.0387098
-0.0793161
-0.0641232
-0.074587
-0.150485
-0.202936
0.0852232
-0.217026
0.0895819
0.013164
-0.0433816
-0.08375
0.0394817
-0.0568211
0.0992194
0.148613
-0.0637674
-0.106174
-0.0649183
-0.0406557
0.0375165
0.0847779
0.0165244
-0.177174
-0.178675
-0.153202
-0.110219
-0.0345691
0.0582351
-0.0549535
0.0731485
-0.04554
0.00759905
-0.0673994
0.0410643
-0.199662
0.000340545
-0.163441
0.0912701
-0.109142
0.146309
0.0549809
0.0164792
0.322322
0.258106
0.0934761
-0.105663
-0.432362
0.0292647
0.092066
-0.0616404
0.258071
0.256727
0.135589
0.207574
0.167572
0.0577412
0.365515
0.0973435
0.279457
0.274105
0.412327
-0.263339
0.164598
0.194434
0.198158
0.112433
-0.421627
0.322371
0.24997
0.097546
0.0696638
0.387208
0.31718
-0.289778
0.038938
-0.486882
0.173777
-0.173992
0.32259
0.282649
-0.251231
0.0441566
0.188669
0.055711
0.0832374
0.163392
0.309917
0.228789
0.256205
0.118993
0.225802
-0.0438083
-0.00305604
0.273059
0.227234
0.26679
0.438792
0.00949123
-0.316055
0.088525
0.102736
0.185525
0.184886
0.101396
0.1125
-0.0191585
0.178809
-0.205951
-0.119405
0.185054
-0.00795561
0.0882011
0.263918
0.0186541
0.0163734
0.164701
-0.0379336
-0.0442864
-0.0103021
0.069894
0.255169
-0.02884
0.00550968
0.354539
0.27321
0.107869
-0.612531
0.208101
0.150901
0.146111
-0.369441
-0.663829
-0.490298
0.315473
0.192749
0.194939
-0.323598
-0.334225
-0.449918
0.217164
0.21501
0.20097
0.110307
0.0540057
0.0272465
0.0283046
0.18688
0.151589
0.0825831
0.0399446
0.267264
-0.0527922
-0.02067
0.00579196
0.0960843
-0.0531327
0.209146
0.105581
0.0122382
0.0439001
0.184884
0.199972
0.158601
0.136484
0.0769058
0.153562
0.166505
0.314884
0.0486957
-0.080967
-0.0655908
-0.00374097
0.149152
-0.020811
0.215903
-0.00808718
0.0246406
0.0502407
0.106811
0.122967
0.112831
0.130771
0.0770132
0.154544
0.299423
0.106609
0.048745
-0.0981985
-0.0957972
0.0170015
-0.0575332
0.149835
0.265139
-0.0715435
0.0757621
0.0963914
0.0451495
0.188918
0.173351
0.189099
0.147972
0.138308
-0.0217692
0.00339249
0.0610363
0.0477246
0.0834257
0.13777
0.24399
0.276761
0.184242
0.193819
0.0490879
-0.066336
0.0682502
0.0554692
0.0890923
0.0715107
0.126939
0.124928
0.172475
-0.0264221
0.103909
-0.135678
0.127489
0.166655
0.027952
0.360156
0.0548454
0.100521
-0.00482232
0.267016
0.23047
0.392774
0.219545
0.142371
0.241471
0.125732
0.277809
0.391796
0.128028
-0.0411352
0.204138
0.0533098
0.0556237
0.294552
0.0574399
0.126285
0.0958227
0.347513
0.0292216
0.214544
0.000259119
0.124499
-0.0231713
0.28719
-0.0862435
0.0215599
-0.121178
0.046094
0.15035
0.188809
0.0619537
0.233555
0.0966017
0.0487883
0.199222
0.176483
0.189213
0.238455
0.138008
-0.207172
0.198011
-0.0651578
0.113876
0.211845
-0.0548476
0.302241
0.090903
0.0628485
0.185031
0.0937253
0.136924
0.142566
0.00501355
0.349979
0.140097
0.138863
0.0950973
0.134441
0.242485
0.19132
0.155716
0.202771
0.0801276
0.148055
0.0370577
0.0847896
0.0143783
0.107822
0.10417
0.127228
0.121679
0.121103
-0.0321586
0.0729476
0.148036
0.103627
0.0153251
-0.0247811
0.147275
-0.0578642
0.238695
0.146206
-0.143588
0.169167
0.144753
0.128915
0.090771
0.232928
-0.00289027
0.21712
-0.0596454
0.203159
0.0444191
0.164638
-0.0699509
0.121348
0.12858
-0.104986
0.0268575
0.0723424
0.296837
0.375969
0.256079
0.0355054
0.205303
0.112831
0.215946
0.139518
0.359214
0.189534
-0.0195684
0.205705
-0.19227
-0.0147347
0.0229775
-0.0963527
-0.0540004
-0.0753266
0.101752
0.0148346
0.0264978
-0.0409858
-0.130652
-0.0148528
-0.185586
0.0091438
-0.0732394
0.00694697
0.118897
-0.116389
-0.015847
-0.00148305
0.0303293
-0.175481
-0.108195
-0.0472461
0.0884661
0.0167855
-0.0985498
0.0607351
0.0681889
-0.0273332
-0.0718161
-0.0228207
-0.0908042
-0.0626149
-0.125313
0.122014
-0.0297742
-0.0333565
-0.0976913
-0.159104
-0.0679684
0.0696056
-0.103659
-0.0348893
-0.113335
0.0695529
-0.0525971
-0.0758312
0.150719
-0.091948
-0.0668418
-0.142778
-0.0676597
-0.137407
-0.0370977
0.192062
0.0935478
0.0126839
0.0217902
-0.0211466
0.127516
-0.0639699
-0.0732494
-0.0748591
0.00203449
-0.0356589
0.0220141
0.106552
-0.177677
-0.0230704
0.102557
-0.0191707
-0.114323
0.0808093
-0.104111
-0.0330596
0.0535211
-0.102372
0.0016575
-0.0514001
-0.0333232
0.121889
-0.103835
-0.205642
-0.0699227
-0.000616184
0.0971851
-0.0976887
0.0774013
-0.0742259
-0.0856006
-0.193899
0.0698907
-0.0578544
0.109689
-0.000953194
-0.0110996
-0.0181984
-0.0450837
0.0541464
0.0754952
0.0996228
-0.126696
0.238705
0.104334
0.199254
0.403503
0.0908271
0.18904
0.0250368
-0.0593204
-0.0526494
0.151564
0.166581
0.00436087
0.27912
-0.111884
-0.049047
0.213458
-0.0111175
0.0242424
0.255234
0.050041
0.0622991
0.0769672
0.302712
0.268761
0.163182
0.088306
-0.167232
0.17576
-0.00918164
0.158293
0.0667205
-0.0176095
0.28231
0.207624
0.0538039
0.0208816
-0.109742
0.0635018
0.250324
-0.0871122
0.0748436
-0.00579444
0.112448
0.0489418
-0.115383
0.0735871
0.00693437
0.165151
0.16532
0.0979714
0.119663
-0.132985
0.0338809
0.227614
0.0753656
0.145346
0.219463
-0.017703
-0.0419433
-0.0215069
0.274845
0.197062
0.00174936
0.139539
0.17777
0.083813
-0.000817547
0.179738
0.199977
0.0347347
0.0792817
0.157056
-0.0646716
0.204965
0.199306
0.0571749
0.0857821
-0.138575
0.192829
-0.0700012
0.00946509
0.224451
0.155866
0.387526
0.176569
0.0195531
-0.0586155
0.204449
0.333713
0.197652
-0.0230141
0.0893259
0.175781
0.102304
0.232169
0.228152
0.097363
-0.0476135
0.210777
-0.187752
-0.130078
0.102771
0.00703406
-0.0300236
-0.0484728
0.0258212
0.00426781
-0.0225529
0.0320555
-0.0268385
-0.19725
0.0797901
0.0295823
0.0222409
-0.0219133
-0.103256
-0.0549072
-0.0392352
-0.0897236
-0.00568643
-0.146913
0.000120644
0.0703461
-0.0213982
0.0630429
-0.0213213
0.016782
-0.0325812
-0.019754
-0.0253136
-0.0377121
-0.0115391
-0.129012
-0.0109874
0.0728501
-0.0643772
0.00864848
-0.00191249
-0.209866
0.0272381
0.120018
0.047914
-0.2235
0.126203
-0.0797883
-0.102611
-0.0781779
0.0212073
-0.104745
0.0639232
-0.166175
0.158797
-0.154146
0.0423057
0.0277012
-0.000845017
-0.140925
-0.0399368
0.0388724
-0.200801
-0.13793
0.032801
0.0755836
-0.046173
-0.0754082
-0.0993444
0.0908672
0.019438
-0.0379335
-0.0233613
-0.0173664
-0.156535
-0.0119993
0.0106854
-0.0243783
-0.0450923
-0.0852313
-0.0268278
-0.198478
0.0863175
0.0140328
0.0500945
0.0857436
0.0920098
-0.121786
-0.0966413
-0.153881
0.0138852
-0.134804
0.0796204
-0.131345
-0.033887
-0.0857773
0.0474185
-0.052272
-0.125212
0.00420265
0.0786826
0.00665512
0.0651173
-0.120113
-0.121196
0.0688543
-0.0271162
-0.200991
0.120466
-0.0881264
-0.0313516
-0.0965013
0.0369162
0.0501622
0.0046936
-0.139223
0.00367072
-0.0946236
-0.0857549
0.0210401
-0.025155
-0.0280393
0.0952994
-0.128274
-0.0192134
-0.0615989
0.115116
-0.0807416
-0.0639871
-0.0439162
-0.0126761
0.159829
-0.051707
0.0266171
0.0722513
-0.0445953
-0.0722139
-0.00574853
-0.0125953
-0.101825
0.137575
0.0215286
0.0744697
-0.00156631
0.0806204
-0.0785252
0.018993
-0.218872
0.00184241
-0.129052
0.0532885
-0.0513248
0.165275
0.132517
0.063178
-0.108761
-0.0993498
-0.0276292
0.00226036
0.0516047
-0.00179938
-0.129275
-0.0165003
-0.120098
0.0366921
-0.0939955
-0.0757592
-0.0613946
-0.105037
-0.148092
0.0417372
0.100065
-0.0367697
-0.00282786
-0.0273772
-0.0127278
-0.156602
-0.200017
0.0293581
-0.00731394
-0.061606
-0.127647
0.00136908
0.161857
-0.0320571
0.0603244
-0.0177359
-0.141093
0.0696366
0.0411965
0.0152058
0.0433906
-0.0228477
0.0402762
-0.0364874
0.0097867
-0.0630382
-0.0748285
-0.00187395
0.0361212
-0.0342515
0.0100244
-0.050023
0.0744172
0.105425
0.126749
0.0401059
0.206833
0.162558
0.203991
0.0813939
0.0882963
0.0905144
-0.101183
0.0541064
-0.00769129
-0.0525418
-0.0869484
0.260432
-0.15902
0.0342147
0.01998
-0.0479001
0.175529
0.0631431
-0.0402424
0.0459873
0.175503
0.236041
0.188227
0.164032
-0.207375
-0.148126
0.0417486
-0.0865708
-0.0238436
0.0951716
-0.0333514
0.231329
0.112268
0.201953
0.106564
0.198534
0.0980212
0.0197612
-0.0480446
0.207814
0.0859743
0.323334
0.0283756
-0.19048
-0.0211059
0.126598
0.0812934
0.283838
-0.0821151
0.0404689
0.158379
0.170722
0.182041
0.162899
0.106783
0.0103854
0.0153403
-0.0691286
0.0708705
0.129863
-0.0205541
0.289691
0.0827518
0.174803
0.209576
0.0618494
0.296151
0.206594
-0.209716
-0.00847106
0.0356546
0.123134
-0.0444554
0.102121
0.212166
0.0426543
-0.184088
0.107367
-0.0518245
-0.019823
0.0672178
0.128715
0.26435
0.177258
0.110067
0.0613176
0.31676
0.305481
0.306822
0.0702691
0.0990592
0.157635
0.14981
-0.00590035
0.332134
0.237275
0.138534
0.205576
0.178796
0.128626
0.127854
0.0250468
0.303658
0.190882
0.33219
0.154679
0.0777671
-0.115636
0.158377
0.00964415
0.0340738
-0.228416
0.153688
-0.0620403
0.0328882
0.0942203
0.194036
0.0743445
0.0447847
0.0612586
-0.0718363
0.120481
0.163798
0.221997
-0.0206641
-0.138566
-0.155885
0.26079
0.0474681
0.210394
0.0169507
0.0851496
0.294199
0.0447167
0.0511427
0.167178
0.0374732
0.257692
0.0929635
0.180011
0.172161
0.0107324
0.189014
0.00636028
0.044016
0.194708
0.0428065
0.119589
-0.0371041
0.102868
0.202251
0.204649
0.0463999
0.0259534
-0.0354995
0.243072
0.227689
-0.0573299
-0.0390157
0.207553
0.0728583
0.00246041
-0.0359041
0.00800065
0.0970339
0.122174
0.0272365
0.214325
0.220416
0.117517
0.283206
0.228654
0.157942
0.108126
0.114813
0.0193638
0.0998686
-0.257665
0.178859
-0.0153227
0.121159
0.102595
-0.143477
0.108511
0.0368273
-0.0216044
0.218677
0.218999
0.283505
0.272654
0.0442447
0.18891
0.113841
0.272005
0.222586
0.186328
0.0870029
-0.118267
0.217369
-0.12963
-0.0327935
-0.0585781
-0.110428
0.0208221
0.112201
0.0467527
-0.053666
0.0032508
0.0413254
-0.048761
-0.0577032
-0.091481
0.0555188
0.0282845
0.139354
-0.192541
0.125455
0.00871252
0.0509594
-0.0896934
0.101553
-0.14658
-0.0421327
-0.0187803
0.150058
0.0913025
0.0397814
-0.152751
-0.0313427
0.00413156
0.0130742
0.0615798
0.00761018
0.108639
-0.1215
-0.0442622
-0.0894156
-0.0526721
0.0773921
-0.155698
-0.0374416
0.0954427
0.012837
0.0241925
-0.0175037
-0.0257094
-0.0480351
-0.160518
0.0836659
-0.0762894
-0.0227996
-0.000795838
0.109059
-0.0387319
-0.135623
0.0338563
0.0652603
0.0822681
-0.0410604
-0.0607636
0.0228584
-0.0271263
0.107001
-0.183896
-0.0301488
0.00173563
0.149849
0.0827063
0.019751
0.0494388
-0.0126393
-0.155692
-0.113348
-0.0473265
0.0525838
-0.0835984
-0.023085
0.00207662
0.0490131
-0.0473032
-0.0600827
0.0469494
-0.180865
-0.166992
-0.0825296
-0.0802394
0.0612388
0.0301469
-0.084253
-0.106504
-0.0499058
0.0257542
-0.119913
-0.172389
-0.0720786
-0.203214
-0.0696426
-0.0879705
-0.0807498
0.0708856
0.137987
-0.0234844
0.109463
0.285079
0.181853
0.201548
0.182437
0.117121
0.0693264
-0.0309699
0.004591
-0.00777568
0.065594
-0.138023
0.249525
-0.0029615
0.19512
0.0852655
0.134925
-0.056533
0.122258
0.0906532
0.127293
0.238501
-0.0725689
0.163877
0.00713384
-0.0921689
-0.0745808
0.0536588
-0.1245
-0.00691063
0.233517
0.0411147
0.223619
0.0403197
0.198274
-0.124661
0.232274
0.107814
0.210945
0.0839006
0.193945
0.112854
0.21455
0.0341446
0.175569
0.120255
-0.0390049
0.0132377
0.191056
0.19938
0.140853
0.0381409
0.0542245
0.0113958
0.0418791
0.0953744
0.273514
0.0478906
-0.170198
0.225523
-0.0283986
0.206362
0.284638
-0.145365
0.19636
0.0294131
-0.107305
0.301142
0.117772
0.0471146
0.120706
-0.0161603
0.0383535
0.0194856
0.207552
0.242369
0.0464269
-0.314437
0.207538
-0.08008
0.110589
0.197486
-0.0358081
0.280852
0.119182
0.0412015
-0.0107888
0.214311
0.329814
0.283975
0.0175238
0.314521
0.187672
0.103382
0.103818
0.255918
-0.0127907
0.116167
0.20571
0.0966877
0.0911772
0.145575
0.110519
0.298262
0.169968
0.295507
0.0778449
0.0984633
0.0385339
-0.0130081
0.0276503
-0.0823991
-0.193121
0.133149
-0.122109
0.228607
0.0248139
0.0788638
0.0214521
0.0440107
0.0568431
0.161149
0.283435
-0.0237225
0.283785
0.171272
-0.0292131
-0.0167002
-0.07777
0.0651154
0.171787
0.0863768
0.0998669
0.314349
0.119126
0.106259
-0.00155153
-0.126044
0.216279
0.213162
-0.0529434
0.276439
0.0571931
0.152351
0.0789892
-0.0481152
0.209937
0.0524213
0.119076
0.170167
0.0117651
0.0565923
-0.0538721
0.0452731
-0.0231523
0.25334
0.102902
0.151062
0.0737733
-0.129012
0.0852121
0.310025
0.167396
0.0893842
0.127958
0.268778
0.258892
0.0347363
0.212566
0.0574441
-0.147359
-0.0721897
0.18191
0.100581
0.0713393
0.227095
0.172416
0.0814994
-0.206961
0.351017
0.0124595
0.106577
0.0270004
0.082112
0.252889
0.0586691
0.0736701
-0.0589632
0.329133
0.161243
0.323256
0.116661
-0.00547579
0.0754976
0.0950671
0.192907
0.226072
-0.0585671
0.0132124
0.218208
0.0407195
-0.0217677
0.027833
0.0462077
0.24161
0.199771
0.22634
0.0364409
0.14118
0.0025564
-0.0491402
-0.147536
0.162465
-0.301382
-0.0449499
-0.0689694
0.19837
-0.0365625
0.170752
0.0827296
0.226234
0.0656305
0.167778
0.176974
0.152196
0.235448
0.132245
0.0315248
-0.0535833
0.0560796
0.158026
0.132616
0.128754
-0.156253
0.330754
0.239328
0.0782843
0.155961
0.0934674
0.227552
0.0905618
0.0504426
0.154412
0.169124
0.249655
0.0484995
0.0968676
0.141551
-0.108447
0.222423
0.331702
-0.122102
0.137372
-0.0289989
0.129687
0.200767
0.20143
0.090983
0.0267457
0.0631837
-0.146765
0.0904095
0.117965
0.326914
0.276371
0.146497
0.0931838
0.0342141
-0.129302
0.079032
0.116068
-0.117445
0.211677
-0.0366805
0.218873
0.191515
0.256614
0.145164
2.05237e-05
-0.0337385
0.00340335
0.0907811
0.236236
0.220765
-0.140763
0.133857
0.0950349
0.0935014
-0.0756316
0.467219
0.417933
0.200638
0.130666
0.256145
0.0162012
0.296173
0.196694
0.244528
0.0311332
0.155157
0.203803
-0.0965987
0.125339
0.0198776
0.0803799
0.0846608
-0.10745
-0.0445945
0.126672
-0.158899
-0.0654578
-0.0612501
-0.0952907
0.00602082
0.30657
-0.000430389
0.280907
-0.0119797
-0.0687295
0.134599
0.0379571
-0.0672707
0.0345097
-0.0661825
-0.048699
0.0401581
-0.164192
-0.0104595
-0.0975608
0.221754
-0.0431078
0.0263622
-0.145589
-0.0734515
0.023049
-0.068634
-0.0723241
-0.0652536
-0.16952
0.12404
-0.00896135
-0.152331
-0.13794
0.127328
0.187669
0.0201704
0.16386
0.0135145
-0.0797067
0.0481272
0.0618881
0.0121346
0.217729
-0.0420759
-0.0185005
0.0448177
0.0935786
-0.0111022
-0.0234609
-0.153319
0.115623
0.100055
0.0404571
-0.0793904
-0.133982
-0.0872422
0.229823
0.0560128
0.0391347
-0.0677174
-0.030652
-0.00368253
0.0550941
-0.0100972
0.0829142
0.0667135
-0.0210758
0.137753
-0.0751892
0.00541924
0.178861
-0.0660995
-0.133296
-0.0261748
-0.0921732
-0.025543
-0.129652
0.0615951
-0.0747883
-0.0183685
-0.215412
0.0231188
-0.0258455
0.112018
-0.0310832
-0.143087
0.193165
-0.172865
0.0745223
-0.178914
-0.122988
0.0707705
-0.138672
-0.0562636
-0.140665
-0.0233151
-0.121289
0.0626488
-0.151664
-0.137005
-0.0950268
-0.0391804
-0.213427
0.0423178
0.0221614
0.125599
-0.00305818
-0.028957
-0.0826393
-0.133934
-0.0580739
-0.0777947
-0.103873
0.0820365
0.0538389
0.102036
-0.0319376
-0.0460478
-0.0597582
0.161799
0.0643699
0.164621
0.0743399
-0.0287849
0.0243814
0.118814
0.0758403
-0.0014441
0.0401408
-0.0221217
-0.222055
-0.0126405
-0.0418416
0.031333
-0.0549545
-0.0881136
-0.0914878
-0.00673205
-0.123294
0.0342959
-0.0404929
0.0475449
-0.0234754
-0.00393374
-0.13714
-0.174919
-0.0759631
-0.0134973
0.00318525
-0.0983559
0.0253436
-0.0515888
-0.140561
0.0377022
0.123617
-0.0390785
-0.0515663
0.0678255
-0.00394611
-0.155286
-0.0263561
-0.0130569
-0.00717915
-0.0448804
-0.0490485
0.0416336
0.0643729
-0.179607
-0.089451
0.0686304
-0.0154781
-0.00942611
0.0135069
-0.122592
0.137416
0.0360727
-0.0176482
-0.0853778
-0.0731492
0.0347396
-0.118655
-0.145639
0.0412632
0.0733711
-0.0526188
-0.115848
0.0250165
0.0223039
0.0863503
-0.138504
-0.0301131
0.0578241
0.0696222
0.144623
0.104283
0.096611
-0.0107435
0.0887741
0.392855
0.154074
0.183237
0.226351
0.0358805
-0.0175759
-0.0906338
0.176348
-0.0502444
0.227086
0.0295557
0.0716621
-0.0254914
0.222623
-0.0186872
0.15637
0.161841
-0.0339852
0.212088
0.0668821
0.208843
-0.0458
-0.114461
-0.237377
0.229635
-0.0922512
0.164501
0.116277
0.0385144
0.255546
0.237619
0.195529
0.13457
0.0835023
0.118141
0.133752
0.20998
0.102574
0.120297
0.0183123
-0.107776
0.152461
0.173619
-0.04357
0.251435
0.0757588
-0.112463
0.0126251
-0.188058
0.0323609
0.0387975
0.14404
0.0715677
0.00580485
0.090213
0.00653524
0.121081
-0.00783084
0.101652
0.0271494
0.135705
0.347259
0.160363
0.0490949
0.095163
-0.00221477
0.0482907
0.20838
0.121985
0.0888162
-0.0127768
0.129442
0.114663
-0.0109253
0.0409299
0.177188
0.0240595
0.115922
0.115519
-0.177777
0.107163
0.0695374
0.029949
-0.0421226
0.180104
0.416162
0.136318
0.114947
0.184574
0.144401
0.159226
-0.013684
0.25741
0.142404
-0.00574058
0.212345
-0.0902587
0.153707
0.280628
0.0909062
-0.0653892
-0.273834
0.0959856
0.131548
-0.134134
0.207243
0.148504
0.265682
0.191535
-0.0933925
-0.164292
0.215282
0.0783302
-0.0501934
0.150228
0.128007
-0.0997462
0.169379
0.151859
0.0233279
-0.114993
-0.133179
0.26121
0.0330147
0.0750561
0.111653
0.183615
0.307967
-0.243771
-0.0141027
-0.168664
-0.0132981
0.0808475
0.368851
-0.123445
-0.0381925
-0.0547535
0.265544
-0.0323083
-0.071008
0.0495711
0.130301
0.0574745
0.019721
0.116021
0.175879
0.0473452
0.189042
0.0329962
0.0581584
0.0386075
0.217298
-0.100483
-0.132593
-0.0275517
0.111099
0.266703
0.322294
0.035855
0.199159
-0.0283563
-0.0589581
-0.275954
-0.128614
0.229237
0.0791954
0.0178903
0.0430078
0.0116607
0.139529
-0.0642349
0.159736
0.0455231
-0.0554496
-0.0112408
0.351573
0.153866
-0.214401
0.17435
0.168025
0.156193
0.101361
0.295881
0.250747
0.280067
-0.0920239
-0.210191
-0.0881895
0.149537
-0.0122452
0.0329543
-0.246314
-0.231401
0.0193811
-0.00445431
0.0652012
0.118444
0.0797877
0.0694826
0.240388
0.0501385
0.139836
0.324553
0.0627763
0.102241
0.167488
-0.0184804
-0.0240239
-0.0492162
0.0141837
-0.0187036
0.12049
-0.100977
0.0998724
-0.0893362
0.257376
-0.0440516
0.075444
0.037625
0.049348
0.107968
0.14822
0.312314
0.125804
-0.100165
-0.0364203
0.0809395
0.0567665
0.105943
0.121957
-0.0995834
0.356397
0.311237
0.203627
0.0291315
-0.0517131
0.215396
0.144552
-0.00976038
0.0897319
0.127629
0.243622
0.142187
-0.0941977
0.175832
0.097738
0.0868281
0.00963353
0.00341703
0.0846482
0.024634
-0.0314483
-0.0926993
0.0969006
0.133911
0.0842326
0.00280532
-0.0478956
0.219486
0.131351
0.268012
0.105668
0.0630461
0.28301
0.264407
-0.0678311
0.146316
0.0366515
-0.132683
0.218714
0.130541
0.0862084
0.215979
0.104963
0.0614998
0.120533
-0.0607351
0.267796
0.0173472
-0.0412247
0.230996
0.00401058
0.280681
0.0988356
0.183478
0.0537837
0.415526
0.232879
0.221878
0.101925
0.0527551
0.0871513
0.226643
0.0913177
0.352207
0.0280283
0.188553
0.206963
0.0467554
-0.00365324
0.0644706
0.249616
0.147217
0.422214
0.364065
0.229749
0.113119
0.0742446
0.154878
0.151598
0.133984
-0.124807
0.16755
-0.151003
-0.0961512
0.0331813
0.023436
0.0315116
0.231039
0.124643
0.193921
0.0223751
-0.0452301
0.308695
0.227599
0.0156433
0.00519634
0.0214632
-0.188112
0.099814
0.278753
0.123988
0.256568
0.101102
0.0629603
0.0104695
-0.072035
0.365781
0.180399
-0.103861
0.158162
0.202468
0.167161
-0.139244
0.078664
-0.0551055
0.0502704
0.239715
0.370266
0.0614949
-0.0648522
-0.00995899
0.158283
0.190543
0.228898
0.0612802
0.261036
0.267376
-0.192683
0.144901
0.0980182
0.273446
0.253551
-0.0860118
0.208106
0.0537732
0.0074313
0.291503
0.168963
-0.0218811
0.0637764
0.300208
0.0342675
0.0587472
0.293077
0.0910531
0.0370257
-0.261035
0.161998
0.0531746
0.0396525
0.0099957
0.143145
0.043463
-0.0637642
0.196355
0.0879297
0.323311
0.243354
0.376769
0.036111
0.0217828
0.0670778
0.325654
0.115761
0.364673
0.0884484
0.053658
0.202283
0.184196
0.0754509
0.245983
0.0159288
0.105692
0.234224
0.0879679
0.258793
0.0687893
-0.131617
0.0536073
0.0170029
0.0876172
-0.0840948
0.161891
-0.0661529
-0.0190307
0.04389
0.159591
0.0938045
0.112157
-0.00623829
-0.0193852
0.279198
0.0588223
0.189709
0.0368415
0.00710544
-0.128368
0.256036
0.0798992
0.102658
0.325761
0.128035
0.124025
-0.015966
0.233879
0.0918243
0.114271
0.34742
-0.0326335
0.177464
0.14001
-0.0415446
0.0723856
0.164267
-0.054848
0.0926093
-0.0566174
0.0342688
0.333196
0.030952
-0.0064183
-0.00199198
0.0775498
0.0907471
0.15727
0.266493
0.0997686
0.0903793
-0.047846
0.0388717
0.139552
0.295826
0.0311208
-0.00457748
0.290393
0.141233
0.0810181
0.0514541
0.165105
0.0184517
0.167836
0.0587835
-0.0669474
0.230934
0.0792673
0.0382353
-0.0293166
-0.246738
0.0613758
-0.162574
0.0425485
0.0982971
0.098992
0.218133
0.182377
-0.018257
-0.0715847
0.340595
0.247071
0.200631
0.161363
0.0629518
-0.0571363
0.271099
0.0280783
0.326753
0.182545
-0.0128577
0.206533
0.166325
-0.0762736
-0.00223237
0.0545506
0.258607
0.15548
0.087804
0.215336
0.0150897
-0.0796705
0.0419956
0.0403
-0.100035
0.0577568
0.0688701
0.0649048
0.0943806
0.0985997
0.213221
-0.00781292
0.23625
0.0986429
0.0207358
0.105781
0.0744789
0.294162
-0.016163
-0.112645
-0.214223
0.140144
0.0977998
0.153217
0.304467
-0.0413756
0.190537
0.0673333
0.147197
-0.0139173
0.159392
0.238502
0.149238
0.0886102
0.256948
-0.0401918
-0.00118942
0.158534
-0.167229
-0.0208654
-0.104548
0.112821
0.181563
0.0104721
0.00870688
0.0192763
0.141871
-0.102494
0.191817
0.28487
0.0764649
0.190221
-0.168549
0.131056
0.0308113
0.248892
0.125459
0.0580942
0.015289
0.169386
0.0513963
0.17848
0.0672977
-0.0899907
0.0991451
0.206942
-0.0127735
0.157127
0.224599
0.252227
0.17032
-0.219506
0.161055
-0.0894475
0.0847023
0.168809
-0.125867
0.220766
0.146241
-0.0443724
0.0212323
0.395285
0.221939
0.321283
0.151238
0.0680464
0.110651
0.251467
0.232583
0.143438
0.0661254
-0.0537509
0.210646
-0.0281744
-0.0402006
-0.0762417
-0.048274
-0.0881324
0.00263094
-0.227826
0.0779092
0.109664
0.0854754
0.0555247
0.00577326
-0.114286
0.109774
0.140678
0.0641531
0.10712
0.155271
-0.165584
-0.26072
-0.0250269
-0.217609
-0.0650688
-0.0278339
-0.0493788
0.0289675
-0.0951615
0.127269
0.2124
-0.143334
-0.191421
-0.294154
0.241346
0.166878
-0.152073
-0.132755
-0.1297
-0.0511883
0.0887774
0.181867
-0.157598
-0.075355
-0.137871
0.222605
-0.188771
-0.0383091
-0.0332759
0.0484909
-0.0233348
-0.121568
-0.0900399
0.12161
-0.100899
-0.0199683
0.0861069
-0.163565
-0.160241
0.12305
-0.134818
-0.134588
-0.209476
-0.152789
-0.100403
-0.194085
-0.180692
0.150965
0.119445
0.0943497
-0.216283
-0.149935
-0.125613
-0.0796109
-0.0423329
0.094335
0.16138
-0.0252046
-0.326118
0.138593
-0.0222602
-0.0219872
-0.035956
0.0502158
-0.270918
-0.211537
0.0499741
-0.0724743
-0.1282
-0.189599
-0.260508
-0.228037
-0.280689
-0.149732
0.00227557
-0.193397
-0.174641
-0.0934656
-0.0515748
-0.0806256
-0.249191
-0.150358
0.124887
-0.161665
0.396538
0.312873
0.196082
-0.039333
-0.187379
0.0401692
0.0568061
0.00194432
0.400962
0.136716
0.319362
0.291751
0.0696071
-0.0838136
0.300497
0.0947491
0.332741
0.224178
0.393248
-0.128207
0.178957
0.103006
0.0375171
0.0736221
-0.366292
0.209489
0.0139409
-0.0214401
0.118473
0.182429
0.137312
-0.0867732
-0.0842055
-0.466039
0.10989
-0.0325614
0.182626
0.151031
-0.160927
0.0896233
0.137462
0.0431397
0.0912558
-0.0486042
0.109501
0.223735
0.0657506
0.133517
0.282518
0.000885034
0.299779
0.211935
0.352311
0.145708
0.173025
0.0967628
-0.1313
0.121941
0.152356
0.359363
0.233808
-0.0493181
0.0634477
0.074438
0.333038
-0.195999
-0.121173
0.192403
-0.045651
0.173574
0.134705
0.0445621
-0.0798617
0.110734
0.0489041
0.0477528
0.0569891
0.238069
0.375691
0.0387744
0.120986
0.13975
0.106911
0.230273
-0.522559
0.267227
0.106992
0.15486
-0.379282
-0.464014
-0.466421
0.182783
0.208897
0.0706483
-0.289381
-0.232847
-0.370652
0.0372376
0.311009
0.181832
-0.121452
0.00400129
-0.0694337
0.0694827
0.128479
0.00220206
0.102928
0.0448766
0.0147589
-0.0337925
0.000242652
0.0103007
-0.227343
-0.001354
-0.0238669
-0.15373
0.113739
-0.187169
-0.182419
-0.136631
-0.104813
0.0911299
-0.04024
-0.0694206
-0.0423118
-0.062774
-0.128133
-0.0262029
-0.0865584
-0.0934826
0.0527071
-0.0681925
0.0465994
-0.239853
-0.0395468
0.0546416
-0.0875079
0.159284
0.055424
-0.00723646
-0.0132113
0.0370733
-0.100592
-0.0012969
-0.0542415
0.04355
-0.0550344
-0.108427
-0.0788255
-0.0624622
0.00274224
0.134938
0.0274186
-0.0793147
0.0216314
-0.0338319
-0.19103
-0.0994249
-0.0518584
0.156161
0.0209814
-0.0336048
-0.0527762
-0.0538763
0.131823
-0.039136
-0.0649831
-0.059116
-0.0925843
0.0703872
-0.0324996
-0.0113353
-0.0165988
-0.028059
-0.00405626
0.0192832
0.133593
-0.00891748
-0.0363506
-0.0162711
-0.0882064
-0.137036
-0.00994351
-0.0697616
-0.192269
-0.149722
-0.085814
0.0488517
-0.0488877
-0.0211512
-0.108612
0.0164493
-0.197425
-0.145653
-0.0121952
-0.104006
-0.0264819
-0.0215339
-0.036493
0.0351829
0.0479059
0.0697116
-0.0720794
0.079387
-0.0442681
0.320699
0.257361
0.197495
-0.00235534
0.0303195
0.0376863
0.124903
0.170066
-0.0315206
-0.0371621
0.131787
0.00806078
0.026238
0.0175247
-0.0109188
0.0236148
0.0762727
0.0477714
0.203811
0.0951324
0.0893857
0.232143
0.0149838
0.126668
-0.106232
-0.0463978
-0.11913
0.063633
0.0479813
-0.00588145
0.320229
0.13738
0.15226
0.136735
0.032066
0.253594
0.126945
-0.110161
0.0495367
0.0619991
0.100372
0.0705605
-0.181846
0.0457887
0.0893701
0.197917
0.268425
-0.0326322
0.0338827
0.0155339
0.0611541
0.0579872
0.104946
0.0665804
0.192984
0.0782257
-0.0342677
0.0745434
-0.0201136
-0.0632762
0.235949
0.128366
0.0450426
0.161216
0.0993859
0.0916461
0.209417
-0.0536567
0.129607
0.0839125
0.0985235
0.0800137
0.147773
0.046327
0.113666
-0.0208047
0.218164
0.0897399
0.0447869
-0.0442126
0.162861
0.359015
0.0585059
-0.120671
0.053432
0.174591
0.313493
0.380194
0.0729466
-0.00856006
0.0139812
0.242273
0.248928
0.271288
0.14135
0.140342
0.202236
-0.0697855
0.0248879
-0.00917094
-0.0107172
-0.0562651
-0.0588747
-0.00275274
-0.102211
0.0163111
0.0490533
-0.154755
-0.088255
0.189267
-0.0543402
-0.117644
0.0726964
0.0340224
0.0518097
-0.0193137
-0.0655423
-0.114733
-0.0947454
0.0913875
0.0957163
0.0324712
-0.0659386
0.0635452
-0.0252824
-0.0519742
-0.0375663
0.0826378
-0.091716
-0.0563635
-0.0108675
0.145606
0.0330655
0.0443109
-0.0567207
0.111294
-0.0733529
-0.102448
-0.0307256
-0.0366549
0.00170424
-0.0996445
0.0652489
0.0324884
0.00255887
-0.0635858
0.0395649
0.0466727
-0.157707
0.16845
-0.0962059
0.0281828
-0.0779446
0.0787122
-0.200346
-0.045803
-0.0183267
-0.131684
-0.0461011
0.0421123
-0.0068578
-0.131022
-0.0911648
-0.113869
-0.0722404
0.0485583
0.119579
-0.0861652
0.0652991
-0.126165
0.0206569
0.0469137
-0.0424141
-0.00850438
0.0345024
-0.00666692
-0.0427176
0.00264647
-0.0296758
0.0535716
-0.0298449
-0.116328
-0.057352
-0.0201027
0.062039
-0.0241256
0.0358611
-0.112094
0.00879755
-0.0938774
0.0466196
-0.0327351
-0.0507717
-0.0566506
0.0684468
0.037866
-0.0193222
0.0937697
0.160149
0.0206801
0.117081
0.176975
0.130468
0.205726
0.135735
0.105057
0.0942446
-0.0651247
0.0395539
0.127213
0.0447524
-0.0626103
0.11743
0.0503668
0.07455
0.0300915
0.00105265
-0.0980877
0.239952
0.0683392
-0.029278
0.171574
0.0719155
0.204085
0.110296
0.130531
-0.146001
0.0351422
-0.0736058
0.100141
0.230068
-0.00665005
0.270496
0.097321
0.15791
0.0120964
-0.0165517
0.321488
0.129773
-0.0138109
0.197413
-0.034801
0.0662023
-0.045161
0.0299702
-0.0297396
-0.0840098
-0.036923
0.0315955
0.0860581
0.116085
-0.0730042
-0.0225105
0.0106101
0.157794
0.163378
0.0440145
-0.108327
0.00612138
0.0527645
0.179605
0.0464165
0.144314
0.152767
0.107732
0.183015
-0.106647
0.210226
0.0692919
-0.0414349
0.0950409
0.129304
0.229727
-0.0272697
0.157273
0.200726
0.178208
-0.025842
0.123826
-0.023478
0.0636306
0.257981
-0.0588793
0.225043
0.164213
0.141538
0.0111222
0.145475
0.0976719
0.316482
0.106545
0.00818584
0.172254
0.298877
0.111586
0.242904
0.035786
0.0917272
0.214249
0.0116163
0.300633
0.351506
0.14994
-0.141433
-0.362556
0.185836
-0.129542
-0.125567
0.275647
0.251169
0.265187
0.186407
0.195976
-0.0739764
0.201041
0.178682
0.131104
-0.0308908
0.284067
-0.103554
0.260904
0.207921
0.156273
-0.0250717
-0.384697
0.325331
0.0435501
0.127379
0.113169
0.28596
0.313655
-0.307304
0.248124
-0.496819
0.155972
-0.0830038
0.260978
0.104178
-0.275131
0.259696
0.339847
-0.00468644
0.264024
-0.0853917
0.276252
0.301537
0.0859454
0.355805
0.138992
0.0536822
0.168179
0.224966
0.236794
0.303505
0.265329
-0.082199
-0.204444
0.0166954
0.282913
0.35677
0.323296
0.183246
0.0684851
0.0902458
0.10446
-0.0432864
-0.144861
0.0696982
-0.0881084
-0.0426612
0.358558
0.129429
-0.167193
0.085879
0.239655
-0.139391
0.0925917
0.122485
0.332049
0.0292964
0.0159316
0.317028
0.0821015
0.133061
-0.450216
0.333992
0.18196
0.24154
-0.387197
-0.569848
-0.607995
0.325192
0.231942
0.00309746
-0.433413
-0.282361
-0.339627
0.173972
0.409779
0.21929
0.0956155
0.0149191
0.117477
0.0359699
0.19489
0.413044
-0.00983367
0.118563
0.151391
-0.124249
-0.0611577
0.0446521
0.0774735
-0.0151386
0.242147
-0.0615963
-0.121332
0.113691
0.107376
0.0148281
0.107709
0.0111506
0.0541115
0.23609
0.202375
0.0547521
-0.0241017
0.11276
-0.221296
0.0216388
0.134702
0.188696
0.164719
0.0363437
0.137439
0.07574
0.0655939
0.0922089
0.0120775
0.251115
0.0246848
0.134862
0.0744827
0.0921962
-0.0520977
0.155355
-0.023578
-0.0392276
0.0565097
0.0624637
0.22206
-0.1215
-0.0312764
0.0315958
0.028792
-0.103671
0.121301
0.188385
0.121485
-0.0319494
-0.159121
0.0210131
0.0955617
0.0476428
0.261296
0.197547
0.17479
0.202279
-0.0381278
0.183434
0.32153
-0.167729
0.0409564
0.0907551
0.0587713
-0.0328019
0.114321
0.0646313
0.228259
-0.127098
0.249218
-0.0996594
0.170585
0.241053
0.166045
0.376112
0.0572663
0.145258
0.00709474
0.192452
0.397993
0.300516
0.193307
0.13685
0.14675
0.417893
0.195627
0.249574
0.139467
0.0874183
0.208405
0.105093
-0.00828323
0.0748402
0.00677892
0.0769668
0.181675
0.124217
0.201583
0.316526
0.0161822
0.124949
-0.0632294
0.129761
-0.149217
0.171796
-0.0651231
0.0814684
-0.0331658
-0.0576701
-0.110544
0.28627
0.0592709
-0.00349548
0.198375
0.249347
0.088229
0.209224
-0.113016
-0.0787923
0.132602
-0.0977298
-0.00204778
0.168249
0.0691258
0.248724
0.233816
0.203185
-0.0601501
0.17468
0.183332
-0.0308478
0.144275
0.119368
-0.0105408
0.215773
-0.0751086
-0.0896128
0.166725
0.0128583
-0.0347662
0.235705
-0.0299766
0.234189
0.122921
0.0818344
-0.137359
0.150235
0.195087
0.17085
0.118817
-0.0627745
0.0990479
0.0131014
0.199278
0.284136
0.202608
0.209284
0.0157743
-0.00506698
0.244619
0.158225
0.0450065
0.201578
0.321903
0.068956
0.127494
0.291425
0.234498
0.000549962
-0.0559759
0.292942
-0.0131275
0.137061
0.20689
0.0116987
0.297872
-0.0654667
0.108099
0.0240402
0.256847
0.277116
0.304236
0.0480842
0.0130493
0.180673
0.344382
0.107191
0.236186
0.0393186
0.137953
0.204097
0.0983134
0.00345411
0.102939
-0.0165969
0.129396
0.223228
0.315166
0.0843937
0.184042
-0.142987
0.118862
0.12404
0.047612
-0.000715336
0.0597182
-0.0241534
0.0404975
-0.0661622
0.102853
-0.0953282
0.194
0.0459347
-0.0230745
0.0336285
0.121707
0.245345
0.180948
0.167114
-0.121092
0.17082
0.14543
-0.0144111
0.0712078
-0.0324103
0.176877
0.237752
0.157952
-0.0215612
0.0382439
0.248166
0.051613
0.0518733
0.212808
-0.0470213
0.163046
0.135635
0.0276757
0.172513
0.157307
0.08696
0.15991
-0.0187225
0.214588
0.0279471
0.166832
0.185155
0.236505
0.230895
0.110676
0.0105046
0.0735652
0.0961322
0.146414
0.0914534
0.167887
0.209304
0.0528641
0.154409
0.0646164
0.129487
0.0794034
-0.0449209
0.189061
0.133235
0.0297609
0.0799398
0.275352
0.216778
0.12435
-0.2756
0.079112
0.000594751
0.0425184
0.172321
0.0203065
0.23274
0.142855
0.050179
0.0750072
0.367935
0.246413
0.214769
0.0695092
0.16612
-0.000732639
0.271366
0.192517
0.111381
0.0897718
0.0936212
0.208307
0.163436
0.0958451
-0.0460282
0.154368
0.130227
0.100244
0.0733793
0.147662
0.11386
0.0467372
0.0559208
0.0957298
0.139253
-0.236658
0.16057
0.0560234
0.0715882
0.0635196
0.0577188
0.0438969
0.0155117
-0.0369999
-0.0780082
0.167513
-0.00750409
0.308246
0.0771775
-0.0798162
-0.285373
-0.0842915
-0.04223
0.118935
0.215214
0.0167601
0.208482
0.213454
0.0254132
0.180161
-0.055194
0.187155
0.213804
0.0724353
0.0935141
0.10726
0.244895
-0.124931
0.117121
0.0963751
-0.0914875
0.114669
0.160357
0.11343
0.155408
-0.0322981
-0.0332078
0.134555
0.111579
0.169553
0.215069
0.156123
0.0527339
0.116334
0.225657
0.288653
0.144563
0.100087
-0.0332833
0.204342
0.244235
0.114093
0.0960302
0.095401
0.158517
0.0543272
-0.109782
0.0748219
0.142836
0.180126
0.226161
-0.173046
0.175141
-0.0980075
-0.0243369
0.179339
0.0412611
0.364313
0.0932574
0.0886177
0.064815
0.472578
0.210711
0.446743
-0.0562724
0.117742
0.122817
0.390428
0.170671
0.190391
0.0852356
-0.123755
0.216338
-0.0829129
0.179641
0.194561
-0.0309763
-0.0638094
-0.195572
-0.175133
-0.054963
0.0795424
0.0867416
0.050773
0.0888235
0.0437135
0.0142093
-0.046462
0.153244
-0.0154314
0.040962
0.123559
0.136915
0.118544
-0.0520786
0.153174
0.0108821
-0.0906395
-0.057213
0.128459
0.095113
0.00539849
0.0988725
0.109829
0.0405979
0.00681672
-0.0288482
-0.304911
0.12175
0.00138803
0.0880084
0.0409532
-0.173854
0.143821
0.00622432
0.168752
-0.143715
-0.0259185
0.039837
0.241709
-0.116551
0.0409206
-0.00159623
-0.0441436
-0.1365
0.165136
0.0779714
0.0807535
0.0242251
-0.076895
0.0716394
-0.037868
0.21853
0.300901
0.0573817
-0.0837609
-0.0703831
-0.0105645
-0.0351784
-0.159483
0.145793
0.0826174
0.126539
0.0181468
0.114389
-0.0301521
-0.105695
0.157073
-0.0292521
0.179459
0.0208374
0.231884
0.196897
0.0552201
-0.0709409
0.160236
0.218405
-0.0847915
-0.150321
0.12434
0.0149563
0.108591
-0.369958
-0.251682
-0.194324
0.175585
0.102217
-0.00893268
-0.191263
-0.0891188
-0.0934815
0.168122
0.1475
0.145536
0.119759
0.0119652
0.103754
0.0900233
0.167387
0.158295
0.199121
0.17866
0.0474731
0.0618287
0.0951258
0.0132358
0.28471
-0.203439
0.171027
-0.166033
-1.01526e-05
-0.114251
0.110372
-0.117854
0.198181
-0.0666822
0.184556
0.267887
0.188558
0.261366
0.188576
-0.0250668
-0.107268
0.258181
-0.159024
0.128435
0.22313
-0.0303929
0.189748
0.195536
0.189211
-0.0728069
0.0205706
0.3551
0.00223458
-0.0133787
0.234656
0.0538306
0.0481157
0.120176
0.0826674
0.18736
-0.104544
0.0953191
0.319538
0.104425
0.059405
0.0036364
0.217033
0.194945
0.129496
0.297218
0.234703
0.207398
0.095755
0.154519
0.245889
-0.0164825
0.181653
-0.022136
0.0318564
0.287458
0.0981991
0.0757575
0.0361372
0.048831
0.176035
0.213901
0.143443
0.0987951
0.31612
0.063135
0.200418
-0.231693
0.176327
-0.0010122
0.242961
0.0418112
-0.0479665
0.174262
0.143133
-0.031858
0.0396986
0.160783
0.103907
0.376705
0.0881929
0.176115
0.239677
0.260749
0.253519
0.257548
0.152304
0.0939133
0.211989
0.153955
-0.0750695
0.179156
0.121889
0.0106436
0.385888
0.188296
0.171744
0.0739124
-0.188423
0.0622921
-0.0737798
0.0929481
-0.218656
0.234116
-0.180669
0.0432711
0.118282
0.0752225
-0.0275002
0.244427
0.0462853
0.071295
0.0484032
0.224224
0.356863
0.112412
-0.0294011
-0.0855951
0.225838
0.149961
0.0123238
0.206149
-0.0772733
0.29387
0.0681304
-0.0167122
0.0445579
-0.0319179
0.309539
-0.0426437
0.085779
0.207891
-0.0124574
0.12729
0.2154
0.183843
-0.0521711
0.00779553
0.00293302
0.167231
0.0861188
0.109704
-0.00630261
0.103375
-0.00042386
0.257489
0.135958
0.199095
0.0877789
-0.0824761
0.207753
0.207861
0.218725
0.155789
0.0886365
0.12875
0.0482559
0.0361181
0.148745
0.200695
-0.0732305
0.0228982
0.20897
-0.0205157
0.186574
0.218695
0.19367
0.175902
-0.214343
0.150629
0.0142498
-0.0530023
-0.0479505
0.0125016
0.0634131
0.102629
-0.0506358
-0.0817873
0.351305
0.175059
0.431678
0.052857
0.0621862
0.104741
0.125394
0.0926557
0.224043
0.243532
-0.158287
0.20712
0.0691705
-0.00875226
0.187517
0.143413
0.0958921
0.0959961
0.204981
0.0226504
0.202504
-0.0993182
0.155253
0.0422019
0.0563675
-0.194122
0.0263014
-0.070215
0.144505
-0.0647166
0.292044
0.00149012
0.329257
0.0707015
0.0367037
0.157707
0.0635572
0.229896
0.0228788
-0.11757
-0.194161
-0.00467744
-0.165555
0.0977313
0.346167
0.0694521
0.192001
0.0980598
0.0723326
-0.00907091
-0.0150741
0.0697441
0.15773
0.0170779
0.19745
-0.0586787
0.144209
0.12093
-0.00506489
0.0531134
-0.0135264
-0.0654735
0.104426
0.0767015
0.0319458
-0.0702106
0.18925
0.0824525
0.135919
0.182586
0.275525
0.137791
-0.109192
0.105932
0.222543
0.227369
0.00132678
0.0393341
0.0923021
0.146743
0.0863737
0.397886
0.0500918
-0.03121
-0.046797
0.122445
0.152335
0.21961
0.191523
0.227335
-0.0120693
-0.0874264
0.0443367
0.0478335
0.158793
0.0698342
0.0261674
0.375768
-0.0576008
-0.010177
0.00322871
0.455991
0.216939
0.151758
0.0419537
0.170823
0.166271
0.319229
0.148793
0.224666
-0.00191001
-0.048899
0.20994
-0.0788779
-0.0551536
-0.0297896
-0.0823881
-0.0856615
0.0843131
0.132099
-0.0258351
-0.133849
0.0139864
-0.139998
-0.212844
-0.145754
-0.0485609
-0.0620086
-0.0574067
-0.115307
0.01538
-0.0489279
0.0792377
0.0522203
-0.0237672
0.145976
0.00284029
-0.051625
-0.154827
0.0338558
0.0425224
-0.125869
-0.0749437
0.000551293
0.0354652
-0.0211825
-0.151515
-0.0436584
-0.154521
-0.109914
-0.172176
-0.0672603
0.170933
0.0231561
-0.110612
-0.035521
-0.182649
0.0855204
-0.0548602
-0.0123893
0.121328
-0.074233
0.140069
-0.0958297
-0.0591084
0.0330483
0.0676984
0.0807703
0.0545064
-0.0616155
0.078547
0.103703
-0.161955
-0.0729591
0.0733115
-0.030882
0.0640544
-0.0452306
-0.116692
0.0839783
-0.0826213
0.0790051
0.0442588
0.103723
-0.0507521
-0.100813
-0.153985
-0.0395304
0.061754
0.0164607
-0.00735651
-0.120051
-0.0358156
0.0216806
-0.0856505
0.0480342
0.149219
-0.0492982
0.0964594
0.0681507
0.0311349
-0.0137214
0.158058
-0.0775278
0.0702061
-0.0933403
-0.0574751
-0.0573762
-0.197216
-0.0531085
-0.0115109
-0.0796016
0.0203645
0.0763167
0.0421647
-0.00755796
0.21657
0.0889914
0.232599
0.227763
0.195812
0.0281519
0.165268
-0.0910854
0.120827
0.120126
0.0646069
-0.0335675
0.214205
-0.113171
-0.033334
-0.0733976
0.0142704
0.0442764
0.129149
0.0462158
0.203948
0.240433
0.0250473
0.201137
0.203203
0.0805386
-0.317411
0.173712
-0.0454869
0.24906
0.242411
-0.00602122
0.234748
0.039697
0.323854
0.0793861
0.0509138
0.299911
0.0526788
0.00995042
0.178778
0.0596547
0.121047
0.167952
0.145256
0.0893497
-0.0426963
-0.0656272
0.128274
0.020071
0.0651939
-0.0305767
0.0879212
0.0419842
0.147444
0.174881
0.237413
-0.0454377
0.112054
0.158604
0.202282
0.122813
0.245124
0.107778
0.0354912
0.0620499
0.00768928
0.209115
-0.029911
-0.0148659
0.049175
0.241813
0.134682
0.0479355
0.279935
0.0247837
0.133886
-0.183436
0.377823
-0.232389
0.110235
0.156892
0.0897164
0.373633
-0.0039098
0.00138627
0.0957482
0.233107
0.353598
0.281103
0.106929
0.298774
0.0633878
0.230942
0.150299
0.28507
-0.00756357
0.0589994
0.202029
0.0885799
0.230268
0.133077
0.206402
0.0849356
0.250331
0.0641537
0.115665
0.135846
0.0787
-0.0115808
0.0394753
0.0168803
-0.185344
0.225537
-0.136612
0.0751643
0.0761267
0.134131
0.0535098
0.129848
0.0826765
0.00892529
0.0152856
0.230559
0.224462
0.181843
0.0816786
-0.0250179
0.230108
-0.0695745
0.116424
0.153382
0.015538
0.129659
-0.0186845
0.128211
0.121296
0.144618
0.117764
0.0795805
-0.0843226
0.108392
0.0899893
0.248644
-0.0169877
0.0378263
0.141934
0.110903
0.101589
0.099097
-0.0246011
0.124684
-0.0999474
-0.0565699
-0.0470014
0.171999
0.165494
0.0214362
0.159679
0.0458055
0.0833243
-0.0184898
0.210871
0.161124
-0.0583132
0.0595673
0.0857463
-0.0606938
0.214517
0.0850992
-0.0669141
0.0244165
0.151692
0.0741827
0.107443
0.180767
0.153433
0.188374
-0.174017
0.305148
-0.068803
0.232472
0.153766
-0.146346
0.307562
0.1522
0.185529
-0.0546856
0.170522
0.295081
0.214084
0.0202241
0.0596732
0.0772116
0.181103
0.0739032
0.347912
0.082148
0.166937
0.215935
-0.118045
0.260045
0.217877
0.22093
-0.102824
-0.0119521
0.26537
-0.0887515
-0.0344179
-0.185748
0.00876984
-0.443186
0.180264
0.129546
-0.138157
0.170453
-0.121812
-0.0692117
0.190801
0.239308
-0.0824966
0.213377
0.182615
0.135262
0.0490296
-0.0904561
0.196732
-0.216887
0.158013
0.135892
0.256396
0.25245
-0.229254
-0.584232
-0.0168228
0.140763
-0.0574616
0.226728
-0.514131
0.176509
0.173269
0.165472
0.231307
-0.227461
0.190197
0.230999
0.147804
-0.0448749
0.141646
0.16354
0.209583
1.0
0.0
-1.0
0.0
1.0
1.0
0.0
1.0
0.0
1.0
-8.0
1.0
-1.0
0.0
