2
1
6
100
50.0
1
2
1
2
0.137468
-0.172307
0.162343
0.0695865
-0.11626
-0.0111201
0.0525422
-0.0826865
-0.058555
-0.354406
-0.258227
0.143492
-0.210369
-0.0831676
0.129953
0.154419
0.294242
0.0965026
-0.262021
-0.132147
0.154361
0.0217404
0.126431
0.0401973
0.17872
0.31743
0.107393
-0.081011
-0.281878
0.191368
-0.00297137
0.0387065
0.144935
0.0445013
-0.255365
0.198222
0.0284145
-0.14034
0.0997669
-0.109329
-0.124704
0.131144
0.117339
-0.108413
-0.0289102
0.166812
-0.159261
0.161751
0.0874278
-0.184674
0.150703
0.0711758
0.153148
0.0665057
0.13017
-0.0478865
0.035413
-0.0585427
-0.156062
0.143429
-0.113506
-0.160176
0.139698
0.0576471
0.14101
0.065175
0.0669711
-0.216013
0.174216
0.0433481
-0.0189906
-0.0140853
-0.333545
-0.109624
0.10583
-0.138123
-0.0478145
0.0836485
-0.136966
-0.153409
0.152363
-0.140243
-0.090731
0.155997
-0.146015
-0.148175
0.1676
-0.191443
-0.00730132
0.093668
0.0650808
-0.010175
-0.0597527
0.0103603
-0.113507
0.0764346
0.0333986
0.174669
0.0627417
-0.081527
-0.210135
0.160343
-0.0461453
-0.0285269
0.139651
-0.342621
-0.222098
0.123241
-0.129932
-0.142139
0.129589
-0.289379
-0.0900613
0.0840987
-0.228107
-0.190618
0.139418
0.137368
-0.0617559
-0.0781296
0.141699
-0.0549702
0.0571419
-0.0445773
-0.201741
0.151649
0.0987304
-0.231615
0.185769
-0.066285
-0.121664
0.162851
0.0512963
-0.115751
0.0910503
0.0709517
-0.010809
-0.0451891
0.103731
0.173566
0.0755793
-0.219039
0.0192339
0.157862
0.0463447
-0.351732
0.270292
-0.0891697
-0.108257
0.0860078
-0.179251
-0.119049
0.125931
0.0485165
-0.201994
0.156723
0.152619
-0.0624162
0.0324074
-0.0950392
-0.136646
0.165357
0.26124
-0.0230935
0.0331978
0.0689499
0.276856
0.092665
0.204165
-0.0651242
0.0331614
0.000132943
-0.0846305
0.0962447
0.111746
-0.093262
0.0556791
-0.0090328
-0.202064
0.140044
0.0903113
-1.66239e-05
-0.045969
-0.252981
-0.118329
0.120524
-0.217254
-0.141533
0.150539
0.0762196
-0.0264242
-0.0428205
-0.0122519
0.0083564
-0.0448161
0.0479006
-0.0964856
-0.00714456
-0.147064
-0.156723
0.15173
-0.22551
-0.101569
0.107654
-0.256678
-0.210896
0.158857
-0.157637
-0.157547
0.119132
0.0668258
-0.267813
0.213149
0.0884855
-0.0749155
0.0170745
-0.142164
-0.0342449
0.148847
-0.16128
-0.0679489
0.0985344
-0.263433
-0.12248
0.164999
0.14486
-0.0723633
0.0953377
-0.341624
-0.138889
0.11334
-0.336801
-0.284441
0.126992
-0.279861
-0.148292
0.128743
-0.068395
-0.221897
0.148297
0.153181
-0.076372
-0.0287442
0.0242994
0.146878
0.104616
-0.218222
-0.0796737
0.104886
0.0634975
0.149051
0.0625365
-0.207545
-0.147577
0.168071
-0.261738
-0.0991986
0.152532
-0.0214677
0.126418
0.105789
-0.29623
-0.116444
0.0959165
0.0915401
-0.0482212
0.0546935
-0.315969
-0.0514979
0.0910517
-0.13172
-0.0875885
0.155987
0.0124801
0.16237
0.0979114
0.0790774
-0.0488685
-0.0391021
-0.173569
0.00216463
0.13997
-0.114524
-0.124403
0.110442
0.0292871
-0.0360196
-0.00124551
-0.260764
-0.0825904
0.155129
-0.255563
-0.063684
0.130886
-0.201002
-0.068894
0.152023
0.13108
0.000971306
-0.0508553
0.245625
0.00646528
-0.0588941
0.168323
0.0583548
-0.0989073
0.184878
0.0913853
-0.102455
0.031114
0.203704
0.159974
-0.0453182
-0.0414898
-0.0549002
0.00837132
0.218922
-0.125237
0.144063
0.134569
-0.0185419
0.105907
0.17146
-0.0686198
0.157695
0.246361
0.211356
0.0659699
0.160522
0.0630217
0.000953139
0.0903231
-0.139877
0.165309
0.143423
0.164391
0.126539
-0.0115599
-0.0235012
0.0414819
0.0263641
0.0892556
0.176089
0.199375
-0.000460349
-0.0241032
-0.196297
0.121251
-0.0418275
0.0150537
0.241016
0.224324
-0.0458741
0.117899
-0.0192669
-0.017417
0.0998764
-0.00888583
-0.0130894
0.101825
0.194316
0.229026
0.0905622
0.112894
0.0813874
0.108519
0.162509
0.167904
0.128282
-0.00455575
0.215175
-0.00163309
0.0807533
0.0678661
0.0402318
0.0227948
0.149894
0.194593
0.117671
0.108236
0.120531
-0.137712
0.168371
-0.0326148
-0.0219906
0.150176
0.0506213
0.111498
-0.0502451
0.0503879
0.136973
0.000291078
-0.0773771
0.00304343
0.104656
-0.0243638
0.251393
0.211455
0.226539
-0.0750376
0.181004
-0.0506941
0.102016
-0.185408
0.029659
0.0877064
-0.0109117
0.0467307
0.0976128
-0.181025
0.0368611
-0.158243
-0.0878923
0.0337822
-0.197846
-0.17655
0.0934415
-0.138185
0.0151719
0.0253253
0.0571112
-0.13904
0.00838558
-0.0900473
-0.0475328
-0.132164
-0.134695
0.138289
0.0986995
0.138508
0.056384
-0.183253
0.0822647
-0.0585395
0.0576886
0.06177
0.0253017
0.0117717
-0.109139
0.0176158
0.0707564
-0.085712
-0.049717
0.0514364
-0.0331866
-0.0162173
-0.0252917
0.00117146
-0.126302
0.0147221
-0.203028
-0.103879
0.0108865
-0.132424
-0.215529
-0.112245
-0.137953
-0.157689
0.0202251
-0.136793
0.0100405
0.0251314
-0.0056014
-0.030918
0.0613154
0.0594478
0.0130139
0.162543
-0.0657534
-0.0741662
-0.0243838
0.00817028
-0.0989771
-0.162709
0.0125075
-0.16219
-0.161762
-0.0501383
-4.83548e-05
0.0994607
-0.0920045
0.0305034
-0.00591519
0.0148457
0.0378662
-0.0282345
-0.113671
0.120147
0.0715163
-0.0197314
-0.106029
-0.0237116
0.05217
-0.19082
-0.177397
-0.0771663
-0.165152
-0.0242575
-0.124149
0.0173038
0.0293622
0.0585543
0.145566
0.136967
0.121729
0.0730054
0.146824
-0.104771
0.158866
-0.0917552
-0.121439
0.103145
-0.0634759
0.0184484
0.0306546
0.0196228
0.0492662
-0.010207
0.110082
-0.0412204
-0.00232715
0.110766
0.00437446
-0.0587204
0.250529
0.0178107
-0.00192627
0.189269
0.244744
0.0946606
0.217517
0.0922746
0.147378
0.227173
-0.0573752
0.0270569
0.00633341
0.254105
0.210823
0.0105574
0.204097
-0.105625
-0.035836
0.137272
-0.078424
0.0956082
-0.0371589
0.10582
0.0995739
-0.0105425
0.0246138
0.0571862
-0.0425959
0.13663
0.00531322
0.0922576
-0.025519
0.0620975
-0.142804
0.0811661
0.09586
0.122274
0.054541
0.0608624
0.0376208
-0.0902794
-0.0678922
0.0665694
0.12043
0.0435738
0.277456
0.25939
0.140371
0.171821
0.260957
0.227838
-0.0757263
0.0150224
0.1528
0.133553
0.109832
0.170762
0.130299
0.0428599
0.130952
-0.0668937
0.0863626
0.234114
-0.138087
0.149345
0.101968
0.17716
0.046967
-0.207327
0.0024929
0.0318175
0.110259
-0.0924182
0.211458
0.199785
-0.0620653
-0.0516611
0.176192
-0.152
0.032379
-0.176093
-0.0552559
-0.0339595
-0.016023
-0.0175399
-0.0442592
0.0695631
-0.00427179
0.0668789
-0.0426503
0.026532
-0.133028
-0.0656116
-0.208757
0.0755826
-0.0669066
-0.0865184
0.120837
0.0514031
0.0672591
0.0490806
-0.0803406
-0.152375
-0.07511
-0.1139
-0.142762
-0.0102855
-0.00602162
-0.132487
-0.0703808
-0.150512
-0.129542
0.018182
0.0891003
-0.04649
-0.149851
-0.0403404
0.151936
-0.0154185
0.0211771
-0.161575
-0.168719
-0.0172211
-0.123572
-0.140821
0.069587
0.0849897
-0.229357
-0.0992199
-0.0927149
0.0898224
-0.16806
-0.150053
-0.121425
-0.0631262
-0.0159144
-0.167832
0.0460309
0.0493077
-0.00480977
0.115106
-0.103797
-0.0890785
0.0309075
0.0407848
-0.191595
0.112831
-0.045711
-0.206192
-0.0388987
-0.0369791
-0.0156126
-0.0479734
-0.0430903
0.0457687
0.0137015
-0.123614
-0.0515413
-0.0699509
0.12963
0.0170249
0.0287217
0.00760981
-0.16226
-0.111853
0.013037
0.0602067
-0.0680438
-0.182381
-0.0729099
-0.0371937
-0.0674663
-0.0689764
-0.0774149
-0.0665584
-0.0245567
0.0381773
0.0284097
0.0521419
-0.112537
0.129172
0.0215161
-0.0266354
0.0103341
-0.232105
0.000248346
-0.015876
0.123156
0.0318054
-0.155661
-0.0777892
-0.0495428
0.100293
-0.141984
-0.0542196
0.0331403
0.00952161
0.00689236
-0.14428
0.00872078
0.0193418
0.0318789
-0.00142947
-0.0501583
-0.273729
-0.037232
-0.183983
-0.0211092
-0.0145743
-0.146413
-0.0253827
0.128267
0.0420144
-0.018319
-0.0020353
-0.0705479
-0.0122518
-0.175161
-0.0550014
0.0732233
-0.013233
-0.220727
0.00676659
0.096849
-0.00744939
-0.00385706
-0.190957
0.119331
-0.00576948
-0.103327
-0.0549717
0.0578817
0.0938353
-0.131799
-0.23474
0.122813
0.0158137
-0.04799
-0.141414
-0.0242851
0.0555253
-0.0483018
0.0400563
-0.0367157
-0.039704
0.0730056
-0.0401704
-0.177232
-0.174042
-0.101624
-0.139485
-0.0713992
-0.0386202
-0.0381837
-0.0314764
-0.133489
-0.0462461
-0.214371
-0.0446019
-0.109162
0.0106577
-0.15602
-0.0209385
-0.0596055
-0.0153464
-0.0221556
0.060296
0.0188399
-0.0993484
-0.112086
0.0577418
-0.0867697
-0.178434
-0.248753
-0.0262942
0.0198371
-0.0828627
-0.0616863
-0.0946201
0.0260659
0.165512
0.051256
0.172259
0.289324
0.157331
-0.20618
-0.0347155
0.0815484
-0.010181
0.132085
0.125641
0.0965359
-0.0315771
0.0956767
0.080965
0.151644
0.189481
-0.0709469
0.0424469
-0.0743028
0.142559
-0.111045
0.199862
-0.0349164
0.210809
0.022948
0.0315394
-0.0632878
0.109884
0.103912
0.00102238
0.0215224
-0.0517102
0.184968
-0.0970795
0.234574
0.0527501
0.119211
0.134692
0.106707
0.0638853
-0.0656181
0.0832249
0.042642
0.0337373
-0.0474283
-0.0869972
0.153051
0.0873101
0.0377489
0.173463
0.0944844
-0.0612553
0.138179
-0.0999794
0.0186624
0.0219585
-0.0457293
0.057719
0.104803
-0.0910697
0.0544823
0.0668541
-0.0415133
0.0220584
0.0338355
-0.0117393
0.17523
0.0590913
0.102285
0.151932
0.000224132
0.190648
0.137123
0.124379
0.150139
0.0824737
0.0947229
0.165147
0.0449324
-0.14815
0.035091
0.117266
0.0804729
0.206597
-0.00235285
-0.0153048
0.128183
0.162246
0.199915
0.00951972
-0.0430263
0.0222911
0.10038
-0.0261307
0.0345097
0.200561
0.0888018
-0.0460081
0.0681827
0.176749
-0.159994
0.0677508
-0.0583976
0.0112137
-0.0593853
0.110249
-0.166007
-0.0117967
-0.0746233
0.103375
-0.0836878
0.053477
0.0431939
0.00429361
-0.0539288
-0.214238
-0.0666643
-0.118369
0.0513964
-0.0900187
0.0761065
-0.0988645
-0.00106031
0.086751
0.11451
0.0614804
-0.237599
-0.0293125
-0.0852377
0.0868818
-0.0532966
-0.123562
-0.13581
0.0157763
0.10706
-0.123115
-0.113275
0.0140633
-0.0360316
-0.243084
0.102862
-0.114731
0.000994799
-0.0480023
-0.0868477
-0.24088
-0.0830964
-0.197996
-0.0303654
-0.0479785
-0.14989
-0.0135334
-0.0342419
0.123221
0.077339
-0.0594533
0.0538255
0.148734
-0.224113
-0.167464
-0.0853086
-0.15769
-0.137846
0.0140034
-0.0564743
0.0732289
0.013484
-0.0847015
0.0164126
-0.0191029
0.105613
0.0405523
0.00494167
-0.161406
-0.0729706
-0.0663022
0.0765834
-0.0722329
0.074082
-0.139429
0.0427966
0.0998138
0.0282392
-0.129384
0.0640783
0.0626517
0.00726418
0.00459796
0.0438339
0.0685079
-0.0347693
-0.0597374
-0.0860985
-0.213401
0.0828796
-0.00277804
-0.0686832
-0.107396
-0.156774
0.0665589
0.0342599
-0.05924
0.0156846
0.0957122
-0.117799
0.103119
-0.0907029
0.0156998
-0.0626146
-0.0362434
0.051141
0.0083234
0.0517671
0.104946
-0.10835
-0.173484
-0.040208
0.00869681
0.0090151
-0.147704
-0.0343309
0.0445247
-0.0848391
-0.0347136
-0.159509
-0.112861
0.0310117
0.0134012
-0.143015
0.139619
-0.0586197
-0.0251195
0.0910667
0.106645
-0.119472
-0.118728
-0.0925124
-0.103192
-0.180561
-0.109585
0.00987737
-0.163221
0.014122
0.113915
-0.0522364
0.0920034
0.00211203
0.115573
-0.0717255
-0.0386414
0.044493
-0.0484461
0.052506
0.00525473
-0.113673
-0.0382016
-0.119121
-0.111615
-0.0926287
-0.0179943
0.113467
-0.161626
-0.0328484
-0.0477934
0.0140267
0.00321989
0.0313325
0.107041
0.0874307
-0.106603
0.02692
-0.0320426
0.0311975
-0.0585927
-0.16689
0.0591515
-0.185774
-0.0233527
-0.10474
-0.023617
-0.11699
-0.0768734
-0.189184
0.0625189
0.0256057
-0.206231
0.00906416
0.116966
-0.0508511
0.0847888
-0.0523594
0.0179495
-0.0592832
-0.200967
0.152748
-0.0388181
0.139842
0.0412497
-0.10139
-0.0185634
-0.0771191
0.0712289
0.153059
0.101727
0.180793
0.0760711
0.206919
-0.0500906
0.177237
-0.0824502
-0.040836
0.140368
-0.00674836
0.247111
0.0623178
0.0444733
-0.00802288
0.125185
0.0349506
-0.0952219
-0.0258918
0.0542962
0.0721185
-0.0503598
0.173926
0.0611188
0.168018
0.0129351
-0.00453737
0.0953818
-0.0170348
-0.0423006
0.232842
0.154829
-0.0382228
0.0937703
0.0685194
0.0654699
0.0628738
0.165914
0.265182
-0.0786285
0.0207409
0.132199
0.0512113
-0.0610494
0.063595
0.0752958
-0.150875
0.0478713
0.156271
0.0943313
0.285846
0.0283939
0.114665
-0.0353497
-0.127248
-0.119884
0.103869
0.0958416
-0.0162781
0.0228239
0.00988443
0.127219
0.0500485
0.0209672
0.0721811
-0.0886187
0.252357
0.169892
0.0668237
0.256392
0.120596
0.00731059
0.185008
0.0663764
0.17106
-0.00193333
-0.0292026
0.177244
-0.0465404
0.0203269
0.035401
-0.0282875
0.0546969
-0.121965
0.0108034
0.182966
-0.0123141
0.0704006
-0.105143
0.208189
0.227426
-0.217894
0.14941
-0.0316551
0.0170941
-0.0859437
0.0567919
0.176902
0.246755
0.0817205
0.175376
0.0898671
0.0879535
-0.184879
0.00658021
0.0482983
-0.0601225
0.0703122
0.136074
-0.197408
0.130684
-0.0454796
-0.0741116
-0.085034
0.0722429
0.0700976
0.0605076
0.129381
-0.108711
-0.0461674
0.135185
0.222308
-0.0589971
-0.0890923
0.014028
0.11671
-0.0807488
0.0718094
0.176967
0.233214
-0.0490715
0.0454589
0.0871112
-0.139678
-0.0852303
-0.0937431
0.145442
0.12461
0.213384
0.0101058
0.154979
-0.0100829
0.126742
0.094109
0.0297114
0.0653337
-0.152231
-0.0837601
0.0649122
0.104772
0.0815316
0.0783299
0.0424516
-0.019991
0.122405
0.121156
-0.151656
-0.0198695
0.105075
-0.0858288
-0.0827977
-0.047962
0.0053402
0.0416702
0.006369
0.209135
0.186786
0.00466898
0.0149136
0.115493
0.139275
0.0459686
-0.107315
0.232227
0.0499125
0.20503
0.00709116
0.210053
0.137528
0.157802
-0.0629866
0.0228982
-0.0597874
0.000250155
-0.0605199
0.0936812
0.113185
0.0959727
0.0882773
0.19933
0.00919974
0.057774
0.0750546
0.15789
-0.00333659
0.176246
0.190944
-0.00171184
0.131379
-0.0127356
0.0801027
0.154099
0.160405
0.0234501
0.127985
0.228999
0.118594
-0.0968753
0.230312
-0.164191
0.0941895
-0.0537843
-0.0206467
0.123637
-0.0694572
0.314251
0.0686123
0.026453
0.072988
-0.157839
-0.0147742
0.0421887
0.173258
-0.0271378
-0.0509121
0.106661
-0.000278954
-0.017852
0.0788403
0.0259223
0.135961
0.0529985
0.0685751
-0.0992549
-0.196932
0.169998
-0.106235
0.123435
0.20139
0.0879858
0.296904
0.0535139
0.0976584
0.172133
0.19329
-0.106266
0.177963
0.0938836
0.00440183
0.199804
0.0794726
0.224318
-0.0519498
0.122922
0.112697
0.0948194
0.067268
-0.172978
-0.0316349
0.00990229
-0.0280791
0.169392
-0.0882287
0.0803376
0.172769
0.0469648
-0.0418258
-0.0178791
0.0423266
0.128362
0.202755
-0.0377388
0.076462
0.164306
0.0800015
0.230394
0.291253
0.110208
0.170456
0.15112
0.318951
0.0748505
0.122948
0.0378339
0.0495971
0.0222927
0.130991
0.0714343
0.106858
0.167763
-0.0292206
0.0502495
0.0732817
-0.141526
0.109712
-0.112734
0.0204202
0.0413973
0.132882
-0.0582588
0.204467
0.119969
0.177932
0.105074
-0.119989
0.0203007
0.154698
0.296222
0.0221468
0.11175
0.0383184
-0.0909122
0.238406
0.0103316
0.150198
-0.0226573
0.129075
0.00315301
-0.0384572
0.104896
-0.0722737
0.0954793
0.1661
0.150216
-0.0138838
0.173305
-0.0988176
0.00157971
0.191718
0.0280389
0.196018
0.136537
0.194221
-0.118484
-0.0159114
0.00740242
-0.032659
0.0774177
-0.0287651
-0.0176594
0.27153
-0.0177634
0.0699987
0.0204859
0.119076
0.145721
0.214987
0.0761405
0.0408179
-0.0241655
0.238539
0.0185167
0.199119
-0.0242718
0.204707
0.123693
0.108391
-0.118623
-0.204247
0.0131424
0.00936536
0.198283
0.0429806
0.0834121
0.0381145
0.0248766
-0.0600087
-0.087109
0.186343
0.0567237
0.140765
0.208703
0.125016
0.0186151
0.0717078
0.158923
0.04616
0.196793
0.0784168
0.312747
0.255133
0.240599
0.0979609
0.0662411
0.0385105
0.11686
0.0230417
0.269356
0.0947003
-0.0680309
0.0786512
0.144007
0.042271
0.0280424
0.0322432
0.136261
0.136722
0.234421
0.0343933
-0.0485498
0.130322
0.203214
-0.10126
0.173508
0.11024
-0.046749
-0.0783494
0.11523
0.168984
-0.135336
0.0979934
-0.0773728
-0.0055721
0.0848429
0.0489832
-0.0266765
0.0168332
0.12739
-0.0229834
0.0749647
0.0756695
-0.0855884
0.0255564
0.0852903
0.174558
-0.14116
0.146228
-0.129452
0.0932658
-0.052397
0.0744405
0.0550299
0.0909705
0.0160328
0.0121649
0.043765
-0.148255
0.191524
-0.0196166
-0.0230039
0.128485
0.0426581
0.152823
0.20287
-0.00438351
0.146453
0.214146
0.0742762
-0.0974593
0.0149006
0.0309903
0.124739
0.228457
-0.0200181
0.10962
0.147525
-0.0617048
0.105837
0.0881498
-0.175232
0.0100113
0.0113113
-0.00337547
0.130792
0.0471131
0.0450402
0.0895277
0.0940749
0.1468
0.128578
0.143811
0.0127741
0.0351631
-0.00409766
0.0609687
0.16582
0.0728079
0.123264
0.127014
0.0796817
-0.0327146
0.10624
0.0731883
0.00899755
0.0738651
-0.0480267
0.0251613
0.0316364
0.197675
0.0219012
-0.184663
0.174602
0.19895
0.124674
0.168883
-0.144869
0.01343
0.191626
0.0818474
0.147256
0.0826503
0.212212
0.0826153
0.0609771
0.164182
-0.130707
-0.018815
-0.0878896
-0.0294135
-0.062111
0.0295054
0.110012
-0.0674143
0.117578
-0.0632365
0.0316419
-0.0521077
-0.162626
-0.144616
-0.0207678
0.0029397
0.0657522
0.0645186
0.0390439
-0.0686439
0.0135877
0.000728007
0.00664585
-0.0421789
-0.210967
-0.0538363
-0.153831
-0.0514221
-0.136844
-0.100792
0.0537961
0.11571
0.019321
-0.00238113
0.0152622
0.0295956
-0.0971377
-0.0214127
-0.0471013
-0.0225984
-0.0726387
-0.0971063
-0.170257
0.051275
-0.117752
-0.0930203
-0.0981018
-0.143268
-0.0912857
-0.146464
-0.0154571
-0.121497
-0.0545438
-0.106
0.0307489
-0.141699
-0.0746273
-0.0818909
-0.174667
0.0946174
-0.0110334
0.0262816
-0.115383
-0.0906632
-0.087833
0.0603659
-0.0503897
0.0670892
-0.169446
-0.156673
-0.12135
0.0622736
-0.0167299
0.00543014
-0.0388529
-0.0703421
-0.184761
0.0378067
0.0396581
-0.00519647
0.122612
0.0934497
-0.12899
-0.103626
-0.0550976
-0.0121625
-0.0935612
0.0810147
-0.202418
-0.148627
-0.105384
-0.0820873
-0.0459941
-0.166208
-0.16739
-0.0710355
0.0419166
-0.0170213
0.120482
-0.0544363
0.0388554
0.154432
0.0558606
0.0250564
0.316034
0.103354
-0.111712
0.112227
-0.188165
-0.0740732
0.0179655
-0.0586978
-0.070603
0.00405849
0.15805
0.129317
0.00966644
0.0687133
0.0549609
0.0666988
0.182131
0.0397693
-0.0102492
-0.0684407
0.00974996
0.0637721
0.017681
0.232635
0.222818
-0.0105064
-0.0252158
0.151218
0.162257
-0.0852633
0.230912
0.134806
0.142885
0.145587
0.294692
0.0256277
0.100561
-0.0806369
-0.0156238
0.0422869
0.256602
-0.0313895
-0.0552599
-0.0781744
0.0936607
0.153897
0.017261
0.0648849
-0.0110608
0.012485
-0.0117138
0.0182487
-0.157032
-0.0382608
0.0566893
0.0543773
-0.0901691
-0.098134
0.0447477
0.224651
0.0189055
-0.104695
0.203629
0.145114
0.0634143
0.260131
0.0616701
0.109766
-0.0130352
0.272324
0.164322
0.170123
-0.00148661
0.0841412
0.13188
0.0508142
0.0902059
-0.112118
-0.0738984
0.101983
-0.170664
0.15079
0.254894
-0.0795663
-0.0409047
0.00523289
0.147128
0.157176
-0.111632
-0.1641
0.179791
0.0492336
0.0715981
0.225914
0.12094
0.0792099
0.139508
0.176582
0.185962
0.107483
0.0547007
0.0832037
0.0622181
0.0239732
0.24273
-0.0745673
-0.0927511
0.263066
-0.0329433
0.134125
0.00133254
0.0809816
0.130885
0.0834386
0.0701349
0.0686913
0.0491167
0.0838696
0.0381365
0.0172679
0.0589831
-0.0951164
0.12527
-0.0138186
0.126842
0.224532
0.121031
-0.0447148
0.0119203
0.0186047
-0.127464
0.105207
-0.12458
0.0770434
0.0487255
0.233207
0.0432514
-0.0568975
0.0765316
0.24164
0.0052475
0.151954
0.0285028
-0.0761839
0.0309169
0.0987792
0.0489776
-0.0691681
-0.0597491
0.17047
-0.0293243
0.235496
-0.0767197
0.0632944
0.130507
0.132262
-0.0446318
0.186657
0.155374
0.143246
0.171546
0.0455112
0.140973
0.0084241
0.0164587
0.194091
0.0742325
0.204621
0.0130568
0.141015
0.201036
0.0316094
0.250598
-0.0308984
0.174352
0.162562
0.0388738
0.185872
0.229255
-0.0719446
0.161251
-0.161482
0.115408
0.0278126
-0.0875034
0.0517496
-0.0442892
-0.0327733
0.141696
-0.0093989
0.149176
0.172365
-0.00230158
-0.066027
0.110548
0.0679413
0.140058
0.0339849
0.177785
0.205671
0.015654
0.0552483
0.102841
0.00370223
-0.0324348
0.159982
-0.0214978
-0.145694
0.0815697
0.0521666
0.0174925
0.00732143
0.128073
0.181554
-0.0644443
0.0899328
-0.0445616
0.00732189
0.0117611
0.293967
0.00243432
-0.0390816
0.0326187
0.189938
-0.0669984
0.0883773
0.244573
0.230793
0.23211
-0.0257972
-0.067486
0.024346
0.0799284
0.0565169
0.133356
0.0794468
0.150917
0.205989
0.0123523
0.101594
0.0210978
0.150345
0.17597
0.0118834
0.126858
-0.0196208
0.000248854
0.225807
-0.0758796
0.234879
0.0503917
0.0487433
0.260841
-0.106787
-0.150688
0.0855768
0.0374165
0.015473
0.148566
0.0867291
0.0856472
0.0712657
0.0983247
0.0185855
-0.0912655
0.198553
-0.0821025
0.172119
0.217153
0.00324405
-0.0485903
0.125848
0.134097
0.165798
0.00230438
0.17216
0.0783062
0.208403
-0.10702
0.206412
0.148759
0.0714826
-0.0370443
0.113665
0.197489
0.00511325
0.237236
0.0847896
0.0329845
0.162669
-0.103132
0.12423
-0.0152141
0.200167
-0.0175113
0.123813
-0.0360089
0.250933
-0.076826
0.17986
0.085841
-0.0703062
-0.00790408
0.138835
0.0885172
-0.279751
0.0167151
-0.141602
-0.424455
-0.00802021
-0.139545
0.0923128
0.00781635
0.183112
0.00370013
-0.00650886
0.184752
-0.359535
-0.0830946
0.026469
0.0801802
-0.391846
0.166176
-0.0547538
0.0584879
0.103559
0.0865696
0.0146083
0.0506186
-0.0292493
-0.156046
-0.0775915
-0.255073
0.19563
0.0933769
-0.00749002
0.0462345
0.00895567
0.14871
0.0463967
-0.139088
-0.0508612
0.0292138
0.0587999
-0.0431596
-0.0796839
-0.34717
0.116691
0.0461875
0.0671081
-0.129914
0.0424705
-0.183258
-0.00526709
-0.190847
-0.190327
-0.205824
-0.033103
-0.0372619
-0.0744967
-0.127436
0.160174
0.160626
0.0281766
0.121872
-0.0730687
0.0463239
0.21854
0.0308376
0.0127056
-0.171562
0.0268631
-0.0433882
0.0531685
0.0704781
-0.143845
0.114972
0.164017
0.249288
0.0595488
-0.148208
-0.345852
0.047002
-0.231955
0.135616
0.0208723
-0.134501
0.0834414
0.00284751
-0.0459979
0.0219687
-0.289567
0.129674
0.0226758
-0.0474964
0.190925
0.191468
0.13885
0.134249
-0.105562
0.089597
0.140423
-0.0350088
-0.0378551
-0.0374517
0.18334
-0.0530878
0.00971054
0.130145
-0.144666
-0.0963592
-0.111574
0.200822
0.129587
0.0098876
0.0090411
0.109916
-0.0190464
-0.0615362
0.144468
0.0106261
0.15979
0.0332881
0.109132
0.0344506
-0.075438
0.181317
0.0273686
0.178064
0.0393345
0.222203
-0.0589035
0.10479
-0.178085
0.197176
0.189562
0.00954676
0.196574
0.129698
0.0735282
0.0732724
0.0209057
0.044843
-0.0691203
0.172687
0.0560609
-0.0556309
0.00668654
-0.0626236
0.208218
-0.0400292
0.0832449
0.204592
-0.0593925
-0.110981
0.105578
-0.263627
0.111288
0.11533
-0.0448504
-0.0337835
-0.0885801
0.223424
0.236429
-0.0759273
0.0966305
0.163912
0.156367
0.0256619
0.136579
-0.012166
-0.0261152
-0.0928577
0.0715087
0.147373
-0.0122226
0.0758648
-0.0042368
0.120867
-0.00198363
0.0490463
0.0439201
0.057277
0.20557
-0.0911096
0.181863
0.0983119
-0.0204815
0.114689
-0.0965191
0.131063
0.118739
-0.106022
0.024095
0.0836201
0.0753796
0.0761527
-0.10091
-0.030562
0.239383
0.116707
0.171184
0.083739
0.00144081
-0.0263291
0.138784
0.136341
0.0766892
-0.0268338
0.0286391
0.00359135
-0.00258453
-0.0778366
0.0634736
-0.0359177
0.0780824
0.151989
0.138204
0.0753827
-0.0497064
-0.00819526
0.107913
0.230166
-0.148564
0.0683129
-0.0336517
0.0771135
0.0772005
0.126946
0.206716
0.137526
-0.0707056
0.0791551
0.148677
-0.0499537
0.148267
-0.0943098
0.0709861
0.192639
0.287645
0.0619248
-0.0305362
-0.0753669
-0.0723556
-0.105859
0.101622
-0.0757232
0.173672
-0.0323046
0.038408
0.024235
0.192133
0.228316
0.0187128
0.0490221
0.0792629
0.00193225
-0.232131
-0.119719
-0.0764934
0.181238
0.11128
-0.118421
-0.0178451
0.134052
-0.0217298
-0.0236324
-0.128889
0.165362
0.221763
7.66795e-05
0.10363
0.0622674
0.229182
-0.0234316
0.028863
-0.0734767
0.150565
0.186565
0.16673
0.0896493
0.0627078
-0.117343
0.100869
0.195652
-0.148342
0.257178
0.146113
0.089921
0.181514
0.0640396
0.0494009
0.0714954
0.0535179
0.0446789
0.214287
0.0317536
-0.0129795
0.27491
0.0798694
-0.0127298
0.0107461
0.163703
-0.102816
0.0682282
-0.141792
-0.143147
-0.0128508
0.107356
-0.026805
-0.0938921
-0.0950037
-0.085696
-0.0994964
-0.153801
-0.0851091
-0.136402
0.0214161
0.028541
0.066729
-0.131474
-0.202722
0.0871719
0.0749648
-0.0282534
-0.157126
-0.1654
-0.212892
-0.0981291
-0.0283906
0.000697567
-0.133754
-0.0508201
0.0349912
-0.125481
-0.109248
-0.1004
0.00659476
-0.0934861
-0.223663
0.0538687
0.0767414
0.0508834
0.0252948
-0.0073839
-0.0796523
0.0721196
-0.0192779
0.0334415
-0.240751
-0.0910273
-0.0586895
0.0901431
-0.128392
0.128229
0.000408002
0.0692106
-0.0475569
-0.110703
-0.00745131
-0.0255723
-0.0864086
-0.0280263
-0.0120043
0.0930579
-0.228687
-0.0468828
-0.0690546
-0.0663999
-0.161834
-0.0632088
-0.112026
-0.136386
0.0336995
-0.0774031
-0.0591759
0.00180423
-0.196782
0.0509301
0.0183412
-0.0144342
0.0259081
-0.14905
-0.0610016
0.00942714
0.0125301
0.0475724
-0.032895
-0.0350818
0.0173196
0.0149179
0.0630952
0.0198143
-0.0460025
-0.0468164
0.0790972
-0.0271764
-0.0737341
-0.0560381
-0.0326213
0.0599026
0.0462226
-0.053576
0.0427861
0.112307
0.0728521
0.166142
0.0598063
0.191474
0.0847926
0.0492934
0.037798
-0.275363
0.197337
0.0122121
0.137532
0.160124
0.0803028
0.119181
0.0372549
0.072986
-0.0559166
-0.0655912
0.0419969
-0.0227592
-0.065855
0.095455
0.161539
0.2817
0.0177955
0.138755
-0.0457766
0.247822
0.0557895
0.0145299
0.107383
0.111744
0.143662
0.185513
0.150904
0.120685
0.183516
-0.00470986
-0.0642884
-0.0650641
-0.0432719
0.112158
0.0873309
0.129597
0.0366533
-0.00192204
0.173587
0.0102137
0.167491
0.135116
0.0662597
0.144741
0.161541
0.0815219
-0.105463
0.130447
-0.110649
-0.032722
0.0257708
-0.0179885
0.0348856
-0.0434358
-0.00675535
-0.0691987
0.00318194
0.264173
0.05314
0.15498
0.0575077
0.0956843
0.0990966
0.189673
0.0501176
0.111163
-0.0489122
0.0228136
0.171744
0.117195
0.0176296
0.0967159
0.0424036
0.176536
0.0218646
0.049855
0.0373781
-0.127849
0.115103
-0.0732035
0.193383
0.0488185
0.057004
0.150553
0.0838396
0.212485
0.00273495
0.207826
0.28173
0.155691
-0.0175269
0.173812
0.175985
0.0290724
0.0275954
0.230737
0.0640154
-0.257007
0.309355
0.0383241
0.0132166
0.153196
0.0444581
0.139265
0.0260417
0.0174977
-0.0509284
0.0263831
0.148438
0.00755536
-0.00922022
0.133562
0.104348
0.11378
0.0277049
0.122894
0.164077
0.0271685
0.149121
0.199
-0.0256532
-0.00905831
0.0820608
-0.01207
-0.155856
0.135822
0.0975081
0.0901807
0.095276
0.00170238
-0.0758512
0.155669
0.0480608
0.144275
-0.117717
0.145387
0.00302194
0.0271187
-0.015996
0.17293
-0.120442
0.164144
0.150795
0.0598716
0.0393708
0.162741
-0.0245232
-0.119007
-0.0286102
0.0787434
0.0883352
-0.00768013
-0.0724565
0.119091
0.216004
0.00851422
-0.0179744
0.101057
0.00948355
0.217014
0.149489
0.0521336
0.0154122
0.0922861
0.021536
0.0175766
0.303618
-0.0176257
0.277151
0.162874
0.107642
-0.0967039
-0.0859108
-0.170785
0.0775402
-0.0913848
0.213797
0.250939
-0.0127192
0.118443
-0.0370804
0.0369624
0.158585
0.0016314
-0.0208471
0.186075
0.135514
0.0819951
0.181343
0.086012
0.0935203
0.0308725
0.178382
0.0870413
0.0842548
0.143915
0.257986
0.0462365
-0.147387
0.104565
0.0842274
-0.0693916
0.164431
0.0328751
0.0391452
0.0647317
0.214
0.110922
0.0746508
0.220946
0.0928647
0.0811109
0.0848236
0.231131
-0.0396802
0.19206
-0.107025
0.19778
0.21979
-0.0111357
0.0883324
0.160561
0.137303
-0.0905354
0.139375
-0.0562941
-0.0253854
0.19144
0.174918
0.0168592
-0.026464
0.232762
-0.0329771
0.0503207
0.00062263
0.106959
0.0907138
0.0201994
0.0516792
-0.129842
0.0740059
0.0843385
0.0500131
0.221903
0.0596395
0.0164956
0.15919
-0.0174644
-0.0892617
0.0407659
0.121841
-0.102773
0.00447491
-0.0430641
0.148375
0.063544
-0.0727929
0.16557
-0.027098
0.290733
0.0140417
-0.00358377
0.185689
0.0145462
-0.119641
0.0167911
0.0821855
0.128571
0.169257
0.0924182
0.112751
0.228126
0.0965908
0.0377266
-0.0575156
0.208262
-0.128066
0.197593
0.136063
-0.0522782
0.0306475
-0.0431202
0.160146
0.0901736
-0.0982223
-0.0283804
0.167974
0.181152
0.0365004
0.171092
0.069824
0.18436
-0.00329011
0.169608
-0.347616
-0.199118
-0.00181021
-0.0539659
0.0512121
0.276997
0.139503
0.185527
0.229025
-0.254105
0.00856159
-0.409409
-0.285656
0.115815
-0.109395
-0.234015
-0.344743
0.115313
-0.144077
-0.0899204
-0.015194
-0.0319217
-0.207841
0.0178286
0.0451501
0.0988483
-0.0268173
0.101081
-0.103102
0.0636504
-0.0461965
-0.172099
0.202733
-0.113596
-0.0146271
-0.0872825
-0.127493
-0.0760807
-0.0875814
-0.0395189
-0.192982
-0.189849
-0.400528
-0.0123668
-0.405968
-0.0143057
0.239871
-0.00217633
-0.453892
-0.13416
0.108636
-0.202295
-0.170919
0.116096
-0.0778871
0.377038
-0.262034
-0.322359
-0.165258
-0.274282
-0.16863
0.0954503
0.0106214
-0.127085
-0.029971
0.101504
-0.093218
-0.0294177
0.0738553
0.117254
-0.251624
-0.0809982
0.170412
0.0236832
-0.105608
-0.335799
0.127023
0.0641993
0.0765259
-0.205355
-0.195125
0.257652
0.117431
0.176693
-0.212456
-0.0801517
0.0262536
0.0585156
-0.350283
0.011875
-0.0384626
0.257891
-0.135035
0.0585991
0.013703
-0.0201931
0.248653
0.0882826
0.0598248
0.0129298
0.185286
-0.162274
0.0457132
0.0951324
-0.0716042
-0.179235
0.044828
0.0596113
0.0546635
-0.0945996
-0.0160211
-0.138421
-0.119834
-0.00578534
-0.106797
-0.129397
0.0340707
0.0990029
0.00392262
0.114384
-0.083202
0.142692
-0.103458
0.0938809
0.0198689
0.0581318
-0.00392134
-0.000857593
-0.104641
-0.0230528
-0.158564
-0.0481597
0.0470909
-0.0193967
0.0196274
0.00578242
-0.0310978
0.0223842
0.0181749
0.0122512
-0.113859
-0.020861
-0.0454509
0.0429232
0.0909313
0.0413526
0.10949
-0.00480432
0.0538498
0.162894
-0.163988
-0.136354
-0.0130629
-0.0091401
-0.0951154
-0.136744
-0.10705
-0.095951
-0.0402508
-0.153296
-0.0016639
-0.0728081
0.0345502
-0.058475
-0.175064
-0.00369244
-0.0698904
-0.0241328
-0.0712824
-0.0950444
-0.0537207
-0.0206559
0.0133837
-0.0538973
0.105567
-0.0343108
-0.000884136
-0.104128
-0.0800486
0.0274833
0.0584858
-0.0590207
-0.106755
-0.0099908
-0.189401
0.00141909
-0.0325293
0.00591987
-0.132989
-0.180849
-0.0630176
0.00112111
-0.0350249
-0.0637634
-0.0718102
0.0694511
-0.169445
-0.0390833
-0.0289238
-0.102878
-0.0342971
0.0370591
-0.00720124
-0.144429
-0.0656656
0.0243208
0.146507
-0.204333
0.0622324
0.0624554
-0.175629
-0.164058
0.00858227
-0.0974786
-0.0300449
0.134486
-0.143108
0.0896137
-0.167912
0.110543
-0.109619
-0.0129385
-0.0260274
-0.0266698
-0.0325978
-0.0098224
-0.153966
-0.0686385
-0.0337979
-0.135759
-0.120753
-0.0835836
0.023517
-0.0768283
0.047074
0.0753689
0.0395425
-0.0169982
0.116358
0.0801329
-0.105604
-0.184902
0.000328135
0.118701
0.091532
0.0423419
-0.0747656
0.1558
-0.0861717
0.0283241
0.0520962
-0.118624
-0.171939
-0.0684925
0.0239907
0.119134
0.0776774
0.0586915
-0.112211
-0.155933
0.00768668
0.00718113
0.0206094
0.0544336
-0.0382199
-0.0457138
0.100934
0.0497514
0.151915
0.00690765
-0.0219678
0.0332739
-0.0613347
0.11298
-0.0189954
-0.203685
0.00391646
0.0430655
-0.0832574
0.0767208
-0.0479006
0.0897
0.110267
-0.129651
-0.20334
-0.149696
0.0489677
0.0240645
-0.0797018
0.100476
-0.0846395
-0.118638
-0.0602309
0.115563
-0.056349
0.0516801
-0.220338
-0.0154673
-0.0022188
0.112593
-0.0405716
0.0237901
0.0735419
0.0583985
-0.0978632
0.0139198
-0.0567279
0.0407172
-0.267098
0.143337
0.083153
-0.227186
0.164403
0.0255557
0.0657275
0.0218382
0.245723
-0.125034
0.0747811
-0.0355942
-0.175647
0.0431578
0.170134
-0.0424103
-0.00144071
0.0142249
-0.031959
0.118735
0.00175938
0.0865519
0.123039
0.0474969
0.0295648
-0.0199569
0.0852031
-0.169304
0.0651463
0.020857
0.202792
0.21003
0.0378285
0.00765092
0.150357
0.0176809
0.241869
0.0355865
0.138118
0.0516878
-0.0753625
-0.0325366
0.0870818
-0.026493
0.0576301
0.116806
0.202524
0.0249768
0.0606703
-0.0604555
-0.115604
-0.195386
-0.190183
-0.0919087
0.0597561
0.0722516
0.16059
0.145138
0.00235291
0.0522964
0.0282853
0.074815
0.110084
-0.0106968
-0.1291
0.16518
-0.0608741
-0.10786
0.0895566
0.211101
0.125963
-0.00236018
0.0682982
0.069284
0.12699
-0.00837104
-0.225763
0.0768778
0.0283011
0.0806122
0.086949
-0.0785531
0.147133
0.0809972
0.0711727
0.0443804
-0.168644
0.118772
0.0282962
0.0920233
0.0587299
0.135345
0.070335
0.167198
0.0071733
0.1287
-0.208836
-0.280715
-0.0765008
-0.105326
0.138664
0.165814
-0.0482766
0.151822
0.0584335
-0.269512
0.27981
-0.320522
-0.4961
0.0222378
-0.158982
-0.362675
-0.430999
0.0776709
-0.310109
-0.0621439
-0.0481824
0.149002
-0.341116
-0.0038556
-0.0172503
0.146164
-0.148629
0.166336
-0.0408783
0.18033
-0.066
-0.313691
0.235141
-0.185517
0.224131
-0.105941
-0.0586929
0.074027
-0.059835
-0.137452
-0.150281
-0.0771429
-0.322338
-0.0307116
-0.377247
-0.0314943
0.184803
0.17829
-0.515759
-0.0579085
-0.00903369
-0.248443
-0.369049
-0.058159
-0.123295
0.275948
-0.102191
-0.0813437
-0.177769
-0.264965
-0.108096
-0.0977959
-0.110089
-0.094066
0.0554884
-0.116798
-0.0946808
0.0399434
-0.158445
-0.0926719
-0.253772
-0.182764
0.187339
0.179384
0.00809429
-0.44157
0.000819719
0.108826
0.0787869
-0.0694833
-0.198413
0.205952
0.0857394
0.264998
0.062606
-0.0474769
0.251398
0.0791307
-0.24672
-0.0481813
0.182241
0.301437
-0.261849
0.031327
-0.18009
-0.100268
0.0799754
0.098029
0.107828
-0.033951
0.220786
-0.108645
0.0273275
0.222671
-0.194862
0.0838738
0.311273
0.0854725
0.230568
0.275853
0.00396758
0.199467
0.0308141
-0.0289268
0.0548603
-0.0391802
-0.0459268
-0.00873234
0.14389
-0.0649994
0.050793
0.0268153
0.157842
-0.0178038
0.0181295
0.0105509
0.0744525
-0.155148
-0.0576848
-0.0862907
0.0424381
-0.0366952
0.0357088
0.197954
-0.0903813
0.0466579
0.067336
-0.0685295
-0.111651
0.0513282
0.0336974
0.14091
0.0487274
0.117512
0.0287262
-0.154639
0.080524
0.145167
0.0341627
-0.0965154
0.155884
0.107281
-0.0495153
0.228971
-0.0639061
0.0234597
0.235634
0.26061
0.0526977
0.0563113
-0.00791844
0.108093
0.032176
-0.0213543
0.138347
-0.0901421
-0.0517948
-0.177464
0.118843
-0.0473873
-0.0488772
-0.030479
0.0275313
0.206447
-0.046962
-0.0130746
0.140473
-0.0596641
-0.0660885
-0.123385
-0.119921
0.0233963
0.10222
-0.00812761
0.134496
-0.160103
-0.0555523
0.181182
-0.0689849
0.0411129
0.0670541
-0.0463254
0.20367
0.0216657
0.0380989
-0.0506329
0.225418
-0.0609163
-0.0617399
0.133026
-0.103527
0.194953
-0.103801
0.0524773
-0.0434902
-0.0648804
-0.0910448
-0.113074
0.0891223
-0.0494335
-0.210099
0.0571445
0.0164786
0.0868562
-0.130186
-0.0924818
-0.0150493
-0.0606285
-0.154963
-0.121065
-0.00257599
-0.0749678
-0.121732
-0.00458217
-0.0195983
-0.142062
0.0712725
-0.0312001
-0.0350734
-0.0584444
-0.0586268
0.00600625
-0.171937
-0.0826754
-0.258302
-0.0222432
-0.246788
-0.0680275
0.0996452
0.0734822
-0.00529193
-0.0638956
-0.0964178
-0.0233728
-0.0866843
-0.11499
-0.0446963
-0.0607671
-0.00765979
-0.152775
0.113498
0.0915809
-0.03623
-0.1609
-0.0414344
-0.0749215
-0.113407
-0.0435656
-0.0103408
-0.00481372
-0.0472477
0.0453654
-0.0744233
0.0968525
0.0443421
0.109245
-0.148882
-0.147768
-0.136117
0.0220924
0.198802
0.0127763
-0.23968
0.0129802
-0.189398
-0.067349
-0.030646
-0.0810549
-0.220506
0.0718338
0.0988071
0.0759625
-0.0973709
0.00122656
-0.0218117
-0.0544137
-0.103854
0.0251601
-0.0266629
-0.0773598
-0.174756
0.0146584
0.0125012
-0.104664
-0.14793
0.0509158
-0.101938
-0.18051
-0.0817099
-0.0534584
-0.0121566
-0.00842444
0.0465998
-0.00893505
0.151482
0.0237443
0.0617512
0.0973369
0.0193733
0.0526115
-0.0341781
-0.121865
0.0645599
-0.00864932
0.0457173
-0.0102153
0.00663905
0.116154
-0.014627
-0.0316799
0.00812251
0.0981691
-0.019388
0.118438
-0.140097
-0.0710959
0.101651
-0.113658
-0.0695526
-0.185878
-0.194001
-0.120656
-0.104504
0.0291734
0.0164425
0.0373278
0.109291
0.0136233
0.0449906
0.105013
0.144379
-0.119116
0.128475
-0.0640032
-0.150665
-0.0133561
0.0521358
-0.153594
0.0617457
-0.0912396
0.0410134
-0.0295825
-0.128329
-0.125121
-0.201323
-0.104662
-0.124536
0.103294
0.0448253
-0.104509
0.0880738
-0.101835
-0.144412
-0.0637143
-0.104952
0.0296917
0.0313059
0.107765
-0.0500367
0.157095
-0.040617
0.0539524
-0.215826
-0.209156
-0.0447598
-0.0293385
-0.00520982
0.0284856
-0.0602342
0.0243001
-0.0228443
0.0308317
-0.0638536
-0.119654
0.075383
0.0849295
0.0314296
-0.101686
-0.0140757
-0.185187
0.118774
-0.179899
0.184775
-0.0879724
-0.0619702
0.0984615
0.0871401
0.00970658
0.017773
-0.109112
-0.161715
-0.0255815
0.0390229
0.0766083
-0.0281291
-0.162765
0.13753
0.045225
0.122799
-0.150636
-0.0828054
-0.080704
0.0277991
-0.196706
-0.0720112
0.0763488
0.0693405
0.0353177
0.069394
0.0160824
0.0966554
-0.120043
0.104488
-0.114674
-0.00455657
0.139996
0.0462684
0.0355435
-0.0438197
-0.0531486
-0.0441681
-0.124005
-0.0246358
-0.00636499
-0.0246403
0.0911122
0.0548732
-0.100892
-0.030581
-0.141486
0.00303177
0.00452078
0.0333188
-0.0754481
-0.0482424
0.0664628
-0.0718361
-0.123989
-0.169957
-0.0660231
0.0557283
-0.0784155
-0.156255
-0.0652785
-0.0174861
-0.133077
0.0140348
-0.10225
-0.0531266
-0.0696366
-0.128925
0.0133863
-0.040521
-0.0626746
0.0802322
-0.0204646
-0.0830661
0.105348
0.0826794
-0.0990102
0.135014
0.00811037
0.0311132
-0.0505878
-0.168055
0.0620734
-0.0815911
0.0259595
0.141909
-0.145192
0.141095
-0.0362147
-0.0859229
-0.173988
0.0929133
0.0595773
-0.119065
0.0266975
0.045819
-0.058285
-0.15557
-0.0729279
-0.0158556
0.0592023
0.0200844
0.00159152
-0.00473481
0.0571758
-0.169382
-0.000854439
0.0175054
-0.136593
-0.111369
-0.199105
0.0465668
0.0799304
0.092409
-0.0793829
0.17704
0.138428
-0.155406
0.134853
0.023055
-0.2064
-0.0340091
0.045834
-0.0375393
-0.00972945
0.0870388
0.0359266
0.167848
0.0872591
-0.11908
-0.00176262
0.0295881
0.0876561
-0.00386349
0.191785
0.0849737
0.261796
0.111873
0.229727
0.199794
-0.00819467
0.0840214
-0.127459
-0.0852579
-0.113756
-0.043348
0.123059
0.158882
0.247928
0.116741
0.00417831
0.154406
0.118774
0.021218
-0.0125582
-0.0756994
0.0173787
0.0463941
-0.067169
0.243294
0.11622
0.238868
0.146055
-0.000715942
-0.0137691
0.164933
0.112452
-0.155492
-0.160211
-0.0196681
0.0145101
0.03799
0.0990284
0.157992
0.0945223
-0.0627484
0.0226819
0.0384551
0.197109
0.146314
0.0259017
0.0862852
0.137956
0.0174695
0.134205
0.0331141
0.0907733
0.104336
0.222326
0.00651985
0.115052
-0.0308503
-0.0848533
-0.0630017
0.14093
-0.152841
0.207507
0.1376
-0.0853119
0.0136535
-0.0247335
0.208635
0.0973625
-0.194175
-0.110418
0.0711278
0.0818093
-0.0468292
0.045931
0.174677
0.228892
-0.110627
0.164915
0.0919874
-0.047081
0.168577
0.0542539
0.0337975
-0.0585516
0.0115987
0.0506755
-0.0731966
0.182568
0.0157349
0.137742
0.169607
0.170285
0.0540786
-0.0680728
0.0147458
0.0352049
-0.0551494
0.112231
0.249794
0.00407327
0.0924366
-0.0218432
0.30905
-0.00958299
-0.0634745
0.0810751
0.0981851
0.137951
0.0703711
-0.0322967
-0.0828738
0.096347
-0.177925
0.154155
-0.000149028
0.0735126
0.119268
0.0224861
0.0411034
0.113198
0.18305
0.236258
-0.00876132
-0.010745
-0.0729169
0.0760387
-0.0134759
0.153692
0.183181
0.0773295
-0.0629048
-0.0608529
0.155006
-0.197384
0.215966
-0.035781
-0.0771922
-0.139328
0.127969
0.0671551
0.192832
0.171793
-0.0529955
-0.0840438
0.0379599
0.292007
-0.0665418
0.0927063
0.0350642
0.0305145
0.246925
-0.0406392
0.155703
0.181358
-0.00437579
-0.0187732
0.0683085
0.13248
0.0435334
-0.16071
0.0468417
0.124253
0.098581
0.128717
0.0401243
0.0321025
-0.0875926
0.0914323
0.130473
-0.0407958
0.0690963
0.0738773
-0.00941458
-0.0173081
-0.0194912
0.157892
0.0884874
-0.00398661
0.179132
-0.375629
-0.173923
-0.139191
0.00393374
-0.0374754
0.209042
-0.0307619
0.234173
0.190281
-0.31518
-0.00465548
-0.492097
-0.341715
0.0680102
-0.228886
-0.302565
-0.336866
0.224674
-0.291257
-0.0135233
-0.129016
0.132189
-0.386573
-0.0530329
-0.149945
0.0316465
-0.0795153
0.0364795
-0.0417666
-0.062534
0.0286846
-0.128976
0.078041
0.00069653
0.211286
0.0030639
0.119402
0.0459356
0.103546
-0.193203
-0.0879639
-0.107576
-0.351172
-0.216324
-0.420242
-0.178313
0.161993
0.162995
-0.285084
0.0871952
-0.107767
-0.147908
-0.161852
-0.174634
-0.115343
0.178133
-0.252001
-0.342898
-0.0756382
-0.106857
-0.0876732
-0.188561
0.00788109
-0.184679
-0.0301692
-0.27434
-0.0924349
0.0167906
0.159627
-0.129647
-0.27418
-0.181785
-0.0635901
0.0519314
-0.0298088
-0.207636
0.0806368
-0.0983853
-0.0350834
-0.123779
-0.0723142
0.275401
-0.0928085
0.194947
-0.0676235
0.101145
-0.0515081
0.161512
-0.262796
0.107495
-0.0238864
0.0312719
-0.0350894
-0.0598106
0.00892447
0.00175168
-0.0834737
-0.0253551
-0.0517464
-0.0333081
0.162945
0.0012981
0.0921476
0.0616272
0.0983939
0.00829248
0.233185
-0.019005
0.105239
0.298263
-0.0376904
0.134234
-0.10594
-0.0848466
-0.0215084
0.106719
0.0895711
0.193592
0.285764
0.0274026
-0.0604055
0.000555016
0.0964054
-0.124091
0.0799483
-0.0661129
0.0694302
0.133235
0.102557
-0.119328
0.250076
0.199954
0.0357368
0.134474
-0.201939
0.171726
-0.0286878
0.0547693
-0.00898981
-0.0733464
0.286622
0.241951
-0.100883
-0.118009
-0.0233064
0.115649
-0.00603047
0.28433
0.184712
0.0688747
-0.135313
-0.0802502
-0.0537969
0.113117
0.0802176
0.194837
0.362246
0.165283
0.113833
0.19124
-0.156908
0.115657
0.0335132
0.0806677
-0.110749
0.0877414
0.231527
0.117671
0.0563954
0.00947798
-0.0463976
-0.18779
0.0233446
0.102764
0.143014
0.0550682
0.182962
-0.0718755
0.0477237
-0.0824391
0.0615096
0.187571
0.371356
0.0225849
0.247162
-0.12186
0.118356
0.045876
0.0546503
0.260121
0.191949
0.14417
0.30469
0.150173
0.107966
0.0226844
0.0366523
0.0862289
0.0919064
0.0902685
0.0716
0.239419
-0.205012
-0.192253
0.0365902
-0.0381856
-0.155319
0.0807176
-0.164145
-0.0679891
-0.0180711
-0.0843479
-0.217234
0.0462912
0.0250834
0.0969353
0.119151
-0.0198032
-0.0108608
0.103228
0.0448971
-0.111045
-0.0625502
0.108957
0.0151982
-0.0968935
-0.0015031
-0.147473
0.0226377
-0.125486
0.0579193
0.0894481
-0.0185134
-0.0417066
-0.0908469
0.0194892
-0.133655
0.0429693
-0.0653026
0.0298647
0.10166
0.0297306
0.0586488
0.0620288
-0.0158408
-0.0791261
-0.0484601
-0.160434
-0.179814
-0.0546485
-0.0117363
0.050887
-0.055301
-0.168413
-0.108545
-0.144996
0.0573761
0.0297892
-0.0151666
-0.0893476
-0.134633
-0.0582831
-0.0133195
0.0486864
-0.0399389
0.0337481
0.0614864
-0.0616063
-0.0571146
0.0445353
0.0806094
-0.0276509
-0.00133542
0.0460222
-0.0511357
-0.0421859
0.0788656
-0.0204879
0.0517408
-0.219794
0.0568186
-0.042644
-0.0291952
0.044715
0.0799454
0.0493078
-0.0339367
-0.0519322
-0.0042292
0.0191284
0.077069
-0.0166609
-0.189321
-0.143554
0.0125411
-0.0521463
-0.0458185
-0.0340806
-0.127397
-0.027089
-0.156186
-0.0967709
0.0626739
-0.0709783
0.0254418
-0.115277
-0.0757206
-0.0253482
-0.0614477
0.0149176
0.128606
-0.140148
-0.05121
0.110249
0.0766069
-0.162995
-0.0502817
-0.0834023
-0.0525649
0.035247
-0.080946
0.0276169
-0.0584621
0.0102277
-0.0489639
-0.163307
0.0208664
0.0167054
-0.247392
-0.0922804
0.134968
-0.148105
-0.0192184
-0.130164
-0.0639729
0.0444064
-0.0333096
0.015911
-0.0452887
0.0517591
-0.031484
0.0957108
0.0272905
-0.0705637
-0.113327
0.0502184
-0.102945
0.0222369
-0.108148
-0.12156
-0.178154
0.105333
0.0366772
0.11161
0.0245936
-0.0787956
0.0425696
0.0588894
0.0324848
0.0529088
0.0625859
-0.025411
-0.179802
-0.111183
-0.128966
-0.0467157
0.0341967
0.135254
0.178942
-0.0148077
-0.0326732
-0.123174
0.0315356
-0.146264
-0.068176
0.097381
0.0152967
-0.160389
0.00788045
-0.168249
-0.0734484
0.0560456
0.0545188
-0.0044462
-0.00711058
-0.128146
-0.127515
-0.0567475
0.150973
0.136672
-0.139234
0.00247737
-0.0849768
0.0296701
-0.0522747
0.0129454
-0.0962902
-0.111552
-0.0620907
0.0183739
-0.12008
0.11711
-0.0340315
0.0540999
0.164087
-0.139918
0.0489044
0.329447
0.205453
-0.0929767
0.136189
-0.179971
-0.114112
-0.0027023
-0.0472602
-0.077026
0.144069
0.0305305
0.0354222
0.205321
0.018738
-0.0273226
0.103726
0.213309
0.0398418
-0.0674099
0.140176
0.102335
0.00971612
0.0649956
0.0979374
0.0466531
0.17823
0.0980432
0.132143
0.13188
-0.0270476
0.119077
0.179892
0.165792
0.0640783
0.0855226
0.144717
0.00731154
-0.108425
0.1562
-0.0147434
0.160744
0.0721605
0.0686058
0.00258772
0.0200882
0.269014
0.097159
0.223262
0.0155504
0.0833191
0.15832
-0.0548469
-0.0740927
0.0974217
0.109158
0.12518
0.0422126
-0.00211833
0.12491
0.0586795
0.0432144
-0.0202409
-0.0149849
0.178887
0.116653
0.152184
0.0296946
0.0932567
0.0343875
0.0265587
0.187212
0.214735
0.0410714
0.263455
0.13547
0.0570922
0.119516
-0.0072559
-0.169541
0.0613559
0.107625
0.212809
-0.0795165
-0.048071
0.0468592
-0.13526
0.0957552
0.105832
0.0640845
-0.036471
0.143394
0.173583
0.0211081
0.277938
0.254938
0.185456
0.0260446
0.178212
0.174775
0.0404138
-0.0495664
0.183055
-0.0247672
0.0138287
0.0862702
-0.178942
-0.0357462
0.170308
0.124901
0.161699
-0.0729241
0.105311
-0.0390542
0.0596524
-0.0649362
0.0313691
-0.0649906
-0.0137867
0.119783
-0.132011
0.0527678
-0.0434715
0.158235
0.168392
-0.0123336
0.186713
-0.0379163
0.267664
0.018961
0.0243978
-0.157982
0.182628
0.185321
0.0844502
0.167707
0.097763
0.153315
0.0276688
-0.0580556
0.138367
0.202371
-0.00556273
-0.00759059
0.117446
0.00923515
0.111356
0.0944254
0.148996
0.126589
0.0555548
-0.0270331
0.241133
-0.0219086
-0.157569
0.0555426
-0.015066
-0.131721
-0.100737
0.0312584
0.206895
-0.0441109
0.130607
0.180005
0.00806779
0.161296
0.124032
0.158662
0.103753
0.127673
-0.125106
-0.0303998
0.169587
0.0152904
0.0300975
0.0727158
0.218271
0.222447
0.0942234
0.0494574
-0.160081
-0.00342536
-0.0868724
0.310338
0.260844
0.0490571
0.1968
0.122492
0.166848
0.00134285
0.0431962
-0.0918175
0.269631
0.172192
-0.117561
0.178157
0.236228
0.0043244
0.00996529
0.178526
0.125952
0.102826
-0.0659502
0.220597
0.0792138
-0.0275873
0.236471
-0.00702917
0.00871372
0.176223
-0.00354563
0.249599
0.0845207
0.212967
-0.031871
-0.0252751
0.130953
0.0105188
0.016787
0.149101
0.238742
-0.0651103
0.0768553
-0.0102286
0.0348493
0.086565
0.172459
0.0322144
0.0731142
0.0280322
0.0581906
0.164451
0.00105992
0.108548
0.194686
0.175907
0.200299
0.112956
0.0459741
-0.0114714
-0.0272259
0.0259843
0.146217
0.119877
0.0786076
0.0199141
-0.0876675
0.0913365
0.00511403
0.123521
0.138493
-0.00837405
-0.0293196
-0.0101017
0.202341
0.0794085
0.0671154
-0.0883832
0.0913249
0.0948211
0.0424226
0.244638
0.11744
0.109381
-0.116766
-0.0910944
0.151869
0.13583
0.142228
0.036372
0.0401699
-0.0983001
0.104218
0.0866721
0.190981
-0.000199841
0.0378251
0.209139
0.0622006
0.177083
0.073102
0.0135234
0.059646
0.0132732
0.211349
-0.040984
-0.0756045
0.0251021
0.0148601
0.13704
0.265203
-0.158186
0.0833605
0.139286
0.0050976
0.107192
0.0101415
-0.0483872
0.185943
-0.132703
0.174969
0.158402
0.0837998
-0.0506729
0.156875
0.0421061
-0.260787
-0.0158512
-0.110069
-0.24975
0.258376
0.021335
0.099241
0.0341671
-0.00653476
0.140756
-0.0375808
0.00754642
-0.0529566
0.0143061
0.0477958
0.175997
-0.113889
0.0682993
-0.0141555
0.326512
0.0659858
0.1688
0.169848
0.155589
-0.0727855
-0.102444
0.108848
-0.0504288
0.13374
-0.118834
0.318224
-0.0300086
0.131303
0.214904
0.030142
-0.00341685
0.267283
0.00320023
0.107042
0.264416
-0.0718659
-0.125204
0.261148
-0.00140734
0.14428
0.0481495
-0.0185508
0.142968
0.145567
0.0974635
-0.0777022
-0.118497
0.123273
-0.00499618
0.219631
-0.0617884
0.0500421
0.269075
-0.121149
-0.0168139
0.0645976
0.0483542
0.083653
0.142248
0.133153
0.169152
0.136206
0.119539
0.219785
0.176868
-0.112937
0.127535
0.153056
0.168514
0.220264
-0.0945158
-0.0543333
0.170862
-0.113471
0.0731856
0.203806
-0.00745532
0.235054
0.0260968
0.210157
0.128399
-0.0955017
-0.0103317
0.142445
0.119871
0.0868994
0.119312
0.116074
0.0756223
-0.0550745
0.183767
0.140271
0.0172318
0.0122107
0.268266
0.249674
-0.0740816
0.049488
-0.148288
-0.207631
0.118965
-0.0540588
0.128181
0.113339
0.194873
-0.0818576
0.140749
0.0219235
0.00975259
-0.10594
0.145577
0.0850945
-0.0139562
0.070619
-0.0955821
0.0423828
0.0805063
0.130509
0.0809277
0.060763
0.134749
0.131729
-0.0186059
0.064659
0.185751
0.0503179
0.051157
0.0909813
0.128583
0.298834
-0.0399126
0.0836374
0.0115702
0.0665338
0.177215
-0.137331
0.143525
-0.151723
0.14863
0.117882
0.113831
0.106651
0.204697
0.0584187
0.177646
0.0683437
-0.0425064
-0.0328452
0.0112316
0.0664506
-0.0804488
0.0487742
0.0819383
0.2891
0.0908869
-0.059612
-0.0940623
0.0991587
0.122938
-0.000910502
-0.0475432
0.00731572
-0.100141
0.00906762
-0.0442096
0.248911
0.112546
0.0153422
0.0842278
0.221124
0.0919884
-0.030291
-0.0332012
0.0643939
-0.0774967
0.211742
0.114309
0.0509696
0.250513
0.132306
-0.0927216
0.103034
0.0308255
0.0544543
-0.0240296
0.118477
0.163555
0.285292
0.0510579
0.0771924
-0.124756
0.175524
0.0625778
0.0267992
-0.14214
0.143861
0.0299446
-0.0464713
0.184104
-0.026208
-0.257222
0.00101522
-0.134242
0.165035
0.116683
0.121649
-0.0826538
0.042149
0.0274264
-0.0177602
0.120435
0.145963
0.198213
0.0473281
0.193964
-0.115023
0.0431542
0.0744557
0.156398
0.153404
0.251609
0.0584308
-0.0511188
0.0908954
-0.128792
0.0704234
0.0800085
0.116567
0.119843
0.0723067
0.24985
-0.0183114
0.13923
0.106905
-0.0315865
-0.00770236
-0.129857
0.10445
-0.12333
0.0980952
-0.0553986
0.167529
-0.0532022
0.197497
0.0689297
0.157043
0.0431166
-0.179073
-0.00639912
-0.0155768
0.137252
-0.151774
-0.0857427
-0.0949726
0.0879575
0.166999
-0.0125978
-0.0413727
0.122367
-0.0332104
0.0949371
0.154757
-0.041165
-0.0323597
0.152603
0.150207
0.167634
0.00240073
0.0984949
-0.0164402
0.114641
0.11577
-0.130178
-0.102334
0.118837
-0.163742
0.210904
0.203067
-0.0232288
0.163721
-0.0558908
0.0311969
-0.0387124
-0.0226831
0.0796304
0.0650455
0.261788
-0.0662978
0.0710609
0.124413
0.00856398
0.00227584
0.141891
0.0755024
-0.0145598
0.0226202
0.123489
-0.0431504
-0.237579
0.0338376
-0.00154735
-0.156197
-0.0397492
-0.0546789
0.0820725
0.119823
0.0832312
0.0422593
0.146424
0.14838
-0.219756
0.0649059
0.0480845
0.26426
-0.134421
-0.0844426
-0.00882893
0.144828
0.13842
0.0722464
0.132331
0.141251
0.125123
-0.0435031
-0.103919
-0.110242
0.0362964
-0.0656337
0.219128
0.0467581
0.0514066
0.0482293
-0.0167426
-0.0742701
0.0845904
0.0537077
0.089849
0.0264947
-0.144979
-0.13172
0.134772
0.0726608
0.148166
0.0811526
0.19881
-0.12454
0.0294522
-0.13924
-0.0402623
0.0583537
-0.0743121
0.0837239
0.150426
0.132381
0.0380161
0.017679
0.0335235
0.00444275
-0.0825193
0.21399
0.196052
-0.052486
-0.0130967
0.0770508
0.0942525
-0.0446121
-0.0710329
0.0958166
0.0619874
0.181129
0.0553825
0.174803
0.0262204
-0.0830556
-0.00327326
0.10851
-0.0603119
0.0213404
-0.0948235
-0.00889566
0.102535
0.0268562
-0.0727259
0.0271177
-0.0351574
0.150292
-0.00671555
0.1082
-0.0721204
0.109856
0.0836145
0.148094
0.0852407
0.130113
0.135694
-0.0579135
0.0746669
0.190587
0.174524
-0.239143
0.126786
-0.0775893
-0.200284
0.017066
-0.036037
0.183642
0.204438
0.122741
-0.100083
0.212021
0.0925851
-0.0106554
0.190028
0.0701645
0.0335397
-0.0034837
0.158928
0.158091
0.0236109
0.220541
0.0482186
0.288617
0.172707
0.0641725
-0.0135345
0.0278106
-0.0831126
-0.0828899
0.0360939
0.153707
0.0704167
0.0980792
0.185532
0.0880338
-0.0933003
0.149162
-0.00849497
0.20701
-0.0283972
0.107009
-0.0890847
0.267787
0.0999157
0.237643
0.231097
0.183628
0.0610754
0.109166
0.069984
-0.0699041
0.071376
0.0817971
0.000537938
-0.000817688
-0.053207
0.184719
0.0403412
0.055948
0.00955589
0.0660021
0.0863179
0.0106817
0.0819554
0.166956
0.0493027
0.0231217
0.0170921
-0.0400408
0.28995
0.000490426
0.103245
0.110348
0.0761134
0.0773317
0.193685
-0.00196582
0.107201
0.0658537
0.100213
0.218157
-0.144075
0.123619
0.169311
0.139651
0.266636
0.00851318
0.017265
0.00626523
0.000739007
0.0603481
0.0292761
-0.0356417
0.0802745
0.134905
0.176424
-0.0950484
-0.0462386
0.0967956
-0.00365032
0.202204
0.407727
-0.116179
0.190019
0.275331
-0.163069
0.158867
-0.13545
-0.291627
-0.00816386
-0.0889316
-0.113144
-0.0144293
0.167831
0.0505907
-0.215667
-0.00987399
0.0533147
-0.0545967
-0.0828563
-0.0676878
0.16252
0.0378019
-0.0672336
-0.0685519
0.0494345
-0.0200081
0.0625842
0.317418
-0.150533
0.215969
-0.00619462
-0.114725
-0.0040444
-0.0751859
-0.262609
0.0984319
-0.060279
-0.248515
-0.00581753
-0.065102
-0.0501592
0.420481
-0.0345536
0.0204034
-0.085268
-0.0511986
-0.145342
-0.101348
0.0066683
0.0893112
0.30592
0.160107
-0.20857
-0.0866622
-0.23749
0.0180576
0.0690462
-0.190067
0.0173699
-0.124496
0.0872297
-0.039448
-0.0224368
-0.144005
-0.0873985
-0.096323
0.136222
0.165207
0.156236
-0.0709509
0.0666602
-0.060334
-0.123882
-0.192656
-0.253344
-0.105058
0.354106
0.168554
0.248433
-0.0789492
0.115968
0.242816
0.0327049
-0.139147
0.0971507
0.230208
0.34906
-0.0779267
0.201587
0.0327577
-0.0386173
0.00546633
0.182616
-0.0632891
0.0484742
0.294012
0.093651
-0.015191
-0.172714
0.193737
0.149753
-0.099152
0.15214
0.0679475
-0.115726
0.0414686
0.133665
0.166854
0.187265
0.0921936
-0.0242965
0.0269447
0.062808
-0.162806
0.0858343
0.0182992
0.0287182
0.162602
-0.0471704
0.028923
0.08692
0.12323
0.0809547
-0.0404313
0.0981344
0.118448
-0.133772
0.127801
0.037128
0.257178
0.0717442
0.222616
0.049803
0.265121
0.0975166
0.0787672
0.154252
0.121213
-0.0443048
-0.0725021
0.00296899
-0.000529461
0.053328
0.0909885
0.110174
0.229722
0.0125177
-0.00250988
-0.0198616
0.102325
-0.0678708
-0.103937
0.0362872
0.158683
0.0641854
0.107642
-0.00979095
0.0491035
0.12008
0.117154
-0.0989728
0.183045
0.107546
0.140721
0.190837
-0.00192203
-0.0475472
0.0252579
0.140703
-0.0346487
0.106276
0.195175
0.250618
0.0979133
-0.0141893
0.168989
0.000705905
0.0257661
0.118137
0.0526574
0.143563
0.103157
0.0936944
0.00267967
0.190457
0.2154
0.0568234
0.00296279
0.0428976
-0.00569161
0.227428
-0.00130483
0.0537576
0.188539
0.127943
0.0439426
0.171186
-0.147357
0.143217
0.0430003
0.0577803
0.0889506
0.231041
-0.143069
0.196115
0.297543
-0.16437
0.162574
0.0707823
-0.0789115
-0.0637916
0.128025
-0.0731518
-0.0517854
0.15463
0.112701
-0.107321
-0.115179
-0.0189509
-0.118863
0.0187949
-0.0991578
0.186408
0.0409261
0.189222
-0.160782
0.265782
-0.00738352
-0.203282
0.209522
-0.201237
0.0375948
-0.088402
-0.012745
0.0366587
0.0480813
-0.142289
0.0603547
-0.156722
-0.160442
-0.0827441
-0.0669236
-0.14365
0.341502
0.191675
-0.0879951
-0.00492364
-0.155326
-0.0274968
-0.180329
-0.206551
0.0322908
0.435837
-0.153041
-0.0542529
-0.14679
-0.101786
-0.0843674
-0.0836298
-0.0628813
0.0109347
0.0982196
-0.0588142
0.0763998
0.0415625
0.0158906
-0.241278
-0.0416319
0.174722
-0.00242566
0.170421
0.0487091
0.0922972
-0.117315
-0.0512816
-0.110315
-0.0252146
0.000568401
0.280681
-0.0206252
0.257556
-0.114164
0.147355
0.0307693
0.00522456
-0.0443773
0.0444652
-0.0569531
0.281611
0.0749125
0.327071
-0.164879
0.0512766
-0.137658
0.0744191
0.204944
0.0299775
0.258615
0.282069
0.0300462
0.176853
-0.104188
0.00820132
0.190804
-0.0416982
-0.00468257
0.179157
0.0957745
0.199675
0.144793
0.113993
-0.0170563
0.199147
0.203596
0.242586
0.20395
0.13226
0.116269
0.00783616
0.147217
0.220425
0.131189
-0.278701
-0.0494717
-0.00450045
0.0921453
-0.247582
-0.275678
0.0284378
-0.00293544
0.0189327
0.130438
0.135143
-0.283659
-0.265234
-0.16248
-0.00744971
0.201914
0.217381
0.162336
0.275044
0.181531
0.0960598
0.0844458
0.172781
-0.278471
0.133041
-0.294243
0.185587
1.0
0.0
-1.0
0.0
1.0
1.0
0.0
1.0
0.0
1.0
-8.0
1.0
-1.0
0.0
