3
1
5
100
1
2
1
2
-0.169235
-0.343033
-0.348674
0.266816
-0.178508
-0.262785
-0.000475892
0.164572
-0.190035
-0.17149
-0.13447
0.262433
-0.0521465
-0.0187303
0.0603135
-0.0369738
-0.202686
-0.26165
-0.151123
0.261567
0.0281503
-0.0236378
0.258013
-0.0018765
-0.224492
-0.260894
-0.254066
0.264528
0.0461408
0.078488
0.183065
-0.00215047
0.0260444
0.178717
-0.109911
-0.0183208
-0.0216059
-0.0326786
0.148155
0.0463947
-0.110226
0.133224
0.063976
-0.0220327
-0.110655
-0.197891
-0.193286
0.268482
0.48879
0.998514
-0.131452
0.0110569
0.0331315
0.152601
0.162281
-0.00213285
-0.0303298
-0.232868
-0.173832
0.271656
0.571724
0.54805
0.278807
0.000120263
-0.0349178
0.0660212
0.163215
0.00630639
-0.24756
-0.155423
-0.257
0.269379
0.10422
0.0490215
0.0489575
-0.00580329
-0.0735146
0.136127
0.118592
-0.0208887
0.259965
0.224718
0.115425
0.00672785
-0.123258
-0.239708
-0.138657
0.264993
0.305266
0.275743
0.235604
0.00254877
-0.183609
-0.178295
-0.0992285
0.260684
0.157608
0.0258041
0.0971441
0.00212155
-0.319466
-0.314392
-0.309192
0.162395
-0.223211
-0.242488
-0.0716697
0.0695538
-0.149717
-0.229176
-0.173305
0.264983
-0.392692
-0.406545
-0.165558
0.170443
-0.236372
-0.237128
-0.2758
0.265685
-0.254238
-0.387483
-0.384804
0.158854
-0.169724
-0.174934
-0.0997432
0.261468
-0.446156
-0.679392
-0.589272
0.0817713
0.0850703
0.0721095
0.0974313
-0.00108026
0.0905151
0.258463
0.288217
0.0510936
-0.0862954
-0.282978
-0.0599885
0.265828
-0.49522
-0.435321
-0.497884
0.166005
-0.441239
-0.365191
-0.212725
0.238105
0.154995
0.177875
0.1906
-0.00430133
-0.545945
-0.624574
-0.346307
0.0488064
-0.135229
-0.359851
-0.219039
0.265571
-0.0298951
0.0984302
-0.00051624
-0.00207981
-0.11629
-0.355279
-0.317495
0.268225
-0.0485804
0.205089
0.143616
0.00827577
-0.173026
-0.256763
-0.0731575
0.260368
0.298654
0.473433
-0.160661
0.000447588
-0.307094
-0.273593
-0.21369
0.145571
-0.0149799
-0.0487135
0.0464258
0.0901545
0.204198
0.228376
0.178976
-0.00519362
-0.581527
-0.688205
-0.872666
0.148311
-0.204175
-0.279936
-0.295433
0.265885
-0.0478691
0.119424
0.119256
-0.0213922
0.00826882
0.195883
0.162523
0.0150972
-0.0182721
-0.0998476
0.0958375
0.150883
-0.212508
-0.355913
-0.0753641
0.0866383
-0.518665
-0.402825
-0.453657
0.153026
-0.126981
-0.349992
-0.0839465
0.263687
0.218517
0.134101
0.207759
-0.00401537
-0.283608
-0.304771
-0.106531
0.0851161
-0.181082
-0.182881
-0.221195
0.267134
-0.348144
-0.263999
-0.25392
0.263322
0.258235
0.212868
0.227999
-0.00111898
0.00180836
0.08905
0.0536687
0.000867149
-0.0852083
-0.273785
-0.00172331
0.264133
0.106699
0.0931254
0.0531882
-0.00668271
-0.171939
-0.186191
-0.0656166
0.259803
-0.0331098
-0.063978
0.060665
0.115888
-0.171644
-0.1817
-0.14951
0.263869
-0.0283942
-0.194406
-0.309009
0.277947
-0.217876
-0.153038
-0.145297
0.227872
-0.0916866
-0.249206
-0.243071
0.269686
-0.172403
-0.124075
-0.0404459
0.156351
-0.536767
-0.620413
-0.737358
0.167926
0.612598
0.805565
0.273552
-0.00515314
-0.046877
0.0837846
-0.0948207
-0.0140638
-0.171528
-0.208188
-0.28961
0.269088
0.0447254
-0.0319732
0.072433
0.0696721
0.00785264
0.0291182
0.158057
-9.25505e-06
-0.0759522
-0.211372
-0.0949831
0.26634
-0.244068
-0.151705
-0.26013
0.265317
-0.00806553
0.11606
-0.0581288
0.0229751
-0.0259935
0.240687
0.197291
0.0344054
-0.374075
-0.589011
-0.547097
0.1987
0.677236
1.00465
0.199627
0.00647086
0.0182993
0.124556
0.0876334
0.0049361
-0.0806532
0.00733416
-0.0958197
0.00403595
-0.0441319
0.0252151
0.14373
-0.0363604
-0.173095
-0.313462
-0.0979438
0.261247
-0.120376
-0.178345
-0.248221
0.271484
-0.0330267
-0.226436
-0.102682
0.269157
-0.182195
-0.152229
-0.297109
0.273753
0.125645
0.100135
0.299828
-0.0046403
-0.280168
-0.471108
-0.354752
0.185099
-0.319765
-0.492885
-0.295619
0.181075
-0.225216
-0.243847
-0.204909
0.262852
-0.0367459
0.0979932
-0.0635867
-0.00056789
0.143118
0.179992
0.158852
0.0394632
-0.00494864
0.134143
-0.0673462
-0.00198613
-0.0156523
0.142234
0.0849513
-0.00539951
-0.14607
-0.272028
-0.180655
0.278992
0.25247
0.104014
0.196513
-0.0391013
0.186289
-0.015889
0.196766
-0.0468783
-0.0212293
0.00809668
-0.104894
0.292539
-1.39608
-0.113541
0.361396
-0.477603
-0.0582558
0.212187
-0.00723322
-0.158809
-0.0887568
0.252737
-0.299491
0.187217
-0.0105877
0.156322
0.120871
0.24058
0.199073
0.197977
0.271309
0.198739
0.248468
-0.0072812
-0.157983
0.263377
0.180046
0.202155
-0.171394
0.174922
0.256178
-0.00455521
0.293263
-0.153207
0.189271
-0.13182
0.173323
0.0291605
-0.275335
0.249581
0.220094
-0.12012
-0.142148
0.0771541
0.189396
0.170963
0.235287
-0.0743329
0.142554
0.239612
0.232435
-0.095374
-0.00245627
0.247263
-0.0171882
0.184461
0.0405376
0.218041
0.434657
0.168233
0.315881
0.0956651
0.223931
-1.08824
-0.0320487
0.264304
0.0189094
-0.0141346
0.283656
0.216975
-0.0318512
-0.187455
0.291838
-0.535047
-0.0353744
0.00585519
-0.0666475
0.197213
0.315531
0.329077
0.288117
-0.0960956
0.314205
0.244793
0.184989
-0.00309428
-0.0889701
-0.0211255
-0.0378824
0.355376
0.305908
1.0
0.0
-1.0
0.0
1.0
1.0
0.0
1.0
0.0
1.0
-6.0
1.0
-1.0
0.0
