4
2
1
500
-0.03632758
0.005181456
-0.11546807
0.044477053
0.026668338
-0.19800518
0.07631671
-0.0545466
-0.095753506
0.07522356
0.00595119
-0.12686585
-0.37026352
0.06107518
0.4883247
0.04929742
-0.017350553
0.08079779
0.086297005
0.3470792
0.029380556
0.041791383
0.03761258
-0.10945512
0.3238901
0.06390696
0.035333246
-0.00041742672
0.15265667
0.3521815
-0.022560904
-0.06132419
-0.14322051
0.008216603
0.37755424
-0.016783101
0.039690234
0.06622292
-0.027441647
0.3164438
-0.024355313
-0.030767387
-0.020271285
0.3025354
-0.059312783
0.08471125
0.097322874
0.0019876757
-0.20576827
0.32033265
-0.003384463
-0.010285861
0.20070368
-0.08156633
0.3288962
0.034928653
0.0345872
0.079528324
0.0027924955
0.30180758
0.021318259
0.016164104
0.06123927
-0.17355122
0.3745485
-0.06261568
-0.017713021
0.11607004
-0.013349668
0.34462273
-0.014272777
0.09528635
-0.0019089311
-0.0342605
0.57077086
0.101305686
0.08611274
-0.15682484
0.15268302
0.2867449
-0.18941674
0.041203834
0.0658237
0.07562665
0.1
0.0055353455
0.33727986
-0.72035545
-0.38655663
0.20884812
-0.13725844
0.01692732
0.055863824
0.20315185
0.49165693
0.11693269
-0.000897904
0.22984706
0.09675626
0.28549975
0.030130018
0.10993198
-0.06631849
0.040666267
0.32623154
3.0956562e-05
0.43743697
-0.5377682
-0.00551846
0.1438535
0.09993655
-0.027266944
0.01601783
0.07912467
0.35405186
0.096115045
-0.018072654
-0.11093051
-0.028944124
0.32247823
-0.0063151894
-0.08814967
-0.028476626
-0.054651905
0.32902467
-0.0710993
-0.02990676
0.1177147
-0.038454536
0.42681807
0.041673847
0.0074158297
-0.060514838
-0.00095242634
0.3242286
0.1128132
0.11932566
-0.098962255
0.0025427702
0.23090667
-0.01215621
0.01790657
0.05396792
-0.10050427
0.34830096
-0.058782753
0.07949936
0.070996866
0.11357245
0.49092716
-0.15142418
-0.09286547
0.29401138
-0.022490999
0.510756
0.074059784
-0.032492444
0.07449555
-0.002624854
-0.04514693
0.023041038
0.067497164
-0.15696408
0.11938762
0.28111932
0.15303224
0.12297612
-0.015306575
-0.03877225
0.34587258
-0.027180536
-0.04312525
0.08505151
0.08970574
0.1957166
0.0067640813
-0.013132886
-0.14291094
-0.011648043
0.33377504
-0.0535804
0.23530804
0.08620624
-0.14183421
0.29513496
0.032117233
0.019979117
0.06602263
-0.09007209
0.30487773
0.16361852
0.08346482
-0.0146718575
-0.16433045
0.32331464
0.05547109
-0.15127559
-0.13069732
0.056638796
0.30775282
0.06199782
-0.15159711
0.057506148
-0.08113401
0.26932657
0.12730148
0.03819839
-0.0063811564
-0.11090977
0.32013243
-0.21952522
0.17401534
-0.035889655
-0.054358765
0.63483125
-0.073430955
-0.009533521
0.20338541
-0.086817
0.42761
-0.009272462
0.065394334
0.024922695
-0.049443483
0.4480154
-0.022263011
0.8409483
0.086275816
0.11591656
0.12702027
-0.08887464
-0.0002436102
0.13788404
0.027414272
0.2695323
0.13038652
-0.057693504
0.04206751
0.063574255
-0.062268853
0.0502655
0.0019074231
-0.020169748
0.1597811
0.36168307
0.0032390063
-0.02911108
-0.022814602
-0.04376458
0.33804822
-0.094588585
-0.08808534
0.13665631
-0.07740892
0.015801618
0.023093574
0.15082298
-0.03027456
0.102649674
0.38356245
-0.011481075
0.050996177
0.11702769
-0.040845398
0.3860033
0.052844536
0.15214586
-0.063553765
0.17511354
0.043825302
0.020158589
0.38255194
-0.29853636
-0.24086711
0.27224907
0.01782057
-0.061314743
0.029223088
-0.15506867
0.3354839
-0.043875504
0.12237989
0.20872952
0.073828734
0.45481014
0.18278721
-0.009661785
-0.09659789
0.020365005
0.33636513
-0.060543668
-0.055298354
0.012366189
0.061750416
0.036011033
0.01280018
-0.07787385
-0.0014032319
-0.046970196
0.31538266
0.020141665
-0.0050908197
-0.17889915
0.010353092
0.2699116
-0.022737185
0.30242586
0.123891555
-0.22911972
0.2023965
-0.2060748
0.022880925
0.2378054
0.33790696
0.025370358
-0.040915653
0.0067959237
0.077627875
-0.059186902
0.4113818
-0.17568177
-0.05550039
-0.07788009
-0.34807554
0.22049108
0.11580721
0.070330046
-0.02085652
-0.08506256
0.3552281
0.018338619
0.09191924
0.107201
0.05936537
0.30513227
-0.06418399
0.1640808
-0.14654769
0.1003101
0.054279048
0.08421563
-0.0037121852
-0.13785957
0.011054508
-0.039305698
-0.20241764
0.057139542
-0.056949336
-0.08279487
0.07863283
-0.04296632
0.030044252
-0.048678413
0.06582365
0.47643292
-0.06402062
0.04317968
0.2549565
-0.0952334
0.36273906
0.041285582
0.047658343
0.07422127
0.16693707
-0.07603671
0.0024070353
0.06152456
0.030321414
-0.067017205
0.3504233
0.050605576
-0.06183321
-0.14627382
-0.017000172
0.09657554
0.073214136
0.03040511
-0.027077138
-0.1796817
0.20153779
0.0309027
0.11725843
-0.16517545
0.17171663
0.36886257
-0.087654255
-0.024761572
0.019710766
0.066674314
0.35544202
0.024947979
0.121144064
0.09192325
0.032973494
0.34037656
0.082107574
0.029685352
-0.03571231
-0.07246295
0.3207285
0.11215433
0.052746702
-0.03445344
-0.076404974
0.31219
-0.20469548
0.004823271
-0.20527583
-0.4320551
0.24242985
-0.010913722
-0.105520345
0.02669597
-0.053429246
0.31507125
0.0673693
-0.1020065
-0.0372037
0.08415623
0.29282755
-0.09025797
0.009276614
0.08772051
0.1517694
0.5734974
-0.045081872
0.70902437
0.1496255
0.019799093
0.09788666
-0.016133964
0.24782896
-0.025799736
-0.29467556
0.18121499
0.06458746
0.20399144
0.13562728
0.077235974
0.35602146
0.114097625
-0.016722633
-0.68628776
0.13744816
0.32305944
0.07281684
-0.13988309
-0.110205874
0.16466333
0.30511498
0.11403629
-0.077976346
-0.5531056
-0.06885609
0.21684815
-0.26731583
0.008441864
-0.3019354
-0.12948711
0.71820444
0.15003744
0.4773095
0.19258374
-0.15401348
0.23781355
-0.055613343
0.018754119
-0.1035915
-0.4908652
0.18371427
-0.04985464
-0.09876755
0.0071484125
-0.092236914
0.35566705
-0.10591514
-0.042734064
0.2400007
-0.06047583
0.44504413
-0.056728505
0.03925105
0.21687576
-0.08720656
0.35740006
0.038514003
0.22521053
0.11392708
0.04872621
0.35178566
0.34457353
0.018109301
-0.36273733
-0.6192706
-0.10760619
-0.040560633
0.011990841
-0.058856577
0.19088309
0.35464746
-0.18799138
0.27107787
-0.62212753
-0.46508113
0.132414
-0.14389506
-0.097358
0.055930585
0.09220056
0.077239595
-0.116371356
0.10916538
0.1329354
0.13364819
0.084741965
0.11846972
-0.14108405
-0.036478218
-0.07687525
-0.069361694
-0.0791932
0.06753603
0.039840546
0.07630831
0.061827723
0.068579875
-0.17254095
0.12586686
0.19005667
-0.07777828
-0.14404595
-0.030129902
0.030668318
0.089291476
0.085225105
-0.0025352668
0.069053255
-0.050284833
0.073325545
0.3857347
0.03891075
0.36072493
-0.36869562
-0.23005518
0.22187956
0.09881808
0.058630254
0.021941308
-0.058707777
0.30894676
-0.045499735
-0.008833164
0.0930317
0.07552555
0.37465364
0.061796438
0.10722566
-0.08362966
-0.0037778432
0.112157755
0.100301765
-0.051328804
-0.10120413
-0.20799708
0.33894572
-0.1817872
-0.112585366
0.36073354
-0.037213456
0.5944638
0.012378826
0.048735302
-0.03765829
-0.060930658
0.36988935
0.073201425
-0.0011036796
-0.44236076
0.07793826
0.28136137
-0.18256022
0.0059436224
-0.11492267
-0.41134807
0.1908882
-0.18131219
0.08473744
-0.074874684
-0.033412103
0.083360374
0.10486248
0.011989413
0.120582774
0.06362352
0.28948742
0.0013545227
-0.066581555
-0.06584524
-0.02705908
0.33050716
-0.042872865
0.1124487
0.25181702
0.0171824
0.4130594
0.087903395
-0.1605912
-0.11471323
0.09934424
-0.019814828
0.061903697
-0.013116753
0.08781766
-0.08062949
0.29726195
0.063120015
0.007176699
0.056144394
-0.12984592
0.3223464
-0.02918746
-0.0922918
0.044222616
0.1324132
-0.048868395
-0.16877747
0.0282268
-0.21734469
-0.38331956
0.1747616
-0.022727244
-0.020960236
-0.00077416404
0.30338377
-0.014904933
0.15602806
-0.043699525
-0.064105235
-0.027607195
0.31671548
-0.027052114
-0.011184679
-0.05029248
0.064617015
0.2502983
0.0010223332
-0.086986914
0.09744553
-0.03644292
0.30368862
-0.049253747
0.081805944
0.032018956
0.08680079
0.047100037
0.017951803
-0.14883192
0.030423438
-0.08486389
0.274413
0.21316023
0.37555313
-0.37818414
-0.15122841
0.4716973
0.16063744
0.058357183
-0.100626186
-0.03698432
0.2957966
-0.21808736
0.099478245
-0.40489283
-0.4177048
0.3070951
-0.0845092
-0.03233475
0.17551008
-0.049476735
0.44661164
-0.20335144
0.08491404
-0.26725927
-0.41351837
0.25620475
-0.021451179
0.16452773
-0.8526551
-0.36455244
0.27809814
-0.032338478
0.16352004
0.23704733
0.09806418
0.42846385
-0.08648474
0.008209766
0.008964147
0.11600695
0.069535784
0.06598399
0.055014346
0.017944992
0.09139458
0.31254923
-0.09342817
0.066281594
-0.06817454
0.14558592
0.08511216
-0.054984152
0.05431583
0.1777526
-0.033569936
0.41800532
0.07004886
0.07768514
-0.08237108
-0.016025536
0.14411001
-0.025769062
0.13048346
0.025722412
-0.32984185
0.23236415
-0.09915751
0.03782183
0.10306664
0.051051687
0.06448335
0.013797549
0.1153735
0.08777825
-0.0788267
0.36329228
-0.23681931
0.06389169
0.22749257
0.505033
0.14421594
-0.030562792
-0.16865303
-0.16548656
-0.038981814
0.47251672
-0.017747927
-0.02207766
-0.09329332
0.036019072
0.347731
0.0007750336
0.093297005
-0.08418608
0.20341732
0.34439743
-0.009229668
0.47878632
0.15614386
-0.2517937
0.20210162
0.14334726
-0.09455434
-0.7078009
-0.04623983
0.21999459
0.1157499
0.008501306
0.16950953
0.11111815
0.2968407
-0.009073761
-0.02390612
-0.11951161
-0.02954682
0.40786922
-0.006098261
0.07976696
0.07075447
0.05733887
0.33184552
-0.1196983
0.72049475
-1.2387795
-0.12490653
0.06008642
0.10869531
0.14258316
-0.16262984
0.062026784
0.32928708
-0.056715947
-0.021715567
-0.065579094
0.15225257
0.059406526
0.09346372
-0.03296569
-0.05536302
-0.07290872
-0.023468068
0.18397483
0.06002787
-0.62557435
-0.16514002
0.4139308
0.15537241
0.12111714
-0.18563554
-0.20356673
0.32636902
-0.14231198
0.18695429
0.18046279
-0.24273297
0.22412507
-0.04658112
0.00400362
0.028371273
0.049051084
0.034475036
-0.1470515
0.14232779
0.012721873
0.12456282
0.1
0.10481683
0.15716015
0.026109153
-0.009194652
0.21552403
0.11267511
0.13102627
0.034409534
-0.19987102
0.31941155
0.12017602
-0.079700366
0.16149954
-0.012795841
0.018717917
0.012323639
-0.08675966
-0.048690304
-0.09551396
0.31857055
-0.067249306
0.023597313
0.051616874
0.025708154
0.041024156
-0.09277147
-0.02385265
-0.014105582
0.093395635
0.4044805
-0.1547725
-0.009727138
0.128453
0.027414465
0.07935739
-0.06850861
-0.06996239
-0.13459654
0.1802248
0.45170093
0.17318477
-0.05471218
0.03209015
-0.06091827
0.28278834
-0.02289273
0.045333676
-0.051913764
0.13782984
0.3934567
-0.26590168
0.15715553
0.24493603
0.65037143
0.30421454
-0.10266967
-0.06765414
0.1296673
0.0027878522
0.47269604
0.11269795
0.047837254
-0.03517819
-0.10324217
0.3342889
-0.009115369
0.15392832
0.06455119
0.028656919
0.3572582
0.13595563
0.043598842
-0.04589367
-0.11970455
0.3326857
-0.0012198745
-0.12574723
0.1426368
-0.15801159
0.31265634
0.11871024
0.07857333
0.15057541
0.021846207
-0.038385917
-0.096436106
-0.013837532
0.108802274
0.106506556
0.5412004
-0.0009865868
-0.14963341
-0.10282188
0.018054679
0.35064375
-0.0731073
-0.034218583
0.018448327
0.012557328
0.38490853
-0.18105903
-0.023732973
-0.09151202
-0.4292271
0.15834476
0.0069048665
0.10490836
-0.29546764
-0.28725702
0.2478628
0.05398352
0.120950855
-0.5006876
-0.036813825
0.09237988
0.02871633
-0.023199232
0.049062576
-0.052023116
0.3104848
0.15448958
0.17061716
-0.06002197
0.068997815
0.3186306
0.028551983
-0.02080509
-0.1789865
-0.17588526
0.298512
0.09869524
0.06741624
-0.020898875
-0.014167903
0.29991207
0.006561664
-0.05507297
-0.13916908
-0.06926112
0.4053449
0.10649874
-0.011584269
0.009823477
-0.03563739
0.027594449
0.07083117
0.050954603
-0.0056607714
-0.030444404
0.3365322
-0.04043256
-0.087469935
-0.057856377
-0.050299086
0.374857
-0.22044791
0.034769382
-0.27309558
-0.5248159
0.20141351
-0.059996717
-0.0023898175
0.065607026
0.09849548
0.32521132
0.0592193
0.04011718
0.11243045
-0.13164043
0.32932
0.058787912
-0.07098004
0.07149002
-0.23828855
0.2962583
-0.026279483
0.029761136
-0.021926492
0.047786698
0.4144788
-0.090346746
-0.074692026
-0.069002986
0.17197241
0.07280998
-0.06935355
-0.03754517
0.08421925
-0.015246165
0.4003256
-0.0038128588
0.20965578
-0.1418118
-0.26290712
0.23744772
-0.06893581
0.025464358
0.04171376
0.09333027
0.21086143
-0.18204615
0.039708376
0.21015337
-0.019176345
0.08768384
-0.1862824
-0.007880361
-0.029661395
-0.37478942
0.24382825
0.030329343
-0.14781561
-0.50766224
0.042891122
0.5008718
-0.075465105
0.05675877
0.10690697
0.058360875
0.48747528
0.12733662
-0.152139
-0.6787204
-0.11130463
0.2507064
-0.05147124
-0.009870121
-0.04373657
0.12821178
0.42094573
-0.16981319
0.10398627
0.17631513
-0.1199341
0.055010952
-0.1757221
0.05805666
-0.038375057
-0.3894598
0.18396297
-0.0054929093
-0.08564427
-0.16583008
-0.017158164
0.31633538
-0.04340042
0.35363093
0.27934426
-0.41322368
0.14734812
-0.20394817
0.08210503
-0.3641551
-0.41885814
0.25774565
-0.026207265
0.018411497
-0.053629987
0.012865171
0.41859055
0.20259835
0.0015537742
-0.09735754
-0.13658172
0.30960852
0.09039915
-0.074876375
0.19778632
-0.05022075
0.3040844
0.07015073
-0.18436322
0.046596605
0.04640651
0.2910611
0.057611965
-0.014421803
0.023985641
-0.07310825
0.3123104
-0.0014795292
-0.014821333
0.08656306
-0.19178778
0.35723758
-0.004471761
-0.0038810188
0.06623814
0.10294158
0.33056158
0.055769373
0.005834283
-0.36955142
0.048779216
0.35776138
-0.046870846
0.025765259
-0.3258744
-0.17640156
0.009893574
0.060538765
-0.055546746
-0.3670786
-0.19446471
0.27482733
-0.04037696
-0.056417093
0.019405846
-0.101422444
0.41806948
0.06654535
-0.16070573
-0.06421822
-0.005856308
0.29757854
0.09804969
-0.042523228
0.117651395
0.00673036
0.28931642
-0.08585543
-0.09520942
-0.050579835
0.083742775
0.4744051
-0.029450078
0.08186242
0.19569442
0.21175623
0.37280425
-0.12822513
-0.18797532
-0.8860612
0.024823459
0.32453746
0.16053098
-0.044724982
-0.03507058
-0.13881908
0.31259394
-0.01777934
0.11807947
-0.33670875
-0.44088656
0.19655958
-0.0940438
-0.042930182
0.03383876
0.03612025
0.40756226
-0.056672513
-0.08687602
-0.10116095
0.17762445
0.40815988
0.12747842
0.03846115
0.121631674
-0.0052788076
0.118277796
-0.017132366
0.10011499
-0.10793991
0.16121972
0.049009226
0.04360552
-0.13379887
0.05905439
-0.006687947
-0.0743532
-0.026305301
-0.03301207
-0.25191936
-0.26662093
0.27618712
0.122420825
-0.02041418
0.0028894986
-0.09743951
0.19897556
-0.1842203
0.15326725
-0.07973832
0.013940173
0.09695738
0.0064431797
0.039783992
-0.025850985
-0.04740738
0.31136742
-0.09617918
-0.16977958
-0.014279266
-0.012322205
0.4281893
0.11916065
0.018333815
-0.0005479367
-0.051751655
0.3070291
0.11719543
-0.029749641
0.03997011
0.017696232
0.302371
0.08932899
-0.03064884
-0.12955707
0.041051034
0.3014317
0.06977494
0.038032617
-0.3685027
0.056485698
0.3771724
-0.042888597
0.037454993
-0.019096984
0.17635751
0.43982837
0.0018149307
0.2489589
-0.0922713
-0.27814797
0.20512024
0.1170312
-0.039734464
-0.05792447
0.070137896
0.3494122
-0.03707051
0.07300225
0.020080732
0.075839326
0.037703518
-0.08512043
0.042407393
0.0878323
0.063378885
0.35577762
-0.12154235
0.046393007
-0.36271837
-0.08001694
0.30263907
0.04690105
0.014016542
0.106464185
-0.02386941
0.32766962
-0.06539247
0.005768322
-0.07396021
0.2200658
0.585096
-0.14379267
0.62870467
0.29558566
0.095512494
0.15637423
0.027073795
-0.04075015
-0.0019769126
-0.11500386
0.30795568
0.054381806
0.08771183
0.058371786
0.06409185
0.31386876
0.16741131
0.10128723
0.11344851
-0.07508445
0.30942154
-0.16165835
-0.12020042
0.11885895
-0.37135413
0.13510697
-0.13003781
0.037869617
0.0045339786
-0.01949338
0.05974424
0.05276253
-0.079090804
-0.24898078
0.10936337
-0.024084413
-0.0062128487
0.18869762
-0.15240501
-0.34370267
0.2697768
0.018006949
0.4300384
-0.37695488
-0.36399406
0.2002156
-0.1847781
-0.04537458
0.033048723
0.024076795
0.08652134
0.117331706
0.055787623
0.16424929
0.050044056
0.31239522
-0.14107843
0.07436532
0.20007327
-0.035478942
0.06452756
0.09184659
0.21367651
0.08532907
-0.31665826
0.468837
-0.1807999
0.13623706
-0.05305321
0.01294609
0.09591173
0.041723352
0.436682
-0.5083379
-0.005766478
0.23502271
0.08318265
0.032024335
0.1143142
-0.18435802
0.29878443
0.06286711
-0.0042350786
0.084162034
-0.12394927
0.30021763
-0.017114384
-0.022864886
0.013000252
-0.12515853
0.43816513
-0.23729058
0.2407631
-0.02092289
-0.10402824
0.13723943
0.050350126
0.025014075
0.041122817
0.006654362
0.32760638
0.043313738
-0.0026302808
0.030334715
0.11225349
0.31964734
-0.14304815
0.105598204
0.18186852
0.29447794
0.038436566
-0.09986005
-0.005339597
0.04686042
0.08557715
0.36883906
0.02459824
-0.13705748
-0.123124376
0.04520134
-0.10889133
0.105538845
0.03890543
-0.04940041
-0.07278396
0.31101888
0.025403753
0.12126198
-0.054342356
0.07368277
0.35403
0.055337876
-0.001259846
-0.4061297
0.0548184
0.4134894
-0.15576287
-0.111271724
0.06017069
-0.3789466
0.10566882
0.07669542
0.034104414
0.18944232
0.08309764
0.31987867
0.049661193
0.41851285
-0.5341273
-0.22346352
0.2827055
0.037365224
-0.09389849
0.0024478775
0.093438916
0.3144084
-0.13828605
0.030491639
-0.074406
0.014242736
0.06998664
-0.0115088
0.0393415
-0.0013974637
-0.007727307
0.33597928
0.06774838
-0.011444099
0.018099971
0.0008189746
0.31624833
0.098276064
0.0010477711
-0.55345595
0.10658042
0.27532405
-0.17698142
0.011256252
-0.068345174
0.046543762
0.09374226
-0.1996599
0.022352558
0.17749715
0.3156574
0.38553193
-0.005950289
-0.10797483
-0.16850331
0.018988064
0.33274776
-0.15840909
0.1332118
-0.046084523
0.029665036
0.08895953
-0.26484093
0.1478978
0.27944347
-0.13350688
0.11532766
0.01807359
0.033010863
-0.08027334
0.060096394
0.3093562
-0.09089968
0.114807785
-0.05121136
-0.035378266
0.033872314
0.03910774
0.03143482
0.12380781
0.14558153
0.30485776
0.06175808
0.09677534
0.07906381
-0.020623166
0.362305
-0.04163085
-0.087384135
-0.050794624
-0.06661378
0.43241125
0.1713618
0.09781795
-0.047726337
-0.14639527
0.279879
0.07257949
0.115378484
-0.013765127
0.014180598
0.07955879
0.022543812
0.13835496
0.08357847
-0.047075707
0.3136049
0.061168756
0.13329439
-0.16900775
-0.170508
0.2674976
0.062956035
0.08654848
-0.015041254
0.020157533
0.35341483
0.06587396
0.04416321
-0.11422209
0.120366335
-0.05935262
-0.10961888
-0.044444345
0.28090185
-0.086141594
0.2879915
-0.006414163
0.29638383
-0.49684373
-0.35204545
0.22996807
-0.09276723
0.008840247
0.043706633
-0.034817982
0.036377616
0.0004931433
-0.071767524
-0.16341685
-0.060083386
0.42267093
0.1338507
-0.10070342
0.08715143
0.06749216
0.0010436526
-0.14829502
0.13323501
0.19548708
0.056341022
0.090611145
-0.18404987
0.012348001
-0.016302291
0.023073122
0.09250205
-0.07643796
0.4140665
-0.97684914
-0.06020324
0.18408962
0.047859713
-0.20310716
0.12566823
-0.03138206
0.0062004095
-0.14713833
0.084448956
-0.012972633
0.099801116
0.1
-0.19052388
-0.0035490813
-0.085195586
-0.36830834
0.26556846
-0.14090776
-0.06149242
-0.044286165
0.1954257
0.1
-0.0042118155
-0.016385404
-0.017396057
-0.022308711
0.32165822
0.1277201
-0.10238394
0.17540169
-0.047105573
0.30594045
-0.02398649
0.09914957
0.056941282
0.19358796
0.4144863
-0.09830117
0.10890932
-0.06724316
0.10718569
0.07869096
0.17554322
-0.0036729546
0.10217081
-0.10121855
0.30192953
-0.051029783
0.0041634524
-0.091137886
0.0897964
0.37786037
-0.062356543
0.049607057
0.07410005
0.051792677
0.44114664
0.043482136
-0.02328056
-0.3847713
0.04566314
0.42350632
-0.1876361
-0.012357551
0.20409843
-0.0012582984
0.08834326
0.02421883
-0.12793131
-0.13849853
-0.14537346
0.2866492
-0.18938082
0.1276755
-0.38441756
-0.528087
0.0737666
-0.03881972
0.7968866
0.33808383
-0.15428878
0.23183048
0.04237338
0.09743486
0.002262715
-0.0853429
0.2723905
0.10268834
0.07791761
0.035117447
-0.073946334
0.29515082
-0.036165744
-0.13670252
-0.1046659
0.027760504
0.36362332
-0.1404959
0.121758655
-0.6243256
-0.085039414
0.36020836
-0.08034401
0.02540268
0.08249567
0.05863165
0.33237463
0.050816093
-0.129686
-0.032299362
0.020351885
-0.029317128
0.07765743
0.22404067
0.17526387
-0.32179844
0.4136678
-0.19842257
-0.0070930156
0.09735334
-0.09831276
0.06945009
-0.0109159695
-0.03178768
0.024433872
-0.08190603
0.31923062
0.049742743
0.1574474
-0.122856535
0.17508955
0.20089535
-0.1389442
0.059285004
-0.010413912
-0.016760303
0.06636733
0.024787448
-0.08788509
-0.37808502
0.024150632
0.4020168
0.09437567
0.15589584
-0.07676423
-0.07065466
0.31452146
-0.002874119
0.040471237
-0.0975922
0.044495914
0.40790078
-0.09505085
0.0734926
0.25112882
0.07621606
0.42873123
0.12885025
-0.021665819
0.13208376
0.0063978587
-0.021781204
-0.15758543
0.16142106
0.1743763
0.14626342
0.2765824
0.06725941
-0.16103268
0.08581269
0.026203716
0.2884106
-0.17855603
0.16689315
0.21875781
0.19033252
0.19748104
-0.14285593
-0.08015737
0.031332694
0.040499303
0.066485584
-0.08152754
-0.26820552
-0.7743529
-0.2817635
0.038532443
0.04179759
0.014597477
-0.20877297
-0.028580941
0.35329252
0.28881526
0.31217736
-0.75534683
-0.25128585
0.5136306
0.019122824
0.19982779
-0.054736488
0.07919628
0.43887344
-0.014128167
0.27230635
-0.16149142
-0.2985323
0.196732
-0.053401332
0.10530963
0.006861131
0.1573764
0.06793223
0.10450816
0.12380571
0.06635814
0.10891316
0.29842615
0.01637278
-0.11145915
0.137512
-0.20047481
0.29578778
0.01575614
-0.039857358
0.10174023
0.13191387
-0.09485869
0.051886287
-0.042159908
0.23095314
0.0064173643
-0.023196207
0.010229722
0.28930432
-0.17856808
-0.32606634
0.24368426
-0.16491507
-0.011569301
0.15238458
0.09490035
0.1
-0.15204307
-0.061080456
-0.00050736463
0.015440547
0.06694476
-0.043201294
-0.06781761
-0.12471257
0.113405086
0.036969077
-0.012701034
0.008040303
0.19225496
-0.028154189
0.3078354
-0.08540251
-0.01794212
0.19372477
-0.04813934
0.43519467
0.015864916
-0.04554089
0.099955946
-0.03051512
0.15607549
0.07616216
0.022753589
-0.023566786
-0.12557465
0.31879464
-0.07428777
-0.14162762
-0.12972152
0.120727874
0.043464445
0.13410848
0.034689773
-0.15529144
-0.15294854
0.31861058
-0.004073267
0.098227404
0.17046712
-0.06846209
0.32785198
-0.057363354
-0.034333814
0.056129158
-0.0032887128
0.3270773
0.01755349
-0.023784865
0.074343525
0.12682399
0.34175846
-0.19667837
0.017461287
-0.034641948
-0.052132014
0.08024344
-0.044659764
0.07386842
0.10482203
0.11763285
0.39070967
0.13864416
-0.0471396
0.10985002
-0.074490085
0.2942166
-0.09469039
0.15759589
0.01976916
0.08595395
0.06772105
0.04471352
0.012693886
-0.20247553
-0.038577072
0.33884957
0.10510844
-0.045349848
0.14402181
0.09164505
0.29848897
0.06578947
0.059204224
-0.19410916
0.16861978
0.007440764
0.1476051
0.07376065
-0.27294323
-0.48871645
0.48008493
0.13934095
0.15210053
-0.013580639
-0.07636109
0.33130735
0.03033031
0.3287017
-0.25245547
-0.24948286
0.19057597
0.17044233
-0.101295784
-0.12400349
-0.0364644
0.30563676
-0.09556596
0.015250869
0.123182535
0.050638013
0.33474472
0.0025273962
0.23633152
-0.13585219
-0.25114092
0.21332966
-0.096026905
-0.020687662
0.024311062
0.083721824
0.36621168
0.030283647
0.36841452
-0.3854175
-0.21724474
0.26518083
0.11793749
-0.015907222
-0.12382429
-0.0865414
0.31174466
0.06342752
0.15698266
-0.11826667
0.032741465
0.3370027
0.16212724
0.23242445
0.09509517
-0.09014377
0.36037457
0.12459273
-0.0027861362
0.14359935
-0.015584009
0.30876932
-0.18834804
-0.0690606
-1.0061817
-0.084377676
0.44630465
0.055901177
-0.06407483
-0.13846424
0.04654955
0.32676172
-0.17116155
-0.052712355
-0.08721962
-0.35272643
0.19965947
-0.10171715
-0.01695137
0.036234442
0.07691931
0.41419578
0.09421813
0.11981627
-0.042626534
0.08376688
0.30462834
0.1705785
0.06411129
0.03164746
-0.06381044
0.3162069
-0.10824797
0.07947487
0.29240388
0.0038149832
0.31580517
0.015695252
0.1451224
-0.017425554
0.15496129
0.31102106
-0.06175535
-0.21952136
-0.45850614
-0.18445271
0.2576653
0.08466693
-0.007533785
-0.5141271
0.09632463
0.2886863
-0.08788813
0.0340303
0.23014463
-0.012455507
0.3611121
0.06568629
-0.010861276
0.10315919
0.05497796
0.16953298
0.23147339
0.29879883
-0.5608068
-0.25947443
0.6292745
-0.0025248688
0.0677679
0.0395928
0.029716618
0.32484603
0.10072664
0.04820646
-0.08392656
-0.08779968
0.22783229
0.14191641
-0.020688804
0.18188949
-0.012997574
0.29791832
0.17807047
-0.040014982
-0.040106535
0.0037343665
-0.02876859
-0.20829584
0.017995123
-0.109091714
-0.04148212
0.087050386
-0.036929965
-0.028553013
-0.053789336
0.08777175
0.36907342
-0.019128496
-0.16654927
-0.038886234
0.06816115
0.32244167
-0.07205632
0.0010788947
0.050558798
0.11041558
0.49090847
-0.097974226
-0.042930998
0.14948228
-0.008347226
0.04007161
0.10860767
0.14492854
0.018236391
0.075199336
0.35437706
-0.04816303
0.4996451
-0.39213604
-0.038733996
0.074486524
-0.034028627
0.024727425
0.038299292
0.035251535
0.34258333
-0.09376889
-0.062386494
0.008337165
0.10094229
0.5278755
0.09361854
-0.103692256
0.071084514
0.011338244
-0.034676477
0.0031276373
-0.04752728
0.19012702
-0.19735451
0.30805364
0.034400694
0.056651343
-0.13347308
-0.025408283
0.34726882
0.02460704
-0.044700228
0.22349644
-0.10275095
0.31100917
-0.045579635
0.034725275
0.14572397
-0.08854798
0.42445618
-0.08398368
0.12856595
-0.070141196
0.123831086
0.07418378
-0.0509109
0.10329464
0.003615139
0.031880435
0.031165877
-0.018415371
-0.015701752
0.017856095
-0.05280843
0.34705552
0.2146299
-0.108676925
-0.059936073
0.051740177
0.28872827
0.01156541
-0.07998572
-0.25784817
0.0033011527
0.41193667
0.14246765
-0.12476991
0.024272474
0.007565293
-0.043118753
-0.09827273
0.2980658
0.17643648
0.114858024
0.06767908
-0.08334613
-0.10582078
-0.17964087
0.20069046
0.07095001
-0.07845629
0.12643501
0.025337981
0.102698885
0.06522613
0.048630316
-0.054903563
0.1416451
0.21546912
0.051849447
-0.036004715
0.039927986
-0.07308731
0.10512015
0.04562966
0.13636068
0.16360998
-0.085634425
-0.09863964
0.3397705
0.064156495
-0.0010470956
0.14577128
0.28043324
0.04901329
0.028579475
0.021671308
0.15789507
-0.20520222
0.33024722
0.113200404
0.13317913
0.011394577
0.058650803
0.32325783
-0.12385298
0.070286214
0.08670307
0.2582497
0.16235508
0.08620192
-0.13358764
0.034952056
-0.029446766
0.31942007
0.05670353
0.0122208325
0.035267916
0.025016854
0.30269507
-0.029841028
-0.020206505
0.052002575
0.14875321
0.35247955
-0.0063372822
0.14365707
0.104487136
0.054534435
0.3950172
0.06801084
-0.14406371
-0.12607555
0.06893023
-0.024326028
0.03275088
0.07462055
-0.046952132
0.11587071
0.3035501
0.053168144
1.3768933
0.291225
-0.25800836
0.21870692
0.039963976
-0.022228023
-0.0035643328
-0.01289455
-0.029682979
0.05631195
0.027087023
-0.30508518
0.027435683
0.35178885
-0.16599117
-0.090019025
0.041628975
-0.32378742
0.2083686
0.06032716
-0.1718413
-0.03480555
0.052643914
0.29715437
0.11932958
0.14866148
-0.3569249
-0.059512682
0.3009718
0.045114063
0.10928515
-0.09385095
0.0691209
0.28241107
-0.008124372
0.033145607
0.12739348
-0.01867012
0.3378626
0.043720677
0.14732382
-0.20120224
0.15558486
0.18801673
0.085440576
0.18534023
-0.12734507
0.12429052
0.20528734
0.118842594
-0.18709914
-0.121199585
0.058737863
-0.054090507
0.014429432
0.10970783
0.09958849
-0.08423951
0.3569884
0.19101462
-0.017558735
-0.041677877
-0.08867742
0.3041886
-0.17213959
0.05080242
0.19494422
0.07241085
0.1
0.07007731
0.016980486
-0.076618545
0.10591171
0.19037274
0.038026422
-0.02335695
0.04384657
-0.115859956
0.32407936
-0.17863101
0.002717446
-0.00874067
0.12520184
0.1
-0.054799058
-0.19071023
-0.06305703
0.17355214
-0.2924169
0.23493582
0.30101708
-0.48606312
-0.2745237
0.45903558
0.024406863
-0.10805965
0.18184146
-0.07166516
-0.031271562
-0.03455375
-0.069217205
-0.033446033
-0.03317162
0.3583253
0.10776856
0.09889289
0.04010857
0.1609519
0.31183103
0.07143341
0.13178787
-0.26617447
-0.09191337
0.5979302
-0.1717468
0.017911438
-0.09309855
-0.39297488
0.17177248
0.13055645
-0.000858791
0.08196743
-0.10854842
-0.034024626
0.055469114
0.004354858
-0.07236885
0.15697475
0.35208863
-0.07522741
-0.05394387
0.23417263
0.25724173
0.09244601
0.11253759
-0.103119865
-0.49171084
-0.17722376
0.30327344
-0.079589106
-0.042127375
0.051415715
0.0087985275
0.334169
-0.14996417
0.06030798
-0.004963542
0.05509462
0.08956547
-0.0069597024
-0.012552356
-0.17431597
0.022545747
0.45279622
-0.044144657
-0.024933942
0.09266475
-0.11848609
0.41777107
-0.046232305
-0.10005361
0.09626519
0.28118032
-0.020931264
-0.0071585127
-0.079019345
0.012861799
0.1437831
0.3610465
0.036391415
-0.13856722
0.049173865
-0.06324499
-0.046140708
-0.14387466
0.0032437658
-0.08230972
-0.0006780829
0.06617589
-0.13199484
-0.071510404
0.21853629
-0.04043107
0.35667053
-0.05631509
0.4645697
-0.032035343
-0.14719296
0.3086912
0.26170188
0.32491565
-0.5496149
-0.35408956
0.5929233
0.050278753
0.038048644
-0.027298272
-0.07982146
0.16690531
0.23187982
0.43932414
-0.25027213
-0.26735184
0.48242566
-0.08631301
0.032738164
0.18557902
0.08391216
0.50799906
0.05972052
0.054808598
-0.0027518857
-0.04143964
0.3267905
0.047119346
0.032661386
0.09808436
0.16682741
-0.09716664
-0.025684677
0.10952679
-0.07973565
0.17410062
0.05681505
0.19209968
-0.06763287
-0.1372491
-0.2139197
0.324331
0.1438986
0.12145687
0.105105735
0.0234527
0.3100298
0.02040899
-0.08745937
0.11818478
-0.0111219315
0.30046636
0.051632088
-0.106100515
0.22532867
-0.1351066
0.31901392
-0.006491803
0.07289632
0.028237248
0.05404613
0.3220178
0.0016402805
0.0799944
0.02030706
0.09625889
0.3437638
-0.064862944
0.252077
0.31677678
0.06702411
0.2847282
-0.06907262
-0.0022637455
0.09315409
0.014113276
0.2637378
0.12938018
0.09230026
0.071616374
-0.1750673
0.29958937
0.05261885
-0.13884021
0.21806493
0.09540894
0.17472675
0.07741247
0.23130737
0.2541625
-0.24065557
0.16908132
0.14807156
0.21355
0.13131487
0.3144313
-0.004401867
-0.06397943
0.060039073
-0.021301024
-0.70124304
0.22303048
0.21955311
-0.14061853
0.036330182
-0.016975565
0.23933831
0.14452296
0.12593691
-0.021987043
0.18672499
0.21363299
0.36118072
-0.015960444
-0.09365914
0.08705519
0.22662283
0.14369053
0.3579509
0.21657072
0.13822596
0.11054405
0.18536009
0.10044013
-0.85569185
0.28476351
0.19742829
0.075525016
0.18866302
-0.02827689
0.006584668
0.23814201
0.0137655325
0.057576224
0.10036219
-0.09012285
0.012156488
0.086383425
0.44610804
0.07520044
-0.13095312
0.2047407
0.10199391
0.18657517
1.9241806
0.4012085
0.37666875
0.06490531
0.19694565
-0.032559372
-0.074282244
-0.027034467
0.10200193
0.25838184
0.017190797
0.2045235
-0.014154971
0.114561506
0.024624374
0.20533746
0.07258264
0.060958367
0.06452909
0.46624595
-0.046139725
0.1763808
0.50851995
0.06457623
0.052091762
0.08923466
0.042530403
0.06224726
-0.0773229
-0.9029959
-0.4412245
-0.10829776
0.36656496
0.20817769
0.2629139
0.2347982
-1.5452728
0.2924358
0.8134411
-0.07789929
-0.018524747
-0.07290413
0.026784176
-0.011004672
-0.03280167
0.22277333
0.08692752
0.1610758
0.22563337
0.024651214
0.12830164
0.001174409
0.28187287
0.06226313
0.5721419
-0.12464314
0.2298379
0.18731649
0.44449595
0.026454858
0.198069
0.17838342
-0.08164062
0.5039409
-0.11658006
0.11015454
0.040561616
0.15428539
-0.11595565
0.17795675
-0.0359276
0.17460741
0.6819251
0.30645514
0.6431471
0.020134337
0.26070896
-0.08637016
0.18644418
-0.050755814
0.38005495
0.079094015
0.077904105
-0.030931052
0.2478384
-1.9484748
0.31609017
0.22203521
0.06676956
0.3379509
-0.07891504
0.15170358
0.29399708
0.06536004
-0.814877
0.12200399
-0.12805481
-0.09859009
0.32192096
0.0074467505
0.25716254
-0.011870759
-0.019549511
-0.09340629
0.19658607
0.010377487
0.20706812
-0.13658302
0.39119637
-0.13697506
0.21372437
0.2154869
0.26231018
-1.8505448
0.17115456
0.09437475
0.18887591
0.083832584
0.19852614
-0.121192686
0.4637296
0.09832373
0.14899077
0.5667968
0.22514775
-0.23556656
0.25078884
0.07527198
0.24833289
0.23447877
0.3952903
-0.021703234
0.01151549
0.44225293
0.6330404
0.37041712
0.08952302
0.27740267
0.36459023
-0.077714354
0.45195758
0.17795368
0.30688405
-0.18810996
0.4660339
0.15948687
0.02495065
-0.17811465
0.23017879
0.04584439
0.45261738
0.14189768
-0.15774865
0.52953297
0.050603643
0.0574424
0.13215028
0.18746892
0.16812101
0.20128334
0.21258922
0.28641716
0.06963508
0.20968406
0.5186881
0.1402599
0.22087355
0.5830052
0.28105935
-0.6278601
0.10408404
0.02192464
0.2804378
0.44782713
0.030415969
-0.05305391
-0.038457967
0.18731488
0.11916284
-0.04002629
0.26939628
0.47098976
0.13666998
0.0690263
0.21317722
0.16834246
0.2844109
0.0774384
0.007142502
-0.022540925
0.14308104
-0.42958248
0.08891843
0.25507456
0.8185563
0.2797489
0.14353722
0.14042486
0.46707693
-0.06592316
-0.29172665
0.11100323
0.022917375
-0.12265261
0.10240362
-0.014002084
-0.20967044
0.03225118
-0.53268486
0.23182325
0.19678861
0.39649916
-0.9875432
-0.03255687
0.05327728
1.7145827
0.3893827
-0.25202635
0.18711467
0.24337918
0.35470012
0.4271411
0.094171494
0.004705877
0.14112769
-0.111683555
0.28610155
0.16342919
0.05664232
-0.16866775
-1.1219808
0.13195303
0.09851904
-2.602448
0.27801135
-0.07575292
0.09949519
0.11893527
0.47674426
0.17313431
0.09117943
0.07320917
0.1938736
0.036319584
-0.11887805
0.11646039
-0.112264656
0.042581275
0.41525462
0.004055108
-0.078327134
-0.013149292
-0.21269678
0.104951754
0.1475934
0.48517802
-0.069445156
0.32273695
0.09128888
0.2190295
-0.09961478
0.13703373
0.2451824
0.046344027
0.32574898
-0.07810371
0.44194615
0.7941883
0.0741589
0.06758114
0.23436865
0.27239203
-0.49939927
0.17426059
-0.12955612
-0.17607476
-0.080147296
0.34421247
-0.09192108
-0.071550764
0.3697723
0.23888884
0.19953035
-0.06289655
-0.0015140685
1.4545882
0.2142111
1.2831221
0.012301177
0.014915716
0.3853062
0.21315897
0.3540877
-0.029080724
0.07975028
0.21841334
0.28713974
-0.06902725
0.01216542
0.020400027
-0.016637405
0.08769823
-0.0141130695
0.21018818
0.11632637
0.124126926
0.118706286
-0.08721276
0.03635218
0.3229049
0.2528118
0.037037276
0.018065486
0.06503744
0.16188464
-0.0024900443
0.40694213
0.12298217
-0.13330138
-0.038305786
0.14524806
0.17714903
0.0603951
0.33168945
0.10260416
0.27965456
0.08800101
0.17551725
0.13194646
0.020944176
0.0698125
-0.5972771
0.097813204
0.4343333
0.27830723
0.22437006
0.076611236
0.07815731
-0.01702622
0.3331037
0.117779896
0.05511909
0.045700148
0.13315868
0.31929225
0.20157082
0.15241022
-0.025666682
-0.122489676
0.32073888
0.19113123
0.36369097
-0.07047324
0.08488111
-0.56391495
0.28702626
0.22513054
0.0018590761
0.24535158
0.09331244
0.13715617
0.3409658
-0.15296356
-0.078223124
0.1557767
0.16550459
0.40386114
-0.1058577
-1.0028999
0.010006056
-0.06335922
0.06708813
0.024592016
0.07968489
0.05445227
0.1338455
-0.0065780804
1.7002742
0.11216201
0.18501425
-0.025081033
0.04857155
-0.031405006
0.24998258
0.08504393
-0.09817566
0.34242803
0.38630947
0.17999646
0.11483988
0.029804247
0.19423367
0.2507444
0.06318937
-0.16937928
0.0671459
0.13916439
-0.113699734
-0.02013807
0.029132832
0.114761844
-0.47834978
-0.004663831
0.04361817
0.3466995
0.0681163
-0.010530964
0.38215384
-0.1184062
0.0015749631
-0.22182474
0.4935631
0.1539307
-0.17940217
0.30847278
0.43873373
-0.2595356
0.047812503
-0.0076387865
0.024304572
0.11113747
0.10893818
0.18336974
0.067460895
-0.24172303
0.38463247
0.0834223
-0.0066216313
-0.10136226
0.094630525
0.14602683
0.22104698
0.097675286
0.26442423
0.2357857
-0.8175959
0.071635865
0.19374059
0.26131508
-0.13728315
0.07317756
0.8606298
0.048474126
0.2127138
0.11062531
0.29559425
0.36325568
0.05298518
0.24105869
0.11825927
0.20138173
0.11882733
0.45010915
-0.4528146
0.17474899
0.16130501
0.31346655
0.08246732
0.079756625
0.43448818
-0.1617696
0.09123204
0.22209269
0.16106892
0.52171487
0.211955
0.09800013
0.3965138
0.2959877
0.8068011
-0.09504375
0.44542006
0.05672338
-0.07448979
0.2769504
-0.03726658
0.20992431
0.03556886
0.15731284
-0.07995668
0.1248837
-0.1637007
0.7316094
0.42639256
-1.0862602
0.03857484
-0.08707596
0.11960926
0.14720595
-0.075113826
0.4266055
0.1680397
0.10617773
0.35800967
0.18071884
0.250233
0.056094646
-0.14667162
0.14669672
0.33658794
0.0044159857
-0.68116987
0.667746
0.02097563
0.12093494
0.27945963
-0.085074835
-0.0755493
-0.047794405
-0.50601846
0.5551942
-0.074805446
0.2978772
0.028435243
0.03019994
0.39791477
-0.27041885
0.22302032
0.219243
0.23995909
0.0062323143
0.22228253
0.2104431
0.47970265
1.3556049
0.372153
0.1422335
1.1738194
0.18640521
0.8041831
-0.23238969
-0.9930761
0.3727306
0.4140649
0.82813555
0.63374346
0.12627527
0.2254928
0.3983322
-0.45360115
-0.09809333
-0.16164279
-0.16437376
-0.09113344
-0.15224563
0.004687252
0.26604512
0.4640676
0.13088337
0.17487314
0.13748606
0.054116216
1.1015072
0.26326573
0.85685146
-0.04089519
-0.06802058
0.07040076
0.07240499
0.10358594
-0.085763246
0.17527357
0.06538113
-0.0038284715
-0.054659996
0.06060894
0.01618952
0.25420862
0.22935018
-0.07998418
-0.049848963
-0.6867982
-0.022177348
-0.18960209
0.7515833
-0.18987791
0.40923852
0.23910968
0.069217004
0.09742733
-0.12155353
0.24979743
0.048321817
0.24156883
-0.14963134
0.22476241
-0.08943698
0.33628115
0.39374354
0.4149686
0.10878475
0.8331304
0.021441083
0.39304405
0.31039494
0.12119072
0.21652497
-0.10912221
0.008700435
-0.47513667
0.29393739
0.059445783
-0.14257628
-0.07954924
0.17396474
0.09661801
-0.027714526
0.18878472
0.0039456394
-0.43311232
0.09125991
0.47538197
0.0016864089
0.34072322
-0.8325902
0.6358885
0.12688823
-0.32418606
0.11882751
0.08719312
-0.116001345
0.4709504
0.15901655
-0.38087803
0.034206126
0.10013068
0.16172627
0.042432208
0.17780732
-0.17436758
0.06324657
0.24850632
-7.596497e-05
0.19895522
0.5840286
-0.06486171
0.16461222
0.14781886
-0.060410954
0.33285233
-0.07483853
0.6783794
0.30087295
0.141363
-0.026410444
0.012517515
0.95910794
-0.47547936
0.68778056
0.41337296
-0.08408446
-0.03613741
0.4195451
0.3789892
-0.13104722
-0.35814348
0.18835348
0.06386932
0.046721965
0.13022308
0.18317066
0.15200019
0.89467704
-0.2822347
-0.1794687
0.30833307
0.18504575
0.08620766
0.37383094
0.18228315
-0.33169413
0.0936938
0.3400104
-0.23777568
0.4374525
-0.020733574
-0.11660405
-0.12212529
-0.018138029
-0.060315736
-0.05227969
0.2323096
0.24055198
0.1231483
0.23866063
0.10084606
0.7218814
0.41092348
0.32290488
0.11109871
-0.06606971
-0.09244012
-0.27001598
0.13865198
0.42131847
-0.35622928
0.13714717
0.17955558
0.041877247
0.21053551
-0.051190272
0.086733386
0.23204337
0.25748023
-0.010360476
0.09015582
-0.06697899
-0.47748855
-0.17766854
0.3264236
0.10510811
0.15969378
0.2930302
-0.54357004
0.18669222
0.19173671
0.65870875
-0.16374493
-0.06976669
0.09420807
0.47693434
0.2185796
0.1971716
0.089761555
0.37240183
0.09707323
-0.0010006629
0.5020048
0.071722254
1.0846119
-0.11964669
-0.06177689
0.36208403
-0.16287267
1.002595
0.33664432
-0.04492006
0.24019234
0.08448879
0.2815869
-0.038252838
-0.014976785
0.14290875
-0.11612447
0.18306686
0.009613768
-0.069964364
0.30321077
-0.08915256
0.29564324
-0.021748161
-0.008708978
-0.092028886
-0.9626673
-0.18337563
0.016489571
-0.01614819
0.03560118
0.19483306
0.08481868
0.2800069
0.015839089
0.06335458
-0.46073118
-0.4502207
0.7758956
0.041427214
0.34165397
-0.33517393
0.39014956
0.1619757
0.176176
0.15357783
-0.5130611
-0.26044503
-0.07393143
-0.43591738
0.022099411
0.18874244
0.26307938
-0.1802814
0.6759207
0.24096154
0.58755004
0.43416452
-0.036987275
0.31209424
0.06255515
0.25766852
-0.06626579
-0.53065664
0.54806715
-0.48383635
-0.58373034
0.26973522
-0.09427794
0.091331065
0.022820836
-0.212036
-0.057766728
0.18249963
-0.0755773
-0.16395764
-0.11527757
0.19238327
0.6633919
-0.062640816
0.18907838
-0.16422608
0.25574818
0.017844604
0.34353185
0.14663686
-0.03814736
0.24859898
-0.035029966
-0.01999281
0.40817198
0.107062496
0.098661505
-0.62456185
0.05003059
0.16101499
0.1856251
-0.048053414
0.38212106
-0.24484359
0.26437166
0.017324703
0.4499882
0.13084531
0.14702828
-0.5775555
0.05483613
0.030076092
-0.4501732
0.13873008
0.122352555
0.28035966
0.25374845
0.18201864
1.0063515
-0.3283785
-0.013150121
-0.64007366
0.23757537
-0.044608064
0.03533966
-0.034873426
0.0749197
0.2949841
0.17343003
0.41653574
-0.08367609
0.11136048
-0.38539585
0.42095485
0.6595499
-0.047426138
0.08538872
0.46433914
0.114488915
0.51797396
0.13562922
-0.037048806
0.26137385
0.076745
0.84100133
-0.023914859
-2.0009058
-0.08131764
0.0020358402
-0.047844805
-0.122476146
0.19196539
-0.091434926
0.13258274
0.21959706
0.44300225
0.052939482
0.16090544
0.2753359
0.25316185
-0.04522461
0.32485312
0.5971357
-0.09471023
0.8323122
0.11312165
0.0625366
-0.29564732
0.15763055
0.15285398
-0.8594215
0.1158958
-0.013853608
0.24053094
0.047903404
-0.095131755
0.05915219
0.22888781
0.056480892
-0.3976128
-0.6415299
-0.13068673
0.23928683
0.1802741
-0.4537696
-0.074675635
-0.0075769797
0.15236102
0.1730048
-0.23958908
-0.15813836
0.15048605
0.5864499
0.4338262
0.09609994
0.14263496
-0.07769173
-0.14614634
-0.10257186
0.3519638
-0.67608255
0.04750488
-0.49884686
0.4275397
0.20896874
-0.17157619
-0.017643746
0.023173485
0.053880725
0.085156456
0.07758512
0.097823955
0.09345302
0.019491097
-0.19724034
0.1414287
0.28849334
