18
1
1
50
-0.0279738
0.197645
-0.130475
-0.22728
0.0932354
0.151324
-0.0750743
-0.113367
0.065499
1.8032
-0.272173
-0.109551
0.260506
0.0481671
-0.0107582
-0.112976
-0.119038
-0.118624
1.86739
-0.175448
0.0210487
-0.12259
-0.095249
-0.0763766
-0.00866641
0.17713
0.0298582
-0.0830466
0.0393318
0.0541099
0.119894
-0.122659
0.00331014
-0.0885919
0.045703
0.0574564
-0.0653066
0.1
-0.155337
0.0151338
-0.101435
-0.0884786
-0.0920989
-0.0884154
0.0915618
-0.0639705
-0.0918353
0.117784
-0.0702701
-0.0324796
0.0968786
-0.0160531
-0.039846
0.0905762
0.105899
-0.0211774
0.1
-0.0817062
0.310097
0.103314
-0.124818
0.00301825
-0.086648
0.105967
0.0338376
-0.0827091
1.80361
-0.213237
0.133963
-0.0446378
-0.0198723
-0.118908
-0.0799158
0.0343202
0.074549
1.91901
0.0215548
-0.0822894
-0.0479382
-0.00260192
-0.0321016
0.0420816
-0.0621863
0.00534619
0.0965291
0.0659957
0.00500136
-0.0153958
0.034115
-0.0870717
0.12315
-0.0274771
0.0218282
0.112763
0.1
-0.0821698
0.252868
0.00678205
-0.221016
-0.0551836
-0.138797
0.0767334
0.0353294
0.0714813
1.94547
-0.136829
-0.0926223
-0.0755485
0.0323874
0.0285669
-0.0433122
0.0200408
0.0373007
1.92179
0.0071774
-0.0612879
-0.129976
-0.0487467
-0.106813
-0.07387
0.0826681
-0.0280417
-0.0163383
0.146757
-0.145513
0.115559
-0.0459426
0.141005
0.0273798
0.150192
0.034848
0.0824926
0.1
-0.0920123
0.458543
-0.00338175
-0.155024
-0.0514766
-0.0316929
-0.024793
0.0819032
0.110585
1.86581
-0.198475
-0.051823
0.118061
0.102945
-0.020053
-0.0638096
0.00513739
0.105526
1.92873
0.0318092
-0.0264956
-0.075466
-0.0305872
0.000186491
0.0435337
0.0493684
0.00171655
0.120506
0.172085
-0.00878568
-0.0875593
0.0107504
-0.0478125
0.138623
0.0568343
-0.0136712
-0.138368
0.1
-0.0664515
0.22915
0.0451801
-0.0970641
-0.00159979
0.061867
-0.0514239
0.0375278
0.199319
1.64126
-0.0592483
-0.086544
0.113634
-0.051934
-0.0820367
0.0649473
-0.0498673
-0.0272992
1.9134
-0.00631892
0.0243578
-0.0434353
-0.0221081
-0.0475659
-0.14006
-0.07398
0.0733726
-0.195986
0.117994
-0.0430502
0.0914497
-0.056109
-0.0824991
-0.0640867
-0.138781
0.0341934
-0.0248893
0.0960462
-0.130562
0.203164
0.0878129
-0.0637559
-0.0169165
-0.204527
0.159218
0.0229896
-0.0340855
1.89133
-0.105592
0.0124906
0.153706
0.0645232
0.0731587
-0.00195457
-0.102158
-0.129163
1.94976
-0.0888474
0.171368
0.0796332
-0.249541
0.0716167
-0.0157995
-0.138808
-0.164915
-0.0337487
1.64512
-0.213629
0.0560668
-0.0443297
-0.048209
0.0441311
-0.0110727
0.135007
-0.0115693
1.92376
-0.0657463
-0.103055
-0.10645
-0.0177218
-0.0058063
-0.117684
-0.176732
-0.123059
-0.0138036
0.0200309
-0.0387607
0.130933
-0.0473265
-0.0155749
-0.120959
-0.153927
0.00511327
-0.0991256
0.1
-0.0841742
0.0542243
-0.0177672
-0.371099
0.157678
-0.094005
0.0310051
-0.0188805
-0.0570085
1.85735
0.0203666
-0.0257849
0.0741993
0.142328
0.134
0.0557177
0.119406
-0.0849967
1.92395
0.0179615
0.344103
-0.0694845
-0.0687229
0.0599454
-0.254619
0.0463103
-0.0237604
0.100015
1.82502
-0.116765
0.0275081
0.0154081
0.0898666
0.00854914
-0.0593386
-0.177095
-0.0182134
1.8873
-0.189417
0.00798382
-0.157137
0.10279
-0.00922095
0.101895
-0.147138
-0.0150203
-0.00333374
-0.0406897
0.0412038
0.0648431
-0.106465
0.0882222
0.160306
0.0252848
0.084449
-0.013488
0.1
0.00918945
-0.0274667
-0.165371
0.145628
0.193052
-0.110069
-0.122415
0.0369011
-0.0421707
0.0995798
0.0772198
0.140497
0.0705988
-0.078156
-0.0366149
0.046082
-0.00379416
-0.0589062
0.1
-0.105606
0.329964
0.0623404
-0.224902
0.185713
0.0118072
-0.140908
0.0674371
-0.117597
1.90908
-0.0562119
0.0348991
0.079646
-0.117513
-0.0989125
0.00168895
-0.0614924
-0.0147799
1.93354
-0.0418765
0.0487343
-0.0137837
-0.250985
0.15927
-0.263878
-0.0114471
-0.0557738
0.11179
1.71473
-0.140695
0.0550403
-0.0479784
-0.0292769
-0.199872
0.13648
-0.053611
-0.156395
1.90542
-0.138049
0.24755
-0.0313273
-0.322692
0.155487
-0.144177
0.111356
0.130775
-0.0138966
2.01445
-0.0270668
-0.0505375
0.218934
0.0907868
-0.0432256
0.158281
-0.131869
-0.0114183
1.95172
-0.0977996
0.170701
0.0646051
-0.359479
0.107142
-0.0340159
-0.031925
0.0175783
0.0326864
1.9073
0.00679658
0.0938043
-0.053284
-0.0330382
-0.0569531
0.0107806
0.0656361
0.0557641
1.92905
-0.0332704
0.298722
-0.0039244
-0.250481
0.0960929
-0.0403532
-0.0781414
0.00922356
0.0123826
1.77806
-0.216447
0.0716393
0.0466819
-0.157569
-0.0307312
-0.028764
0.0951865
-0.0205303
1.9014
-0.031481
0.230265
0.00431349
-0.0707731
-0.0229431
-0.197892
0.153513
0.026183
-0.115777
1.74943
-0.200907
0.0362567
0.046526
-0.0774299
-0.0071377
0.159384
-0.0274694
-0.0776176
1.90037
-0.0258591
0.0817797
-0.0205416
-0.0147799
0.0372625
-0.0500054
-0.0212315
-0.178258
-0.0609535
-0.11165
-0.10953
-0.112591
-0.0742095
-0.00611146
-0.0166374
0.0221885
0.0677903
-0.00440478
0.0771648
-0.00409325
0.103379
-0.138987
0.0340967
-0.0465332
0.0771661
-0.0325537
-0.0310343
-0.0103468
-0.140103
-0.0673416
-0.0182242
-0.0151276
0.00734054
-0.0755773
-0.0472385
0.0500207
0.0616052
0.1
-0.111594
0.287887
0.0269511
-0.253499
0.0111155
-0.0618597
-0.0567463
0.127222
-0.0129659
1.76138
-0.149037
0.0718602
0.0631435
-0.100045
0.0647229
-0.0428034
-0.0175829
-0.0830206
1.9372
0.0425917
0.182762
0.0748897
-0.120939
0.164672
-0.0985251
-0.176437
-0.0655284
0.190429
1.6611
-0.093
0.177786
-0.0143022
0.00295342
-0.186208
0.0338424
-0.0245656
0.144779
1.87579
-0.118603
0.317206
0.00690371
-0.254243
0.186714
-0.178741
-0.0195495
0.00104387
-0.121456
1.83204
-0.186164
0.0876593
0.0691115
0.147796
-0.0585041
0.0918416
-0.0998512
-0.0183208
1.9405
-0.166707
0.313217
0.00614573
-0.0970098
0.057952
-0.0760637
-0.0795492
0.0872997
0.169743
1.87597
-0.0584842
0.00703917
-0.0350568
-0.00174862
-0.148152
-0.0830735
-0.105253
-0.0691304
1.9681
-0.536139
2.14465
0.511179
-1.90263
0.865175
-0.326592
-0.165004
0.0868856
0.0111495
-0.86715
-1.21276
0.0976602
0.525892
-0.151982
0.0715389
0.00510204
-0.00333779
0.0366143
-0.820568
-0.0455796
0.101044
-0.0124055
-0.085008
0.102244
-0.0911104
0.10936
0.0258459
-0.071136
1.69293
-0.144885
0.0458989
-0.10003
0.0865482
0.102116
0.120437
0.0143618
-0.000585344
1.90721
-0.0791629
0.250333
0.0382836
-0.295826
0.258611
-0.153386
0.0840578
0.14117
-0.0477418
1.77735
-0.0946551
-0.153501
0.230466
-0.0920454
-0.0774125
-0.0608604
0.0564238
0.0890875
1.9191
0.0323866
0.280018
0.0865807
-0.22657
0.0901092
-0.209478
-0.0239453
-0.0409944
0.0391744
1.72317
-0.0864329
-0.105876
0.099865
-0.19978
0.0259275
0.0564559
-0.197516
0.0729192
1.87757
-0.044764
-0.111295
-0.0599406
-0.049469
-0.134625
0.0639029
-0.0371359
0.159382
-0.00634639
0.0728276
-0.0369802
-0.0946836
0.0330011
0.0288743
0.035916
0.000752169
0.0529308
-0.136446
0.1
0.0602892
0.0279374
-0.110632
-0.153073
-0.077547
-0.0864273
-0.0405126
-0.126233
0.132644
0.0886552
-0.0887205
0.0700578
-0.0689628
0.0817279
-0.109738
0.105505
0.119858
0.16905
0.1
-0.0622213
-0.027801
-0.0947805
-0.123555
0.155561
0.0192739
0.0703435
-0.0696115
0.0571796
0.078944
-0.0359484
-0.0100457
-0.0694452
0.124444
0.0158762
-0.119752
-0.125737
-0.096183
0.1
0.0184857
0.0665888
-0.150309
0.0748869
0.0161303
-0.111326
0.0508725
-0.0212554
0.0246609
-0.119332
-0.00657317
0.149108
0.0356012
0.026914
0.085703
-6.18424e-05
0.173417
0.0678755
0.1
0.348292
-0.0922778
0.00615557
-0.307362
0.356192
-0.0334075
-0.170951
-0.0783641
0.118272
0.129117
0.340266
0.0453679
-0.0776307
-0.0600818
-0.119128
0.0161484
-0.039645
-0.0518505
0.171708
0.0416088
0.0621051
-0.0603991
0.146226
-0.0904551
0.0557225
-0.0275516
0.112491
-0.000630046
0.053018
-0.180772
-0.171996
-0.0244119
0.131655
-0.182615
-0.0485508
-0.0574397
-0.0640532
0.1
-0.0776725
0.185432
0.0177518
-0.308859
0.24908
-0.146972
0.102335
0.0528466
0.0655294
1.82122
-0.300986
-0.0907634
0.108902
-0.0638278
-0.0443828
0.0624089
0.0981994
0.123683
1.91939
0.115242
-0.122991
-0.0792341
0.084512
-0.181155
-0.170815
-0.109398
0.178532
0.0405157
0.190261
0.000601783
-0.0954703
0.0522644
0.0364125
0.155281
0.00537682
0.0275091
0.151806
0.1
-0.0575509
0.0551585
-0.0437276
-0.032041
0.0177656
0.0577733
-0.151644
0.114325
-0.0117143
0.115528
0.11511
0.117561
0.0183963
-0.0467212
0.126314
0.106257
-0.0421684
-0.0375407
0.0866199
-0.31084
0.0408559
-0.0117175
0.341509
-0.243623
0.0323928
0.0769336
-0.0563021
0.0458177
-0.165906
-0.302986
0.0805596
0.0693495
-0.0484505
-0.151287
-0.147479
0.127566
0.0806237
-0.0651608
-0.0353853
-0.0619919
-0.071992
0.0810355
0.102566
-0.147473
-0.0361864
0.081417
0.0791433
0.039098
0.094934
-0.116869
-0.112963
-0.00985989
-0.0100218
0.130054
0.034468
-0.143844
0.1
0.0320633
-0.096689
-0.0688627
-0.0704386
0.107062
-0.0162016
0.0111616
-0.159284
0.0193768
0.0274701
0.0873641
-0.0722765
0.0032267
-0.0993735
-0.0629685
0.0164728
0.0646029
-0.111385
0.1
0.438324
-0.0671922
-0.0321965
0.203156
-0.253414
0.0813977
0.150945
-0.0166776
0.0469771
-0.104969
0.170163
0.638931
0.061495
0.142595
-0.0521122
0.0065993
-0.022245
0.118496
-0.0339862
0.0156335
0.276295
-0.0155743
-0.233234
0.0883156
-0.128982
-0.04348
0.0739213
0.0604
1.85097
-0.173091
0.189221
0.103417
0.0164655
0.0717709
0.0662146
0.050366
0.0976876
1.88633
0.0846829
0.07926
-0.0582025
0.056184
-0.0528713
0.0296277
0.0420772
0.159299
-0.0580384
-0.0213993
-0.0846642
0.00927843
0.0864459
-0.00479027
0.00346928
0.0016155
-0.175022
0.0264552
0.1
-0.0960841
0.23919
-0.0127158
-0.191292
0.0843777
-0.0179007
-0.0133846
-0.130363
-0.187306
1.9746
-0.244261
-0.0254844
0.0391357
-0.104867
-0.0522803
0.0208524
0.114501
0.0321762
1.9633
1.18034
-0.175448
-0.155337
0.760621
0.0215548
0.956833
0.0071774
0.926445
0.0318092
0.846307
-0.00639536
0.765398
0.775433
-0.0657463
1.00855
1.23631
-0.189417
0.00918945
0.839226
0.99845
1.06009
0.829798
1.01531
0.969518
-0.00812705
-0.00409325
0.891356
0.873793
0.919354
0.937742
-2.61056
0.987591
0.878722
0.856951
-0.044764
0.0602892
-0.0622213
0.0184857
0.41742
0.0416088
0.938101
0.115242
-0.0617933
-0.418247
-0.0353853
0.0320633
-0.114681
1.08252
0.0846829
0.989919
1.79187
